0 0.265625 0.190625 0.121875 0.159375
0 0.19921875 0.36484375 0.1828125 0.1703125
0 0.1203125 0.58359375 0.18125 0.1828125
0 0.0921875 0.75703125 0.178125 0.1296875
2 0.3640625 0.22265625 0.09375 0.3359375
2 0.26640625 0.64609375 0.0984375 0.2859375
0 0.78984375 0.73671875 0.0953125 0.1578125
0 0.8984375 0.90390625 0.153125 0.1328125
0 0.8984375 0.53203125 0.13125 0.1609375
0 0.81015625 0.3640625 0.0890625 0.1125
0 0.63515625 0.1765625 0.0828125 0.125
0 0.64296875 0.06171875 0.0921875 0.0765625
