0 0.2421875 0.22578125 0.15625 0.2203125
0 0.1453125 0.4890625 0.225 0.296875
0 0.0828125 0.7984375 0.1375 0.240625
2 0.26875 0.58203125 0.128125 0.2921875
2 0.38046875 0.21953125 0.0921875 0.3734375
0 0.6796875 0.1046875 0.134375 0.128125
0 0.7 0.24375 0.190625 0.1125
0 0.76796875 0.38515625 0.1640625 0.1421875
0 0.8375 0.56171875 0.225 0.1421875
0 0.8828125 0.746875 0.2125 0.1375
0 0.90234375 0.86796875 0.1671875 0.0765625
0 0.88671875 0.9625 0.0671875 0.059375
2 0.1484375 0.89453125 0.128125 0.1328125
