0 0.29921875 0.1421875 0.1390625 0.10625
0 0.18671875 0.32578125 0.1484375 0.2328125
0 0.10703125 0.5984375 0.1984375 0.278125
2 0.3390625 0.34921875 0.0875 0.2359375
2 0.2484375 0.66640625 0.125 0.3296875
2 0.37890625 0.1140625 0.0265625 0.153125
0 0.83828125 0.440625 0.0859375 0.103125
0 0.91796875 0.56640625 0.0703125 0.0953125
0 0.7546875 0.47265625 0.059375 0.0921875
0 0.78046875 0.60078125 0.0890625 0.0703125
0 0.7859375 0.68984375 0.065625 0.0703125
0 0.64921875 0.0609375 0.1171875 0.103125
