0 0.25234375 0.259375 0.1796875 0.28125
0 0.1375 0.53359375 0.18125 0.2390625
0 0.0859375 0.78515625 0.14375 0.2140625
2 0.35234375 0.24921875 0.1234375 0.3328125
2 0.28515625 0.61796875 0.0828125 0.3234375
2 0.1734375 0.8765625 0.09375 0.121875
0 0.659375 0.10234375 0.11875 0.1328125
0 0.7078125 0.26484375 0.146875 0.1203125
0 0.77734375 0.42890625 0.1765625 0.1328125
0 0.83828125 0.590625 0.2390625 0.11875
0 0.90078125 0.76484375 0.1765625 0.1234375
0 0.90859375 0.9109375 0.1328125 0.13125
2 0.48046875 0.2703125 0.0546875 0.0875
