0 0.29453125 0.17890625 0.1234375 0.1484375
0 0.2234375 0.39453125 0.190625 0.1890625
0 0.15859375 0.60234375 0.1953125 0.2109375
0 0.07265625 0.82421875 0.1234375 0.1859375
2 0.35703125 0.2546875 0.1234375 0.484375
2 0.29765625 0.66171875 0.1171875 0.2453125
2 0.20234375 0.9 0.0734375 0.18125
0 0.77578125 0.33984375 0.1296875 0.0546875
0 0.87578125 0.4421875 0.1671875 0.109375
0 0.8984375 0.54609375 0.140625 0.0671875
0 0.94296875 0.6921875 0.0734375 0.115625
0 0.76953125 0.54453125 0.0796875 0.0640625
0 0.66015625 0.07421875 0.1140625 0.1046875
0 0.671875 0.19765625 0.103125 0.1265625
