0 0.31015625 0.1828125 0.1296875 0.10625
0 0.253125 0.36015625 0.1625 0.1890625
0 0.1515625 0.6109375 0.171875 0.259375
0 0.078125 0.8515625 0.096875 0.21875
0 0.3546875 0.0578125 0.08125 0.1
2 0.38046875 0.23046875 0.0828125 0.3046875
0 0.703125 0.16015625 0.1375 0.1515625
0 0.89765625 0.60390625 0.1671875 0.1953125
0 0.91953125 0.8234375 0.1171875 0.16875
0 0.83046875 0.4421875 0.1484375 0.10625
0 0.7234375 0.30859375 0.078125 0.1296875
0 0.64921875 0.0453125 0.1171875 0.065625
2 0.22421875 0.89453125 0.1390625 0.2015625
