0 0.28828125 0.18125 0.1140625 0.25
0 0.17578125 0.45078125 0.2109375 0.2515625
0 0.09140625 0.73125 0.1484375 0.25625
2 0.26328125 0.62890625 0.1265625 0.3578125
2 0.35859375 0.2234375 0.1109375 0.3375
0 0.86484375 0.73203125 0.1640625 0.2390625
0 0.71015625 0.24453125 0.1671875 0.1640625
0 0.67265625 0.07890625 0.1296875 0.1203125
0 0.86171875 0.52109375 0.1328125 0.1578125
0 0.828125 0.37578125 0.08125 0.0828125
0 0.88671875 0.91875 0.1203125 0.10625
2 0.17578125 0.86953125 0.0609375 0.0953125
2 0.49140625 0.8703125 0.0484375 0.21875
