0 0.26796875 0.184375 0.1578125 0.146875
0 0.19609375 0.38359375 0.2359375 0.1984375
0 0.09765625 0.65703125 0.1796875 0.2921875
2 0.26015625 0.62578125 0.0984375 0.2890625
2 0.36953125 0.21171875 0.0734375 0.3890625
0 0.8875 0.759375 0.175 0.2125
0 0.6859375 0.146875 0.159375 0.15625
0 0.91484375 0.92421875 0.1421875 0.0984375
0 0.79453125 0.4984375 0.2296875 0.103125
0 0.71015625 0.26015625 0.1359375 0.0640625
2 0.1640625 0.87265625 0.1125 0.1265625
2 0.48515625 0.82109375 0.0734375 0.2453125
