0 0.28828125 0.11875 0.1453125 0.11875
0 0.23515625 0.29296875 0.2078125 0.1953125
0 0.14140625 0.48828125 0.2453125 0.1734375
0 0.12578125 0.6796875 0.2203125 0.171875
0 0.0921875 0.84453125 0.171875 0.1265625
0 0.875 0.67265625 0.215625 0.1703125
2 0.38203125 0.16015625 0.0703125 0.2515625
2 0.26328125 0.6453125 0.0765625 0.315625
2 0.17265625 0.88359375 0.0265625 0.0953125
0 0.90078125 0.86171875 0.1734375 0.1984375
0 0.72734375 0.28984375 0.1828125 0.1203125
0 0.7609375 0.39609375 0.215625 0.0796875
