0 0.26796875 0.16328125 0.1734375 0.1328125
0 0.19296875 0.35703125 0.1734375 0.2265625
0 0.09296875 0.6421875 0.1765625 0.25
2 0.240625 0.65234375 0.109375 0.3359375
2 0.34921875 0.22421875 0.1296875 0.3828125
0 0.79453125 0.41484375 0.1734375 0.1984375
0 0.6453125 0.065625 0.078125 0.1
0 0.79609375 0.59453125 0.1859375 0.1390625
0 0.81796875 0.753125 0.1640625 0.1625
0 0.946875 0.77421875 0.0875 0.1578125
0 0.87109375 0.91171875 0.2171875 0.1109375
0 0.690625 0.23984375 0.19375 0.0921875
0 0.68125 0.35390625 0.065625 0.1140625
0 0.6171875 0.146875 0.071875 0.040625
