0 0.29375 0.13984375 0.125 0.1421875
0 0.21640625 0.32890625 0.2046875 0.2015625
0 0.15390625 0.57109375 0.2359375 0.2328125
0 0.10546875 0.7859375 0.2015625 0.1125
0 0.80703125 0.47578125 0.2203125 0.1296875
0 0.75859375 0.31640625 0.1859375 0.1390625
0 0.69453125 0.16484375 0.1203125 0.0921875
2 0.3859375 0.20625 0.059375 0.353125
2 0.29296875 0.63359375 0.1078125 0.3140625
2 0.1828125 0.89609375 0.1125 0.1765625
0 0.659375 0.06328125 0.103125 0.1171875
2 0.49140625 0.75078125 0.0609375 0.3703125
2 0.509375 0.17734375 0.05 0.3203125
