0 0.3015625 0.16640625 0.16875 0.1390625
0 0.20703125 0.36171875 0.2265625 0.2078125
0 0.17421875 0.58984375 0.2578125 0.1765625
0 0.11015625 0.7921875 0.1828125 0.159375
0 0.86796875 0.6390625 0.2203125 0.221875
0 0.80546875 0.3984375 0.1796875 0.165625
0 0.721875 0.2265625 0.128125 0.1375
2 0.36640625 0.215625 0.0984375 0.390625
2 0.296875 0.63515625 0.075 0.2671875
2 0.2078125 0.8765625 0.075 0.18125
0 0.90234375 0.8609375 0.1640625 0.190625
2 0.55390625 0.653125 0.1921875 0.59375
2 0.51171875 0.1625 0.0765625 0.20625
