3 0.73203125 0.36484375 0.2015625 0.1203125
3 0.20390625 0.4921875 0.3546875 0.103125
3 0.57890625 0.13203125 0.2984375 0.0578125
3 0.296875 0.1765625 0.196875 0.05
2 0.23984375 0.73125 0.1515625 0.396875
2 0.36328125 0.3203125 0.1203125 0.253125
2 0.41171875 0.07421875 0.0859375 0.1328125
2 0.565625 0.05 0.04375 0.0875
2 0.6 0.25546875 0.06875 0.1578125
2 0.65625 0.51796875 0.065625 0.1671875
2 0.696875 0.728125 0.09375 0.20625
2 0.73515625 0.91328125 0.0765625 0.1234375
2 0.065625 0.375 0.03125 0.0375
2 0.02421875 0.421875 0.0296875 0.046875
