3 0.45703125 0.059375 0.4265625 0.08125
3 0.8234375 0.5734375 0.278125 0.071875
3 0.48046875 0.67109375 0.3359375 0.0734375
3 0.1421875 0.76953125 0.240625 0.0640625
3 0.684375 0.20390625 0.15625 0.0421875
3 0.4859375 0.275 0.2 0.1
3 0.2296875 0.3015625 0.24375 0.08125
2 0.378125 0.1640625 0.06875 0.184375
2 0.309375 0.515625 0.10625 0.35625
2 0.21171875 0.88828125 0.1140625 0.1640625
2 0.67890625 0.8390625 0.0984375 0.25
2 0.621875 0.49375 0.075 0.265625
2 0.1546875 0.20390625 0.090625 0.0953125
2 0.0484375 0.37265625 0.078125 0.1140625
