3 0.375 0.1609375 0.390625 0.1
3 0.1796875 0.26015625 0.15625 0.0359375
3 0.27109375 0.08203125 0.1234375 0.0484375
2 0.22265625 0.659375 0.1234375 0.2375
2 0.1640625 0.8859375 0.10625 0.171875
2 0.33359375 0.32265625 0.0984375 0.2453125
2 0.40390625 0.078125 0.0890625 0.14375
2 0.57421875 0.253125 0.0515625 0.18125
2 0.615625 0.54296875 0.090625 0.3140625
2 0.65078125 0.84140625 0.0953125 0.2578125
3 0.1578125 0.4765625 0.2625 0.059375
3 0.70234375 0.3453125 0.2078125 0.084375
3 0.4203125 0.37890625 0.165625 0.0609375
