3 0.3109375 0.0546875 0.175 0.053125
3 0.40703125 0.6453125 0.3421875 0.184375
3 0.45390625 0.24296875 0.2171875 0.0953125
3 0.178125 0.26328125 0.25 0.0515625
3 0.66171875 0.19921875 0.1421875 0.0421875
3 0.7984375 0.57421875 0.1625 0.0484375
2 0.284375 0.39765625 0.09375 0.1921875
2 0.22109375 0.59921875 0.0765625 0.1796875
2 0.1359375 0.85234375 0.1 0.2015625
2 0.625 0.81171875 0.065625 0.3015625
2 0.5734375 0.4015625 0.046875 0.278125
2 0.36953125 0.1359375 0.0703125 0.1375
2 0.5515625 0.12265625 0.046875 0.0953125
