3 0.371875 0.103125 0.36875 0.084375
3 0.3046875 0.32578125 0.490625 0.1015625
3 0.67890625 0.284375 0.1484375 0.053125
3 0.75390625 0.4875 0.2484375 0.1
3 0.8125 0.70859375 0.2625 0.1046875
2 0.19453125 0.671875 0.1953125 0.559375
2 0.34453125 0.2109375 0.0953125 0.21875
2 0.3984375 0.040625 0.065625 0.06875
2 0.55 0.19921875 0.046875 0.1734375
2 0.56953125 0.640625 0.0828125 0.63125
3 0.89921875 0.9203125 0.1484375 0.065625
3 0.053125 0.4125 0.0875 0.05
3 0.634375 0.11796875 0.10625 0.0453125
3 0.62109375 0.06875 0.1015625 0.0375
3 0.60859375 0.01953125 0.0765625 0.0203125
