3 0.51328125 0.125 0.1953125 0.0625
3 0.3078125 0.15 0.15625 0.04375
3 0.67109375 0.09921875 0.1015625 0.0203125
3 0.68515625 0.18515625 0.1546875 0.0390625
3 0.75625 0.3671875 0.18125 0.053125
3 0.80078125 0.46796875 0.2203125 0.0609375
3 0.8421875 0.60859375 0.23125 0.0640625
3 0.15390625 0.47109375 0.2921875 0.0734375
3 0.5265625 0.3171875 0.2 0.021875
2 0.259375 0.73515625 0.140625 0.4453125
2 0.3625 0.28828125 0.08125 0.2671875
2 0.4171875 0.06171875 0.05 0.1171875
2 0.65390625 0.57578125 0.0765625 0.2203125
2 0.69921875 0.84609375 0.1015625 0.2734375
