3 0.65390625 0.15625 0.1328125 0.053125
3 0.46953125 0.190625 0.1609375 0.078125
3 0.22890625 0.21015625 0.2109375 0.0734375
3 0.45546875 0.421875 0.2515625 0.071875
3 0.815625 0.4703125 0.134375 0.065625
3 0.6453125 0.43203125 0.046875 0.0453125
3 0.1265625 0.6109375 0.209375 0.1
3 0.31640625 0.021875 0.1265625 0.034375
3 0.2484375 0.109375 0.075 0.046875
2 0.2 0.79609375 0.121875 0.3015625
2 0.334375 0.3125 0.071875 0.190625
2 0.2890625 0.49921875 0.046875 0.1265625
2 0.6328125 0.5828125 0.065625 0.25625
2 0.57578125 0.28828125 0.0421875 0.1890625
2 0.38984375 0.0984375 0.0609375 0.134375
2 0.5515625 0.103125 0.028125 0.06875
