3 0.16328125 0.684375 0.2734375 0.096875
3 0.25625 0.26328125 0.228125 0.0609375
3 0.515625 0.25 0.246875 0.09375
3 0.72578125 0.203125 0.0890625 0.028125
3 0.83984375 0.48125 0.1671875 0.03125
3 0.52578125 0.5265625 0.3640625 0.090625
3 0.3484375 0.05703125 0.18125 0.0578125
3 0.521875 0.03828125 0.159375 0.0390625
2 0.34140625 0.41171875 0.0953125 0.2015625
2 0.30078125 0.59453125 0.0515625 0.0953125
2 0.2328125 0.8296875 0.103125 0.28125
2 0.403125 0.14765625 0.053125 0.1765625
2 0.62734375 0.3484375 0.0671875 0.225
2 0.59921875 0.1328125 0.0609375 0.11875
