3 0.7984375 0.525 0.2875 0.053125
3 0.3984375 0.7421875 0.278125 0.059375
3 0.1375 0.79296875 0.21875 0.0703125
3 0.5859375 0.26328125 0.359375 0.1140625
3 0.246875 0.3125 0.340625 0.0375
3 0.2125 0.19140625 0.1625 0.0484375
3 0.55546875 0.0625 0.2765625 0.05625
3 0.3203125 0.08515625 0.16875 0.0578125
2 0.38046875 0.20625 0.0796875 0.1875
2 0.3125 0.43984375 0.08125 0.1953125
2 0.2515625 0.64765625 0.059375 0.1890625
2 0.1890625 0.8421875 0.071875 0.078125
2 0.60859375 0.36171875 0.0453125 0.1546875
2 0.64453125 0.53828125 0.0578125 0.1515625
2 0.675 0.7671875 0.05625 0.225
2 0.56953125 0.12734375 0.0390625 0.1046875
2 0.41484375 0.0296875 0.0484375 0.046875
