3 0.21015625 0.50390625 0.3828125 0.0765625
3 0.3234375 0.2125 0.4 0.06875
3 0.78203125 0.08359375 0.4296875 0.0265625
3 0.80859375 0.36796875 0.3515625 0.1296875
3 0.1390625 0.8671875 0.215625 0.1375
3 0.178125 0.353125 0.275 0.0625
3 0.465625 0.37109375 0.159375 0.0484375
3 0.33359375 0.02578125 0.1546875 0.0328125
2 0.22265625 0.69140625 0.1234375 0.2328125
2 0.34140625 0.29453125 0.0640625 0.1171875
2 0.39921875 0.0828125 0.0546875 0.09375
2 0.63046875 0.56015625 0.0859375 0.1546875
2 0.665625 0.746875 0.078125 0.171875
2 0.69921875 0.89453125 0.0921875 0.0796875
