3 0.70546875 0.30078125 0.2484375 0.0921875
3 0.2 0.37578125 0.315625 0.0953125
3 0.8578125 0.66015625 0.240625 0.1109375
3 0.328125 0.12734375 0.190625 0.0484375
3 0.51328125 0.1 0.1484375 0.053125
3 0.6828125 0.0890625 0.08125 0.021875
2 0.66796875 0.4546875 0.0796875 0.190625
2 0.71640625 0.653125 0.1046875 0.175
2 0.7609375 0.8703125 0.1 0.209375
2 0.34375 0.5359375 0.0625 0.225
2 0.28984375 0.815625 0.0765625 0.290625
2 0.3984375 0.27109375 0.065625 0.2265625
2 0.4296875 0.0515625 0.04375 0.0875
2 0.60234375 0.15703125 0.0390625 0.0609375
2 0.61953125 0.23359375 0.0453125 0.0515625
