2 0.25703125 0.59140625 0.1546875 0.4296875
2 0.3609375 0.20625 0.084375 0.215625
2 0.4125 0.04375 0.0375 0.05625
2 0.56875 0.19296875 0.028125 0.1140625
2 0.6015625 0.41484375 0.084375 0.2546875
2 0.634375 0.66015625 0.0625 0.1890625
2 0.665625 0.89296875 0.05625 0.1484375
2 0.15859375 0.946875 0.0671875 0.071875
3 0.434375 0.8265625 0.425 0.125
3 0.840625 0.7125 0.265625 0.053125
3 0.6734375 0.246875 0.134375 0.06875
3 0.17734375 0.32578125 0.2390625 0.0640625
3 0.47109375 0.30234375 0.2484375 0.1046875
3 0.08203125 0.88359375 0.1421875 0.0796875
