3 0.415625 0.03984375 0.340625 0.0703125
3 0.26640625 0.2 0.2140625 0.053125
3 0.49765625 0.171875 0.1890625 0.103125
3 0.69375 0.13046875 0.096875 0.0359375
3 0.46796875 0.4046875 0.2453125 0.08125
3 0.153125 0.55625 0.26875 0.090625
2 0.25390625 0.721875 0.0921875 0.2
2 0.19921875 0.90703125 0.0515625 0.1421875
2 0.32109375 0.47734375 0.0328125 0.0640625
2 0.3484375 0.296875 0.071875 0.15625
2 0.10859375 0.27265625 0.0796875 0.1015625
2 0.03515625 0.384375 0.0421875 0.071875
2 0.22421875 0.12265625 0.1015625 0.1015625
2 0.4109375 0.11015625 0.05625 0.1140625
2 0.56640625 0.075 0.0328125 0.08125
2 0.5953125 0.253125 0.053125 0.19375
2 0.63828125 0.5125 0.0578125 0.196875
2 0.69453125 0.80078125 0.1015625 0.3140625
