3 0.58046875 0.27265625 0.3390625 0.1015625
3 0.18984375 0.37578125 0.3328125 0.0828125
3 0.33828125 0.0375 0.1390625 0.05625
2 0.38515625 0.13671875 0.0578125 0.1234375
2 0.3421875 0.26171875 0.04375 0.1015625
2 0.25859375 0.55 0.0703125 0.178125
2 0.16875 0.828125 0.115625 0.309375
2 0.6609375 0.89921875 0.03125 0.1671875
2 0.6375 0.69765625 0.04375 0.1390625
2 0.61953125 0.54140625 0.0515625 0.1234375
2 0.79375 0.31796875 0.05625 0.1109375
2 0.72421875 0.15234375 0.0515625 0.0859375
2 0.67734375 0.06484375 0.0453125 0.0640625
