3 0.1703125 0.65390625 0.278125 0.1328125
3 0.4484375 0.05234375 0.353125 0.0734375
3 0.259375 0.253125 0.209375 0.05
3 0.48828125 0.2140625 0.2140625 0.08125
3 0.70703125 0.1703125 0.0921875 0.0375
3 0.81875 0.44140625 0.165625 0.0515625
3 0.5265625 0.47265625 0.33125 0.1046875
2 0.70625 0.6734375 0.084375 0.196875
2 0.7546875 0.88359375 0.0875 0.1796875
2 0.234375 0.8359375 0.090625 0.284375
2 0.31015625 0.50078125 0.0703125 0.1546875
2 0.35859375 0.33671875 0.0734375 0.1421875
2 0.40390625 0.12734375 0.0578125 0.1421875
2 0.63359375 0.32421875 0.0984375 0.1453125
