3 0.19765625 0.27734375 0.2765625 0.0546875
3 0.53671875 0.03828125 0.2484375 0.0390625
3 0.46875 0.6 0.275 0.165625
3 0.77265625 0.50234375 0.2296875 0.0953125
3 0.459375 0.26328125 0.18125 0.1203125
3 0.6703125 0.23828125 0.1375 0.0640625
3 0.1015625 0.7453125 0.2 0.08125
2 0.30390625 0.41875 0.0734375 0.20625
2 0.23828125 0.6140625 0.0671875 0.153125
2 0.17421875 0.86796875 0.0984375 0.2171875
2 0.3796875 0.15078125 0.075 0.1765625
2 0.553125 0.125 0.034375 0.11875
2 0.59921875 0.37578125 0.0609375 0.2546875
2 0.646875 0.66640625 0.0625 0.1671875
2 0.68046875 0.871875 0.0828125 0.184375
