3 0.60390625 0.26640625 0.2921875 0.1328125
3 0.1859375 0.3390625 0.334375 0.059375
3 0.8109375 0.6125 0.29375 0.065625
3 0.4484375 0.73828125 0.3625 0.1390625
3 0.08359375 0.86015625 0.1359375 0.1046875
3 0.30625 0.09921875 0.196875 0.0671875
3 0.4859375 0.0703125 0.146875 0.065625
3 0.6359375 0.046875 0.06875 0.040625
2 0.625 0.44921875 0.071875 0.2140625
2 0.6890625 0.85078125 0.06875 0.2234375
2 0.29140625 0.47734375 0.0765625 0.1703125
2 0.22421875 0.678125 0.0828125 0.19375
2 0.16328125 0.9109375 0.0609375 0.125
2 0.3546875 0.253125 0.05625 0.159375
