3 0.51796875 0.37109375 0.2703125 0.0671875
3 0.19453125 0.53125 0.3390625 0.090625
3 0.8046875 0.41875 0.1625 0.053125
3 0.89453125 0.86875 0.1359375 0.090625
3 0.509375 0.1484375 0.196875 0.0875
3 0.2921875 0.19140625 0.19375 0.0578125
3 0.678125 0.11953125 0.090625 0.0515625
2 0.2609375 0.67421875 0.071875 0.2234375
2 0.2078125 0.88125 0.05 0.159375
2 0.3265625 0.4140625 0.0625 0.15625
2 0.37421875 0.2640625 0.0734375 0.134375
2 0.403125 0.09609375 0.053125 0.1328125
2 0.7296875 0.8421875 0.075 0.25625
2 0.6734375 0.60078125 0.115625 0.1859375
2 0.63515625 0.44296875 0.0515625 0.0921875
2 0.6125 0.2625 0.075 0.115625
