3 0.8125 0.55703125 0.309375 0.0890625
3 0.48984375 0.70078125 0.3421875 0.1328125
3 0.13515625 0.7796875 0.2140625 0.1
3 0.253125 0.3171875 0.33125 0.06875
3 0.52109375 0.2765625 0.1640625 0.11875
3 0.7234375 0.23359375 0.125 0.0578125
3 0.33671875 0.078125 0.1609375 0.06875
3 0.50546875 0.05390625 0.1203125 0.0515625
3 0.653125 0.04375 0.071875 0.03125
2 0.3203125 0.54453125 0.109375 0.3453125
2 0.228125 0.89921875 0.075 0.1765625
2 0.403125 0.140625 0.059375 0.128125
2 0.6546875 0.425 0.05625 0.1875
2 0.72109375 0.85078125 0.0828125 0.2390625
