3 0.82265625 0.50234375 0.1828125 0.0453125
3 0.50078125 0.53671875 0.3484375 0.0953125
3 0.12578125 0.6953125 0.2140625 0.08125
3 0.203125 0.27890625 0.2375 0.0421875
3 0.47734375 0.24375 0.2078125 0.109375
3 0.6828125 0.18828125 0.09375 0.0515625
3 0.325 0.06953125 0.1625 0.0640625
3 0.4828125 0.04453125 0.128125 0.0359375
3 0.63203125 0.0296875 0.0765625 0.021875
2 0.3015625 0.41875 0.065625 0.19375
2 0.24375 0.59765625 0.065625 0.1140625
2 0.17265625 0.87109375 0.1078125 0.2296875
2 0.375 0.175 0.071875 0.18125
