3 0.13359375 0.71640625 0.2640625 0.1078125
3 0.6578125 0.1828125 0.159375 0.04375
3 0.46796875 0.228125 0.1953125 0.10625
3 0.2171875 0.26328125 0.246875 0.0546875
3 0.33515625 0.05625 0.1453125 0.05625
3 0.4890625 0.03671875 0.1125 0.0515625
3 0.78359375 0.4890625 0.2140625 0.04375
3 0.4625 0.5390625 0.28125 0.11875
2 0.18671875 0.846875 0.1046875 0.265625
2 0.2734375 0.52890625 0.08125 0.2546875
2 0.33046875 0.35 0.0640625 0.10625
2 0.37578125 0.1796875 0.0640625 0.159375
2 0.6515625 0.64375 0.0625 0.203125
2 0.69296875 0.86171875 0.0828125 0.2015625
2 0.59609375 0.3078125 0.0421875 0.134375
