3 0.5828125 0.071875 0.165625 0.034375
3 0.1203125 0.27890625 0.215625 0.0671875
3 0.3546875 0.259375 0.2375 0.06875
3 0.2375 0.0421875 0.16875 0.059375
3 0.4140625 0.03125 0.125 0.028125
3 0.5875 0.3890625 0.1875 0.034375
3 0.16875 0.740625 0.21875 0.121875
2 0.175 0.42734375 0.096875 0.1921875
2 0.0765625 0.6265625 0.090625 0.178125
2 0.28984375 0.1515625 0.1140625 0.159375
2 0.4828125 0.134375 0.040625 0.14375
3 0.65546875 0.565625 0.2703125 0.06875
2 0.515625 0.76328125 0.08125 0.2265625
2 0.49609375 0.48203125 0.0734375 0.1140625
