3 0.43203125 0.18359375 0.5921875 0.1359375
3 0.47421875 0.021875 0.3890625 0.0375
3 0.8359375 0.6609375 0.296875 0.059375
3 0.4875 0.4328125 0.346875 0.1
3 0.1875 0.5671875 0.25 0.096875
3 0.778125 0.42890625 0.14375 0.0609375
2 0.6078125 0.3109375 0.05 0.171875
2 0.63984375 0.5296875 0.0578125 0.1375
2 0.32578125 0.328125 0.0921875 0.171875
2 0.403125 0.109375 0.075 0.13125
2 0.55234375 0.05234375 0.0421875 0.0453125
2 0.66640625 0.73046875 0.0515625 0.2078125
3 0.75625 0.84765625 0.13125 0.0484375
3 0.10546875 0.271875 0.1046875 0.021875
3 0.0578125 0.34375 0.071875 0.0375
