3 0.6390625 0.096875 0.084375 0.028125
3 0.70390625 0.346875 0.1734375 0.090625
3 0.1515625 0.4515625 0.265625 0.04375
3 0.47890625 0.109375 0.1578125 0.071875
3 0.253125 0.14609375 0.215625 0.0671875
2 0.65234375 0.80859375 0.1046875 0.3109375
2 0.340625 0.284375 0.090625 0.253125
2 0.26640625 0.6 0.1171875 0.2375
2 0.18671875 0.85859375 0.1203125 0.2171875
2 0.4109375 0.053125 0.05 0.0875
2 0.65546875 0.528125 0.0984375 0.225
2 0.57734375 0.32421875 0.0578125 0.1078125
3 0.08671875 0.71796875 0.1484375 0.0671875
