3 0.12421875 0.43046875 0.1921875 0.0515625
3 0.25234375 0.3015625 0.3109375 0.0875
3 0.7078125 0.35 0.203125 0.065625
3 0.47265625 0.11640625 0.1734375 0.0578125
3 0.29140625 0.1203125 0.1765625 0.03125
3 0.30234375 0.0671875 0.1234375 0.04375
2 0.28828125 0.4765625 0.0671875 0.23125
2 0.2046875 0.775 0.115625 0.340625
2 0.36796875 0.225 0.0546875 0.1375
2 0.41171875 0.06015625 0.0546875 0.0890625
2 0.57578125 0.15546875 0.0515625 0.0671875
2 0.62578125 0.49296875 0.0515625 0.1390625
2 0.6578125 0.7984375 0.0875 0.31875
