3 0.77578125 0.45546875 0.3453125 0.0484375
3 0.2484375 0.27890625 0.24375 0.0484375
3 0.49453125 0.24296875 0.2234375 0.1015625
3 0.69609375 0.178125 0.1265625 0.0375
3 0.49921875 0.028125 0.1328125 0.053125
3 0.33984375 0.05703125 0.1484375 0.0609375
3 0.63671875 0.021875 0.0859375 0.034375
3 0.13515625 0.69453125 0.2265625 0.0921875
2 0.32578125 0.490625 0.1046875 0.3125
2 0.396875 0.1671875 0.08125 0.184375
2 0.2359375 0.86484375 0.08125 0.1984375
2 0.671875 0.66171875 0.065625 0.1421875
2 0.70078125 0.8671875 0.0703125 0.11875
