3 0.178125 0.45390625 0.28125 0.0765625
3 0.30234375 0.15546875 0.2015625 0.0734375
3 0.528125 0.11015625 0.1875 0.0640625
3 0.67109375 0.1015625 0.0734375 0.028125
3 0.7703125 0.3046875 0.121875 0.028125
3 0.63828125 0.3359375 0.0828125 0.046875
3 0.93671875 0.84140625 0.0984375 0.0765625
2 0.29140625 0.6265625 0.0953125 0.228125
2 0.21484375 0.86640625 0.0703125 0.2015625
2 0.37421875 0.3140625 0.0859375 0.3
2 0.41953125 0.05234375 0.0640625 0.1046875
2 0.65078125 0.45546875 0.0609375 0.1515625
2 0.6890625 0.6375 0.071875 0.153125
2 0.73671875 0.83984375 0.0921875 0.1984375
