3 0.1546875 0.7 0.296875 0.06875
3 0.4546875 0.48671875 0.234375 0.0765625
3 0.41015625 0.60078125 0.2921875 0.0921875
3 0.790625 0.51875 0.171875 0.059375
3 0.64921875 0.1828125 0.1328125 0.03125
3 0.45 0.21484375 0.184375 0.0890625
3 0.2 0.23203125 0.2125 0.0484375
3 0.31875 0.03828125 0.134375 0.0453125
3 0.48125 0.01953125 0.128125 0.0328125
2 0.2734375 0.4203125 0.115625 0.265625
2 0.1375 0.86015625 0.11875 0.1953125
2 0.6265625 0.76640625 0.078125 0.3984375
2 0.578125 0.328125 0.05 0.234375
2 0.3609375 0.13828125 0.084375 0.1859375
2 0.5421875 0.12421875 0.0625 0.0828125
