3 0.1515625 0.61640625 0.29375 0.0859375
3 0.49765625 0.21328125 0.2046875 0.0921875
3 0.73046875 0.1953125 0.1078125 0.0375
3 0.5125 0.48984375 0.271875 0.1015625
3 0.8375 0.4640625 0.203125 0.065625
3 0.26484375 0.246875 0.2203125 0.06875
3 0.35546875 0.03671875 0.1453125 0.0703125
3 0.5078125 0.02578125 0.125 0.0359375
2 0.2984375 0.75703125 0.10625 0.2296875
2 0.25625 0.940625 0.06875 0.103125
2 0.3609375 0.3875 0.096875 0.190625
2 0.40703125 0.14609375 0.0765625 0.1484375
2 0.65703125 0.3859375 0.0640625 0.1
