3 0.1578125 0.6421875 0.290625 0.13125
3 0.49296875 0.47890625 0.2734375 0.1015625
3 0.253125 0.24609375 0.2375 0.0546875
3 0.49453125 0.2109375 0.1796875 0.1125
3 0.69375 0.1578125 0.103125 0.0375
3 0.36015625 0.040625 0.1609375 0.05625
3 0.515625 0.0203125 0.121875 0.028125
3 0.64921875 0.01953125 0.0734375 0.0171875
3 0.83515625 0.425 0.1046875 0.040625
2 0.24140625 0.81875 0.1015625 0.30625
2 0.321875 0.48203125 0.06875 0.1984375
2 0.36953125 0.32734375 0.0640625 0.0921875
2 0.421875 0.14296875 0.065625 0.1734375
2 0.5859375 0.1046875 0.046875 0.0875
2 0.62421875 0.30390625 0.0703125 0.1953125
