3 0.36484375 0.2328125 0.4671875 0.103125
3 0.29296875 0.13671875 0.2109375 0.0609375
3 0.4078125 0.04296875 0.25625 0.0640625
3 0.44765625 0.46015625 0.2859375 0.1171875
3 0.1515625 0.63671875 0.271875 0.1296875
2 0.25546875 0.8109375 0.1140625 0.30625
2 0.3578125 0.36171875 0.084375 0.1796875
2 0.3015625 0.56484375 0.059375 0.1015625
2 0.66328125 0.63203125 0.0828125 0.3078125
2 0.70546875 0.890625 0.1140625 0.16875
2 0.6109375 0.32890625 0.06875 0.1828125
2 0.575 0.10546875 0.040625 0.1234375
2 0.40859375 0.125 0.0546875 0.11875
