3 0.1375 0.4453125 0.26875 0.075
3 0.503125 0.1015625 0.15625 0.075
3 0.28515625 0.1296875 0.2046875 0.071875
3 0.69375 0.1296875 0.13125 0.04375
3 0.91953125 0.8671875 0.1203125 0.109375
2 0.384375 0.25078125 0.06875 0.2046875
2 0.30078125 0.5359375 0.0765625 0.246875
2 0.228125 0.82265625 0.096875 0.2609375
2 0.65390625 0.54609375 0.0703125 0.2015625
2 0.69609375 0.81796875 0.1140625 0.2984375
2 0.6140625 0.303125 0.071875 0.234375
2 0.57109375 0.1265625 0.0328125 0.046875
2 0.56640625 0.034375 0.0453125 0.04375
2 0.4234375 0.053125 0.0625 0.075
3 0.1734375 0.24375 0.09375 0.03125
