3 0.18046875 0.42734375 0.3203125 0.1140625
3 0.74609375 0.290625 0.1203125 0.05
3 0.61796875 0.32109375 0.0734375 0.0546875
3 0.90859375 0.75 0.1296875 0.021875
3 0.74375 0.759375 0.08125 0.028125
3 0.50390625 0.11484375 0.1921875 0.0671875
3 0.29453125 0.13984375 0.1765625 0.0609375
3 0.6734375 0.10546875 0.0875 0.0296875
2 0.3796875 0.23125 0.071875 0.1625
2 0.32890625 0.40390625 0.0671875 0.1515625
2 0.2765625 0.62109375 0.109375 0.1859375
2 0.2046875 0.86015625 0.1 0.2328125
2 0.72734375 0.88828125 0.0953125 0.1796875
2 0.66953125 0.59140625 0.1015625 0.2421875
2 0.64765625 0.40234375 0.0703125 0.0921875
2 0.5890625 0.22578125 0.059375 0.1171875
2 0.41328125 0.05703125 0.0453125 0.0953125
