3 0.16328125 0.73515625 0.2734375 0.1328125
3 0.2390625 0.29140625 0.240625 0.0578125
3 0.50859375 0.24765625 0.2609375 0.0984375
3 0.70703125 0.19453125 0.1109375 0.0359375
3 0.52890625 0.5421875 0.3828125 0.121875
3 0.86953125 0.5296875 0.1703125 0.059375
3 0.33671875 0.06796875 0.1609375 0.0515625
3 0.50703125 0.03828125 0.1421875 0.0359375
3 0.64453125 0.0328125 0.0765625 0.028125
2 0.33046875 0.440625 0.0734375 0.23125
2 0.2421875 0.875 0.084375 0.20625
2 0.3875 0.17890625 0.084375 0.2015625
