3 0.4453125 0.065625 0.415625 0.08125
3 0.24453125 0.334375 0.3453125 0.06875
3 0.67265625 0.21640625 0.1828125 0.0546875
3 0.521875 0.29921875 0.125 0.0734375
3 0.8390625 0.62578125 0.24375 0.0453125
3 0.4609375 0.6890625 0.334375 0.09375
3 0.1515625 0.8046875 0.246875 0.109375
2 0.37734375 0.2078125 0.0828125 0.209375
2 0.27109375 0.5484375 0.1015625 0.33125
2 0.18828125 0.89609375 0.0640625 0.1359375
2 0.646875 0.78203125 0.090625 0.1234375
2 0.609375 0.434375 0.08125 0.228125
2 0.5734375 0.14140625 0.046875 0.1265625
