3 0.45 0.453125 0.321875 0.046875
3 0.1796875 0.603125 0.309375 0.1375
3 0.2265625 0.25 0.240625 0.06875
3 0.471875 0.20703125 0.19375 0.0984375
3 0.6828125 0.17421875 0.1 0.0328125
3 0.3328125 0.04375 0.159375 0.04375
3 0.48515625 0.0265625 0.1109375 0.053125
2 0.6171875 0.62578125 0.103125 0.2453125
2 0.25859375 0.54296875 0.0765625 0.1078125
2 0.18359375 0.84609375 0.1359375 0.2765625
2 0.315625 0.359375 0.096875 0.16875
2 0.37578125 0.1359375 0.0890625 0.146875
2 0.58203125 0.31875 0.0609375 0.196875
