3 0.1234375 0.35234375 0.2125 0.0765625
3 0.86015625 0.80234375 0.2359375 0.1234375
3 0.7671875 0.4796875 0.2 0.078125
3 0.4578125 0.525 0.259375 0.071875
3 0.13203125 0.6078125 0.2234375 0.078125
3 0.23984375 0.22109375 0.2078125 0.0546875
3 0.47265625 0.1859375 0.1921875 0.075
3 0.6609375 0.15703125 0.1 0.0546875
2 0.20078125 0.7953125 0.1234375 0.325
2 0.31171875 0.40234375 0.1140625 0.3078125
2 0.3890625 0.11328125 0.075 0.1765625
2 0.64609375 0.765625 0.0796875 0.384375
2 0.59296875 0.33359375 0.0640625 0.2734375
2 0.5546875 0.09140625 0.059375 0.0796875
