3 0.45859375 0.07421875 0.4609375 0.0828125
3 0.51640625 0.71171875 0.3609375 0.0578125
3 0.14765625 0.81328125 0.2578125 0.0734375
3 0.84296875 0.64375 0.2921875 0.05
3 0.7421875 0.8171875 0.13125 0.046875
3 0.58515625 0.27109375 0.3546875 0.1328125
3 0.2453125 0.31875 0.3 0.05
2 0.29375 0.54609375 0.11875 0.3671875
2 0.38125 0.2015625 0.05625 0.190625
2 0.19375 0.9109375 0.053125 0.153125
2 0.63046875 0.471875 0.0796875 0.290625
2 0.4265625 0.02734375 0.0375 0.0421875
2 0.5953125 0.16484375 0.053125 0.1234375
