3 0.5859375 0.271875 0.325 0.103125
3 0.19296875 0.375 0.3265625 0.059375
3 0.34921875 0.03671875 0.1171875 0.0515625
2 0.27265625 0.51875 0.0890625 0.15
2 0.20859375 0.71328125 0.0640625 0.1859375
2 0.1625 0.8953125 0.071875 0.134375
2 0.35390625 0.23828125 0.0765625 0.1453125
2 0.39453125 0.0984375 0.0609375 0.103125
2 0.67109375 0.8984375 0.0734375 0.153125
2 0.64375 0.68984375 0.078125 0.1921875
2 0.625 0.47421875 0.071875 0.1640625
2 0.79921875 0.32109375 0.0578125 0.1078125
2 0.72578125 0.15703125 0.0609375 0.0828125
2 0.68125 0.07109375 0.0375 0.0671875
2 0.5546875 0.1609375 0.046875 0.090625
