3 0.1359375 0.50234375 0.246875 0.1109375
3 0.55625 0.159375 0.340625 0.078125
3 0.24296875 0.20625 0.2390625 0.053125
3 0.25078125 0.09296875 0.0984375 0.0390625
2 0.32890625 0.33671875 0.0640625 0.1734375
2 0.2140625 0.74765625 0.115625 0.3515625
2 0.39765625 0.09765625 0.0734375 0.1484375
3 0.484375 0.4125 0.24375 0.05625
3 0.1328125 0.35546875 0.18125 0.0578125
3 0.8 0.41953125 0.128125 0.0484375
2 0.615625 0.3296875 0.0625 0.103125
2 0.65234375 0.5921875 0.0703125 0.328125
2 0.28828125 0.4984375 0.0421875 0.059375
