3 0.190625 0.1890625 0.209375 0.046875
3 0.1375 0.3359375 0.25625 0.071875
3 0.41640625 0.3234375 0.2109375 0.11875
3 0.70625 0.2546875 0.23125 0.090625
3 0.4546875 0.06875 0.128125 0.03125
3 0.25390625 0.0890625 0.2078125 0.053125
2 0.22109375 0.51640625 0.0921875 0.2046875
2 0.1046875 0.7921875 0.11875 0.271875
2 0.553125 0.46171875 0.1125 0.2453125
2 0.5828125 0.796875 0.09375 0.371875
2 0.3328125 0.2125 0.09375 0.19375
2 0.55 0.165625 0.046875 0.16875
2 0.38359375 0.02734375 0.0546875 0.0515625
