3 0.58125 0.14140625 0.165625 0.0453125
3 0.11015625 0.8234375 0.1828125 0.096875
3 0.12421875 0.27421875 0.2359375 0.0671875
3 0.59296875 0.2109375 0.1546875 0.040625
3 0.3734375 0.26640625 0.20625 0.0828125
3 0.253125 0.071875 0.1625 0.0375
3 0.434375 0.0515625 0.15 0.05
2 0.20625 0.38828125 0.090625 0.1640625
2 0.1 0.63515625 0.1375 0.2921875
2 0.30390625 0.1625 0.0953125 0.165625
2 0.49296875 0.10234375 0.0234375 0.0796875
2 0.48984375 0.1890625 0.0265625 0.05625
2 0.53828125 0.58125 0.1109375 0.46875
