3 0.83125 0.68671875 0.29375 0.0890625
3 0.15390625 0.36484375 0.2828125 0.1171875
3 0.4546875 0.30234375 0.228125 0.1140625
3 0.684375 0.26796875 0.15 0.0421875
3 0.47578125 0.08046875 0.1234375 0.0609375
3 0.61484375 0.05234375 0.0921875 0.0265625
3 0.2953125 0.10390625 0.15 0.0703125
3 0.33515625 0.025 0.1046875 0.04375
3 0.4125 0.88984375 0.465625 0.1046875
3 0.746875 0.8671875 0.184375 0.046875
3 0.07109375 0.91328125 0.1171875 0.0859375
2 0.23203125 0.62265625 0.1671875 0.4578125
2 0.61171875 0.5734375 0.0796875 0.465625
2 0.34765625 0.21015625 0.0921875 0.1828125
2 0.40078125 0.0390625 0.0359375 0.053125
2 0.55390625 0.1765625 0.0359375 0.084375
