3 0.7203125 0.37578125 0.1875 0.0421875
3 0.11953125 0.4640625 0.2140625 0.103125
3 0.8921875 0.8546875 0.171875 0.10625
3 0.25 0.14609375 0.1625 0.0609375
3 0.46328125 0.125 0.1671875 0.084375
3 0.63046875 0.08203125 0.0828125 0.0421875
2 0.61640625 0.784375 0.1078125 0.371875
2 0.5921875 0.47578125 0.0875 0.2109375
2 0.5734375 0.25390625 0.078125 0.2171875
2 0.34140625 0.21875 0.0828125 0.14375
2 0.29140625 0.39765625 0.1015625 0.1578125
2 0.20859375 0.61484375 0.1296875 0.2046875
2 0.13671875 0.85703125 0.0984375 0.2359375
2 0.390625 0.0484375 0.0375 0.071875
