3 0.34140625 0.1609375 0.3453125 0.0375
3 0.21640625 0.4859375 0.2234375 0.0625
3 0.7046875 0.3421875 0.1875 0.05625
3 0.64921875 0.18671875 0.1078125 0.0421875
3 0.62734375 0.14375 0.1265625 0.05
3 0.8125 0.61640625 0.20625 0.0671875
3 0.81796875 0.68828125 0.3046875 0.0515625
3 0.1140625 0.315625 0.203125 0.075
2 0.16953125 0.73671875 0.1640625 0.4015625
2 0.31328125 0.3109375 0.0953125 0.21875
2 0.3921875 0.075 0.08125 0.121875
2 0.55 0.1640625 0.05 0.1875
2 0.57734375 0.39375 0.0578125 0.21875
2 0.60390625 0.62265625 0.0546875 0.1546875
2 0.6296875 0.85 0.0625 0.253125
3 0.9328125 0.93828125 0.121875 0.0734375
3 0.75078125 0.8171875 0.1171875 0.059375
3 0.753125 0.971875 0.134375 0.0375
