3 0.3140625 0.23046875 0.49375 0.0890625
3 0.47578125 0.478125 0.2328125 0.053125
3 0.17578125 0.62265625 0.2203125 0.0921875
3 0.38828125 0.0390625 0.2890625 0.046875
3 0.62109375 0.071875 0.1453125 0.05
3 0.62578125 0.14453125 0.1265625 0.0484375
3 0.65859375 0.196875 0.1671875 0.034375
3 0.67734375 0.3078125 0.1984375 0.08125
3 0.73671875 0.45234375 0.2046875 0.0734375
3 0.8546875 0.77734375 0.240625 0.1421875
2 0.165625 0.8015625 0.121875 0.29375
2 0.28203125 0.415625 0.1046875 0.28125
2 0.37109375 0.11953125 0.0734375 0.1578125
2 0.6046875 0.75 0.0875 0.425
2 0.56640625 0.3328125 0.0640625 0.15625
