3 0.85703125 0.86484375 0.1640625 0.1453125
3 0.16875 0.528125 0.271875 0.084375
3 0.4890625 0.35078125 0.234375 0.0765625
3 0.78359375 0.39921875 0.1921875 0.0578125
3 0.5 0.15625 0.16875 0.08125
3 0.2828125 0.1953125 0.225 0.075
3 0.6828125 0.11015625 0.09375 0.0453125
2 0.69765625 0.68046875 0.1203125 0.1890625
2 0.73125 0.88984375 0.075 0.1796875
2 0.28671875 0.68203125 0.0953125 0.2046875
2 0.2109375 0.88828125 0.09375 0.1671875
2 0.33125 0.42734375 0.04375 0.1171875
2 0.37578125 0.26875 0.0640625 0.128125
2 0.41953125 0.078125 0.0703125 0.1375
