2 0.27734375 0.50390625 0.1015625 0.2453125
2 0.196875 0.80859375 0.084375 0.2984375
2 0.3546875 0.26015625 0.0625 0.1296875
2 0.39765625 0.0765625 0.0578125 0.14375
2 0.57265625 0.2125 0.0546875 0.115625
2 0.621875 0.45625 0.071875 0.25625
2 0.65625 0.78671875 0.10625 0.3359375
2 0.5546875 0.0703125 0.046875 0.103125
3 0.67265625 0.26953125 0.1609375 0.0609375
3 0.5515625 0.3078125 0.065625 0.04375
3 0.215625 0.33359375 0.3125 0.0640625
3 0.64140625 0.1265625 0.1515625 0.03125
3 0.46875 0.16015625 0.175 0.0546875
3 0.23828125 0.18203125 0.2359375 0.0546875
3 0.88203125 0.8421875 0.1453125 0.096875
