3 0.3515625 0.67890625 0.5 0.1984375
3 0.3359375 0.25625 0.4375 0.08125
3 0.38359375 0.05 0.2890625 0.040625
3 0.61796875 0.090625 0.1265625 0.03125
3 0.65546875 0.22109375 0.1484375 0.0421875
3 0.69765625 0.35390625 0.1859375 0.0640625
3 0.73828125 0.5046875 0.2328125 0.05625
3 0.81640625 0.60546875 0.2265625 0.0765625
2 0.26328125 0.490625 0.1234375 0.353125
2 0.13515625 0.85703125 0.1140625 0.2140625
2 0.37265625 0.15234375 0.0921875 0.1734375
2 0.58125 0.409375 0.075 0.296875
2 0.62421875 0.81171875 0.0890625 0.3078125
2 0.55078125 0.14140625 0.0328125 0.1171875
3 0.9046875 0.84140625 0.11875 0.0765625
