3 0.465625 0.09375 0.446875 0.078125
3 0.6765625 0.2078125 0.196875 0.05
3 0.2328125 0.234375 0.215625 0.034375
3 0.18359375 0.35390625 0.3453125 0.0984375
3 0.16484375 0.6015625 0.2765625 0.1
3 0.8421875 0.67421875 0.29375 0.0828125
3 0.5890625 0.91640625 0.5375 0.1484375
2 0.38828125 0.234375 0.0703125 0.25
2 0.321875 0.51328125 0.053125 0.1828125
2 0.24140625 0.8046875 0.1109375 0.346875
2 0.425 0.0359375 0.059375 0.05625
3 0.56953125 0.3 0.0796875 0.075
3 0.08984375 0.92578125 0.1484375 0.0859375
