3 0.6234375 0.44921875 0.6125 0.0640625
3 0.17109375 0.62578125 0.3046875 0.1078125
3 0.26796875 0.24140625 0.2171875 0.0453125
3 0.51015625 0.22421875 0.2046875 0.0765625
3 0.71953125 0.16875 0.1015625 0.034375
3 0.353125 0.0484375 0.153125 0.065625
3 0.515625 0.02265625 0.11875 0.0328125
2 0.265625 0.81796875 0.075 0.3265625
2 0.37109375 0.340625 0.0484375 0.171875
2 0.41796875 0.12578125 0.0421875 0.1484375
2 0.58828125 0.09765625 0.0515625 0.1203125
2 0.70390625 0.5859375 0.0703125 0.175
2 0.7515625 0.78046875 0.084375 0.1703125
2 0.78203125 0.934375 0.0921875 0.096875
2 0.64296875 0.33203125 0.0796875 0.1453125
