3 0.153125 0.640625 0.275 0.084375
3 0.5125 0.49375 0.303125 0.075
3 0.81875 0.51875 0.265625 0.053125
3 0.49921875 0.26015625 0.2109375 0.1296875
3 0.24140625 0.2953125 0.2703125 0.078125
3 0.72578125 0.23671875 0.1890625 0.0546875
3 0.33828125 0.0625 0.1765625 0.05
3 0.5609375 0.0421875 0.23125 0.053125
2 0.403125 0.171875 0.075 0.203125
2 0.34375 0.41484375 0.08125 0.1265625
2 0.3109375 0.56328125 0.053125 0.0953125
2 0.2265625 0.87578125 0.05625 0.2171875
2 0.6421875 0.35703125 0.05 0.1546875
3 0.23203125 0.74296875 0.1359375 0.0453125
