3 0.44921875 0.0546875 0.2578125 0.01875
1 0.33515625 0.17109375 0.2109375 0.1921875
1 0.27578125 0.384375 0.2109375 0.165625
1 0.18046875 0.59375 0.2859375 0.209375
1 0.1640625 0.8484375 0.28125 0.25
1 0.5171875 0.534375 0.234375 0.24375
1 0.5234375 0.2421875 0.15 0.1875
1 0.50234375 0.81640625 0.2515625 0.1640625
2 0.4234375 0.26953125 0.0375 0.2234375
2 0.34140625 0.790625 0.0703125 0.340625
2 0.83828125 0.83046875 0.0953125 0.2359375
2 0.66640625 0.26953125 0.0609375 0.2109375
2 0.60390625 0.0734375 0.0453125 0.128125
2 0.72265625 0.59921875 0.0609375 0.1359375
