1 0.5578125 0.42734375 0.1375 0.1984375
3 0.3875 0.20703125 0.38125 0.1046875
3 0.18203125 0.6359375 0.2953125 0.071875
3 0.4390625 0.55390625 0.221875 0.0359375
1 0.16953125 0.421875 0.1703125 0.23125
1 0.315625 0.08828125 0.15 0.1109375
1 0.50625 0.0890625 0.121875 0.10625
1 0.60625 0.784375 0.140625 0.375
3 0.08203125 0.91875 0.1546875 0.078125
2 0.33359375 0.34296875 0.0515625 0.1484375
2 0.403125 0.32578125 0.034375 0.1203125
2 0.215625 0.83515625 0.078125 0.2359375
2 0.50078125 0.71796875 0.0265625 0.1765625
2 0.08046875 0.4546875 0.1109375 0.190625
2 0.4171875 0.03984375 0.04375 0.0734375
2 0.42265625 0.20390625 0.0421875 0.1046875
