1 0.18671875 0.52734375 0.3390625 0.1796875
1 0.17109375 0.80390625 0.3140625 0.3640625
1 0.534375 0.5265625 0.240625 0.240625
1 0.25859375 0.2890625 0.2328125 0.19375
3 0.2 0.41015625 0.203125 0.0421875
3 0.43203125 0.15703125 0.3765625 0.0640625
3 0.31953125 0.265625 0.1015625 0.034375
3 0.50703125 0.309375 0.0828125 0.034375
2 0.39609375 0.32109375 0.0546875 0.2296875
2 0.85078125 0.85546875 0.0890625 0.2328125
2 0.60546875 0.06328125 0.0546875 0.1046875
2 0.4578125 0.05859375 0.0375 0.0890625
2 0.153125 0.290625 0.121875 0.146875
2 0.26171875 0.08671875 0.0953125 0.1171875
2 0.68984375 0.49140625 0.0515625 0.1453125
2 0.7390625 0.6796875 0.08125 0.165625
2 0.6421875 0.2953125 0.05 0.146875
