3 0.45703125 0.9609375 0.4484375 0.071875
1 0.1953125 0.4765625 0.246875 0.221875
1 0.14765625 0.7703125 0.2796875 0.41875
1 0.53828125 0.7328125 0.1578125 0.24375
3 0.50390625 0.33359375 0.1890625 0.0421875
3 0.51171875 0.18671875 0.1671875 0.0421875
3 0.50859375 0.053125 0.1203125 0.034375
2 0.3734375 0.4453125 0.05 0.115625
2 0.25234375 0.29296875 0.0953125 0.1578125
2 0.425 0.13046875 0.05625 0.1109375
2 0.61953125 0.1328125 0.0578125 0.109375
2 0.65625 0.2828125 0.090625 0.171875
2 0.69140625 0.4234375 0.0328125 0.05625
2 0.8015625 0.8375 0.065625 0.234375
2 0.2890625 0.84765625 0.125 0.1921875
2 0.328125 0.09453125 0.08125 0.1453125
