3 0.153125 0.5234375 0.24375 0.0625
1 0.51328125 0.8015625 0.2828125 0.325
1 0.51171875 0.4546875 0.1859375 0.25
1 0.5109375 0.19765625 0.128125 0.1890625
1 0.24453125 0.26171875 0.1921875 0.2515625
1 0.1234375 0.7765625 0.2 0.31875
2 0.21640625 0.86796875 0.0859375 0.2296875
2 0.27265625 0.6359375 0.0921875 0.209375
2 0.33359375 0.4015625 0.0734375 0.228125
2 0.38984375 0.18828125 0.0671875 0.1859375
2 0.34453125 0.03828125 0.0515625 0.0546875
2 0.4296875 0.05625 0.09375 0.0875
2 0.4046875 0.40078125 0.04375 0.2234375
2 0.35390625 0.76171875 0.1015625 0.4546875
