3 0.49609375 0.60234375 0.2640625 0.0828125
1 0.12109375 0.7109375 0.2203125 0.240625
1 0.496875 0.80078125 0.33125 0.2796875
1 0.51171875 0.153125 0.1203125 0.165625
3 0.3671875 0.40390625 0.346875 0.1546875
2 0.93046875 0.65703125 0.1078125 0.1828125
2 0.290625 0.6171875 0.0625 0.196875
2 0.41796875 0.08203125 0.0390625 0.1296875
2 0.60390625 0.19453125 0.0578125 0.2171875
1 0.29765625 0.209375 0.1546875 0.175
2 0.703125 0.5828125 0.034375 0.096875
2 0.7296875 0.71171875 0.04375 0.1078125
2 0.72890625 0.89921875 0.0734375 0.1390625
2 0.6828125 0.71875 0.04375 0.134375
2 0.6390625 0.50078125 0.046875 0.1671875
2 0.62734375 0.378125 0.0609375 0.09375
