1 0.38203125 0.5796875 0.1609375 0.23125
1 0.46796875 0.3171875 0.1984375 0.228125
1 0.57890625 0.7 0.0921875 0.521875
1 0.47265625 0.1046875 0.0765625 0.14375
3 0.1421875 0.63046875 0.1625 0.0734375
3 0.221875 0.4390625 0.1 0.046875
2 0.19296875 0.825 0.0984375 0.28125
2 0.13359375 0.41953125 0.0734375 0.1234375
2 0.0515625 0.57578125 0.090625 0.1703125
2 0.25859375 0.58203125 0.0703125 0.1828125
2 0.3109375 0.378125 0.059375 0.1875
2 0.38984375 0.09609375 0.0546875 0.1796875
2 0.3125 0.0609375 0.05625 0.096875
2 0.49921875 0.6609375 0.0390625 0.303125
