3 0.18125 0.49609375 0.290625 0.0921875
3 0.26171875 0.290625 0.2046875 0.0625
3 0.14296875 0.69140625 0.2515625 0.0703125
2 0.5421875 0.715625 0.1 0.4875
1 0.39765625 0.53203125 0.1796875 0.2046875
1 0.4796875 0.2609375 0.178125 0.2125
1 0.325 0.13671875 0.1875 0.1484375
2 0.36484375 0.36015625 0.0546875 0.2140625
2 0.4171875 0.8171875 0.05 0.25625
2 0.23125 0.88203125 0.065625 0.1828125
1 0.10703125 0.84765625 0.1703125 0.2109375
1 0.48515625 0.0953125 0.0984375 0.09375
2 0.3203125 0.53828125 0.046875 0.1109375
