1 0.46875 0.53125 0.21875 0.253125
1 0.45703125 0.8234375 0.3484375 0.271875
1 0.1328125 0.796875 0.2375 0.34375
1 0.26171875 0.48359375 0.1296875 0.1890625
1 0.30234375 0.3078125 0.1109375 0.134375
1 0.38359375 0.08671875 0.0671875 0.1015625
3 0.43203125 0.18828125 0.2953125 0.0609375
3 0.5171875 0.3421875 0.15625 0.065625
2 0.42109375 0.10859375 0.0484375 0.1109375
2 0.23828125 0.28515625 0.0734375 0.1671875
2 0.14453125 0.47734375 0.0953125 0.2015625
2 0.61484375 0.16953125 0.0546875 0.1578125
3 0.71796875 0.546875 0.1140625 0.06875
2 0.68828125 0.825 0.0796875 0.315625
2 0.6421875 0.53671875 0.0625 0.2046875
