1 0.52109375 0.81171875 0.2328125 0.3078125
2 0.56796875 0.484375 0.0640625 0.109375
1 0.325 0.1390625 0.134375 0.15
1 0.26015625 0.328125 0.2046875 0.215625
1 0.159375 0.70546875 0.3 0.5109375
3 0.528125 0.578125 0.225 0.06875
3 0.51171875 0.2859375 0.1296875 0.071875
3 0.4828125 0.1015625 0.140625 0.05625
2 0.3609375 0.38046875 0.071875 0.2171875
2 0.35546875 0.5703125 0.0796875 0.146875
2 0.7546875 0.696875 0.065625 0.253125
2 0.66875 0.32734375 0.059375 0.1859375
2 0.621875 0.1609375 0.05625 0.146875
2 0.590625 0.05078125 0.021875 0.0703125
2 0.44140625 0.04765625 0.0515625 0.0703125
2 0.82265625 0.940625 0.0390625 0.1125
2 0.69375 0.65703125 0.040625 0.1484375
2 0.65 0.4421875 0.053125 0.153125
