3 0.1109375 0.73671875 0.1375 0.1203125
3 0.1609375 0.52421875 0.25 0.0609375
1 0.46484375 0.32421875 0.2015625 0.1546875
1 0.45078125 0.5328125 0.3109375 0.2
1 0.48046875 0.1375 0.1046875 0.084375
1 0.4234375 0.90078125 0.459375 0.1734375
1 0.19453125 0.3859375 0.1609375 0.1125
3 0.40703125 0.07578125 0.2421875 0.0546875
3 0.23203125 0.28046875 0.0828125 0.0296875
2 0.05859375 0.8640625 0.0828125 0.171875
2 0.24609375 0.64375 0.0859375 0.259375
2 0.36484375 0.209375 0.0671875 0.184375
2 0.32265625 0.36875 0.0671875 0.125
1 0.46875 0.7203125 0.35 0.15
