1 0.51796875 0.7265625 0.3328125 0.440625
1 0.2671875 0.328125 0.203125 0.15625
1 0.51015625 0.284375 0.1828125 0.096875
3 0.2203125 0.4484375 0.190625 0.0375
3 0.52265625 0.36796875 0.2140625 0.0265625
3 0.4265625 0.20546875 0.3375 0.0578125
2 0.42734375 0.13046875 0.0765625 0.1484375
2 0.3875 0.3140625 0.046875 0.16875
2 0.30703125 0.7859375 0.0890625 0.409375
2 0.81484375 0.859375 0.0765625 0.253125
2 0.6 0.078125 0.06875 0.146875
2 0.665625 0.33046875 0.065625 0.2234375
1 0.1625 0.59140625 0.3 0.1953125
1 0.09765625 0.83359375 0.1828125 0.2359375
