3 0.16875 0.67109375 0.2875 0.0671875
1 0.46015625 0.32734375 0.1578125 0.1546875
1 0.22734375 0.45625 0.1609375 0.29375
2 0.33359375 0.46328125 0.0578125 0.1671875
2 0.22265625 0.88203125 0.0671875 0.2078125
2 0.41015625 0.15546875 0.0546875 0.1359375
1 0.48203125 0.58203125 0.2890625 0.3296875
1 0.4765625 0.85546875 0.390625 0.2296875
3 0.109375 0.93828125 0.13125 0.0765625
2 0.3265625 0.215625 0.046875 0.059375
3 0.23046875 0.24609375 0.1078125 0.0203125
2 0.528125 0.0390625 0.04375 0.046875
