1 0.32734375 0.20546875 0.1609375 0.1453125
1 0.23203125 0.39453125 0.2390625 0.2265625
1 0.16484375 0.75546875 0.2984375 0.4453125
1 0.53671875 0.7625 0.2859375 0.409375
1 0.5140625 0.19375 0.15 0.14375
3 0.52734375 0.5171875 0.3109375 0.06875
1 0.51015625 0.3609375 0.2296875 0.19375
1 0.45546875 0.06484375 0.1859375 0.0515625
2 0.38671875 0.4140625 0.0765625 0.203125
2 0.34375 0.65390625 0.10625 0.2390625
2 0.771875 0.596875 0.09375 0.215625
2 0.821875 0.7875 0.06875 0.10625
2 0.88203125 0.92109375 0.0640625 0.1046875
2 0.75078125 0.784375 0.0609375 0.078125
2 0.65859375 0.40546875 0.0359375 0.1359375
2 0.6984375 0.4015625 0.04375 0.14375
