1 0.11484375 0.82578125 0.2015625 0.2703125
1 0.221875 0.4296875 0.18125 0.13125
3 0.51015625 0.528125 0.3171875 0.0625
3 0.43828125 0.10703125 0.3140625 0.0609375
1 0.15859375 0.56171875 0.2078125 0.1671875
1 0.48828125 0.7734375 0.2765625 0.396875
1 0.4890625 0.44765625 0.159375 0.0921875
1 0.528125 0.16328125 0.075 0.0890625
3 0.39609375 0.290625 0.4140625 0.06875
2 0.26640625 0.87734375 0.0734375 0.2015625
2 0.80078125 0.8875 0.0890625 0.209375
2 0.4 0.21640625 0.0625 0.1421875
2 0.66484375 0.3265625 0.0703125 0.234375
2 0.43984375 0.046875 0.0578125 0.090625
2 0.71484375 0.8125 0.0765625 0.221875
