3 0.3234375 0.68828125 0.6375 0.1671875
1 0.23515625 0.3609375 0.2078125 0.190625
1 0.16484375 0.52578125 0.2515625 0.1015625
1 0.1359375 0.88359375 0.2125 0.1640625
1 0.47578125 0.8796875 0.3078125 0.190625
1 0.48828125 0.5015625 0.2765625 0.21875
1 0.4859375 0.2234375 0.11875 0.196875
2 0.41484375 0.09765625 0.0578125 0.1390625
2 0.81328125 0.309375 0.1359375 0.171875
2 0.72578125 0.13203125 0.1171875 0.1515625
2 0.7234375 0.62578125 0.08125 0.2296875
2 0.771875 0.8671875 0.08125 0.190625
2 0.3359375 0.4671875 0.071875 0.3
0 0.65390625 0.4828125 0.0578125 0.128125
0 0.66796875 0.60625 0.0640625 0.0875
0 0.6890625 0.74765625 0.08125 0.1265625
0 0.7203125 0.9 0.05625 0.15
