3 0.18359375 0.4 0.2015625 0.040625
3 0.1421875 0.49453125 0.246875 0.0484375
3 0.21328125 0.32421875 0.2046875 0.0453125
2 0.49609375 0.82890625 0.0484375 0.2640625
2 0.49765625 0.1171875 0.0453125 0.146875
3 0.4734375 0.615625 0.303125 0.0625
3 0.47578125 0.22265625 0.2640625 0.0578125
2 0.325 0.33671875 0.05 0.1609375
2 0.2625 0.559375 0.075 0.178125
2 0.18515625 0.828125 0.1171875 0.2875
2 0.38203125 0.125 0.0703125 0.1625
1 0.0859375 0.76328125 0.15 0.2640625
1 0.24609375 0.18359375 0.1453125 0.0953125
1 0.4046875 0.38203125 0.096875 0.1765625
1 0.52578125 0.4421875 0.1484375 0.203125
