1 0.14609375 0.5484375 0.2671875 0.20625
1 0.13046875 0.82265625 0.2203125 0.2953125
1 0.49375 0.4875 0.228125 0.19375
1 0.49140625 0.85078125 0.3328125 0.2671875
3 0.2015625 0.40703125 0.215625 0.0796875
3 0.40859375 0.16484375 0.3609375 0.0703125
3 0.35 0.0546875 0.1375 0.040625
1 0.27265625 0.2828125 0.1390625 0.13125
3 0.61953125 0.86328125 0.2015625 0.0796875
2 0.37421875 0.32890625 0.0734375 0.2453125
2 0.25390625 0.865625 0.0609375 0.190625
2 0.79140625 0.90546875 0.0671875 0.1671875
2 0.6734375 0.29453125 0.06875 0.2578125
2 0.4140625 0.090625 0.04375 0.146875
0 0.675 0.55234375 0.084375 0.1453125
0 0.7140625 0.74140625 0.08125 0.1984375
2 0.6234375 0.4015625 0.028125 0.103125
