3 0.3625 0.3 0.465625 0.09375
1 0.4546875 0.15625 0.165625 0.16875
1 0.29765625 0.13984375 0.1390625 0.1453125
3 0.1734375 0.43515625 0.234375 0.0546875
3 0.253125 0.23515625 0.128125 0.0328125
1 0.41640625 0.8328125 0.2546875 0.2625
1 0.1671875 0.521875 0.196875 0.09375
1 0.15234375 0.79453125 0.1109375 0.1640625
1 0.1421875 0.9515625 0.096875 0.06875
3 0.084375 0.92890625 0.15625 0.0734375
2 0.27421875 0.65625 0.0828125 0.153125
2 0.225 0.85859375 0.059375 0.1921875
2 0.32109375 0.45546875 0.0640625 0.2015625
2 0.02734375 0.6 0.0390625 0.0875
1 0.50546875 0.4515625 0.2671875 0.19375
2 0.634375 0.76484375 0.115625 0.3296875
