1 0.17578125 0.56015625 0.3171875 0.2046875
1 0.15390625 0.834375 0.2859375 0.30625
1 0.5078125 0.2640625 0.190625 0.146875
1 0.27734375 0.33046875 0.1640625 0.2078125
1 0.33671875 0.15 0.1171875 0.14375
2 0.59609375 0.74765625 0.1234375 0.4671875
3 0.51953125 0.41640625 0.2453125 0.0390625
1 0.5140625 0.09609375 0.09375 0.1578125
2 0.41796875 0.2265625 0.0578125 0.271875
2 0.33984375 0.5453125 0.0734375 0.2875
2 0.309375 0.8359375 0.05625 0.259375
2 0.728125 0.7015625 0.1 0.246875
2 0.76171875 0.9046875 0.0890625 0.128125
