3 0.16484375 0.728125 0.2734375 0.1
1 0.22734375 0.8703125 0.2734375 0.203125
3 0.35625 0.271875 0.45625 0.090625
3 0.12890625 0.525 0.1484375 0.06875
3 0.16484375 0.36015625 0.1359375 0.0609375
2 0.40078125 0.784375 0.0703125 0.36875
2 0.165625 0.18203125 0.103125 0.1203125
2 0.240625 0.07109375 0.078125 0.1140625
1 0.49296875 0.42734375 0.2203125 0.1703125
1 0.57265625 0.6640625 0.2328125 0.234375
1 0.60390625 0.88125 0.2546875 0.1875
2 0.63359375 0.13515625 0.0546875 0.1640625
1 0.28359375 0.49296875 0.1296875 0.1671875
