1 0.14765625 0.77890625 0.2828125 0.4171875
1 0.4875 0.79296875 0.3375 0.3859375
1 0.234375 0.3921875 0.21875 0.209375
1 0.34453125 0.109375 0.1640625 0.175
3 0.3890625 0.246875 0.39375 0.065625
3 0.19765625 0.52890625 0.3578125 0.0578125
3 0.51171875 0.44453125 0.2640625 0.0609375
2 0.2890625 0.675 0.084375 0.225
2 0.25390625 0.8890625 0.0671875 0.175
2 0.4046875 0.16640625 0.05 0.1328125
2 0.71484375 0.86953125 0.0578125 0.2203125
2 0.659375 0.6140625 0.059375 0.190625
2 0.61796875 0.346875 0.0484375 0.115625
