1 0.49375 0.71953125 0.2875 0.5046875
1 0.21640625 0.603125 0.1671875 0.20625
1 0.1203125 0.83671875 0.228125 0.2421875
1 0.29453125 0.371875 0.1390625 0.21875
3 0.50390625 0.4328125 0.2921875 0.046875
3 0.5046875 0.234375 0.196875 0.0625
3 0.49140625 0.075 0.1296875 0.040625
2 0.19609375 0.4015625 0.1078125 0.240625
2 0.09140625 0.6203125 0.0765625 0.16875
2 0.271875 0.85234375 0.090625 0.2359375
2 0.403125 0.184375 0.06875 0.16875
2 0.31875 0.140625 0.128125 0.2375
2 0.62265625 0.15859375 0.0421875 0.1171875
2 0.66640625 0.32265625 0.0578125 0.1390625
2 0.7359375 0.58359375 0.08125 0.2359375
2 0.79921875 0.85 0.1046875 0.23125
2 0.71796875 0.80546875 0.0703125 0.1984375
2 0.62578125 0.3171875 0.0359375 0.15
2 0.67890625 0.575 0.0359375 0.165625
