3 0.48359375 0.6234375 0.3265625 0.090625
3 0.190625 0.534375 0.275 0.040625
3 0.459375 0.41015625 0.303125 0.0453125
3 0.12890625 0.8 0.2546875 0.090625
3 0.46015625 0.17890625 0.1140625 0.0453125
1 0.47734375 0.83125 0.2796875 0.25
1 0.4859375 0.49609375 0.228125 0.0921875
1 0.18125 0.353125 0.225 0.209375
3 0.3171875 0.13046875 0.16875 0.0359375
2 0.5 0.34921875 0.021875 0.0796875
2 0.31328125 0.54453125 0.0703125 0.1953125
2 0.36015625 0.32109375 0.0515625 0.1203125
1 0.03984375 0.6140625 0.0703125 0.15
2 0.421875 0.27890625 0.05625 0.1734375
