1 0.3140625 0.18515625 0.159375 0.1671875
1 0.20390625 0.41796875 0.2453125 0.2515625
1 0.13828125 0.76484375 0.2515625 0.3765625
1 0.42109375 0.72734375 0.1984375 0.4203125
2 0.5421875 0.6515625 0.08125 0.665625
2 0.39921875 0.23203125 0.0609375 0.2796875
2 0.2609375 0.878125 0.071875 0.1875
2 0.628125 0.20078125 0.053125 0.2109375
2 0.6640625 0.4109375 0.046875 0.14375
2 0.590625 0.05625 0.04375 0.0875
2 0.70625 0.90546875 0.053125 0.1578125
2 0.6796875 0.69375 0.071875 0.14375
2 0.6515625 0.55859375 0.0625 0.0734375
2 0.63203125 0.396875 0.0328125 0.14375
