1 0.44453125 0.71875 0.3171875 0.55
1 0.47109375 0.2 0.1703125 0.140625
1 0.4453125 0.3453125 0.215625 0.125
3 0.4171875 0.41015625 0.18125 0.0453125
3 0.31875 0.19296875 0.09375 0.0359375
2 0.23359375 0.67421875 0.0515625 0.1921875
2 0.17265625 0.88359375 0.0734375 0.1859375
2 0.2921875 0.12890625 0.059375 0.0703125
2 0.22734375 0.23828125 0.0390625 0.0796875
2 0.13359375 0.37421875 0.0546875 0.1046875
2 0.36640625 0.2140625 0.0421875 0.125
2 0.40703125 0.09140625 0.0765625 0.1015625
3 0.06328125 0.8453125 0.1109375 0.078125
3 0.23828125 0.4515625 0.0984375 0.04375
