3 0.49609375 0.01328125 0.1109375 0.0171875
1 0.48671875 0.46484375 0.2421875 0.1546875
3 0.32421875 0.77890625 0.5828125 0.1171875
1 0.15703125 0.575 0.2703125 0.29375
1 0.49453125 0.62109375 0.2640625 0.1359375
1 0.490625 0.9 0.3875 0.16875
1 0.4953125 0.23515625 0.146875 0.1546875
3 0.49453125 0.13515625 0.1734375 0.0515625
2 0.23828125 0.871875 0.0796875 0.18125
2 0.30390625 0.57265625 0.0984375 0.1765625
2 0.36875 0.315625 0.059375 0.13125
2 0.4 0.1828125 0.028125 0.0625
2 0.43203125 0.0921875 0.0515625 0.109375
2 0.7734375 0.78125 0.09375 0.221875
1 0.103125 0.88125 0.175 0.159375
2 0.66328125 0.5859375 0.0578125 0.15625
2 0.68984375 0.759375 0.0484375 0.11875
2 0.6375 0.4078125 0.046875 0.159375
2 0.30546875 0.15703125 0.0796875 0.1359375
2 0.21171875 0.33125 0.0859375 0.175
2 0.734375 0.9078125 0.06875 0.1375
