3 0.16953125 0.44296875 0.2703125 0.0703125
1 0.0984375 0.659375 0.190625 0.28125
1 0.078125 0.90234375 0.153125 0.1546875
1 0.46328125 0.515625 0.2453125 0.2
1 0.42421875 0.7953125 0.3765625 0.31875
1 0.484375 0.22578125 0.1375 0.1921875
1 0.23046875 0.29921875 0.1421875 0.2140625
2 0.7578125 0.8671875 0.096875 0.190625
2 0.27265625 0.62265625 0.0984375 0.3890625
2 0.3671875 0.2359375 0.084375 0.265625
2 0.67265625 0.86796875 0.0671875 0.2234375
2 0.65625 0.68671875 0.05625 0.0984375
2 0.62265625 0.5484375 0.0703125 0.1375
2 0.57734375 0.325 0.0828125 0.228125
