3 0.5265625 0.553125 0.265625 0.146875
1 0.159375 0.49609375 0.265625 0.2328125
1 0.11015625 0.76640625 0.1921875 0.2421875
1 0.45390625 0.809375 0.3859375 0.309375
1 0.48671875 0.18046875 0.1296875 0.1328125
3 0.28984375 0.3015625 0.2921875 0.065625
2 0.29453125 0.5734375 0.0859375 0.28125
2 0.2296875 0.86796875 0.078125 0.1921875
2 0.73671875 0.73984375 0.1203125 0.2859375
2 0.58671875 0.09375 0.0484375 0.159375
2 0.634375 0.32265625 0.06875 0.2609375
2 0.39921875 0.1578125 0.0859375 0.21875
1 0.89140625 0.871875 0.1703125 0.165625
