3 0.353125 0.67421875 0.653125 0.1078125
1 0.48359375 0.20703125 0.1609375 0.2578125
1 0.51796875 0.5046875 0.2515625 0.25
1 0.51328125 0.84453125 0.2984375 0.2359375
1 0.13046875 0.85078125 0.2109375 0.2390625
1 0.1921875 0.44375 0.209375 0.278125
1 0.3109375 0.2015625 0.153125 0.2125
3 0.16484375 0.12578125 0.1171875 0.0671875
1 0.34296875 0.48046875 0.0734375 0.2484375
2 0.22421875 0.065625 0.0828125 0.08125
2 0.184375 0.24609375 0.084375 0.1453125
2 0.03671875 0.303125 0.0703125 0.10625
2 0.72578125 0.8296875 0.0546875 0.171875
2 0.675 0.5234375 0.046875 0.13125
