3 0.3578125 0.7421875 0.65 0.134375
1 0.24140625 0.38828125 0.2171875 0.1921875
1 0.165625 0.61015625 0.29375 0.2359375
1 0.14296875 0.87421875 0.2765625 0.1921875
1 0.540625 0.8921875 0.3625 0.2
1 0.515625 0.5375 0.23125 0.296875
3 0.425 0.10625 0.34375 0.040625
3 0.296875 0.27109375 0.19375 0.0671875
1 0.490625 0.2328125 0.1375 0.175
2 0.36484375 0.47578125 0.0859375 0.2953125
2 0.40703125 0.1828125 0.0609375 0.121875
2 0.4359375 0.04609375 0.0375 0.0671875
2 0.7390625 0.5703125 0.075 0.20625
2 0.2921875 0.86640625 0.053125 0.1359375
2 0.75703125 0.8359375 0.0359375 0.09375
