3 0.5375 0.49140625 0.265625 0.0703125
1 0.5265625 0.76953125 0.278125 0.4546875
1 0.30703125 0.1671875 0.1484375 0.178125
1 0.23203125 0.375 0.2046875 0.2
1 0.1484375 0.7328125 0.278125 0.4875
3 0.52890625 0.25390625 0.1421875 0.0546875
3 0.5109375 0.0796875 0.103125 0.059375
2 0.37421875 0.37109375 0.0546875 0.2828125
2 0.7421875 0.68828125 0.046875 0.1796875
2 0.65390625 0.325 0.0390625 0.11875
2 0.60703125 0.1328125 0.0390625 0.103125
2 0.42890625 0.065625 0.0296875 0.08125
2 0.7375 0.89296875 0.04375 0.1609375
2 0.6859375 0.6765625 0.05 0.159375
2 0.6296875 0.37265625 0.040625 0.1078125
