1 0.1578125 0.60859375 0.259375 0.2734375
1 0.4984375 0.59453125 0.2625 0.2734375
3 0.4 0.03515625 0.159375 0.0609375
3 0.44609375 0.15234375 0.2828125 0.0609375
3 0.24375 0.3765625 0.203125 0.053125
3 0.36875 0.8078125 0.715625 0.065625
1 0.296875 0.265625 0.11875 0.1375
1 0.5109375 0.89375 0.19375 0.11875
1 0.12578125 0.91953125 0.1515625 0.1109375
1 0.5140625 0.2390625 0.13125 0.121875
2 0.38984375 0.271875 0.0546875 0.209375
2 0.4234375 0.10625 0.05 0.0625
2 0.32421875 0.58671875 0.0859375 0.3328125
2 0.2578125 0.89453125 0.08125 0.1640625
2 0.8140625 0.90625 0.046875 0.11875
2 0.64140625 0.27578125 0.0453125 0.1796875
2 0.73828125 0.91328125 0.0609375 0.1015625
2 0.6828125 0.64609375 0.065625 0.2046875
2 0.63671875 0.44765625 0.0484375 0.1453125
