3 0.1609375 0.5671875 0.2375 0.059375
1 0.528125 0.7421875 0.253125 0.384375
1 0.346875 0.46953125 0.071875 0.1703125
1 0.30078125 0.71796875 0.0765625 0.2421875
1 0.5046875 0.44375 0.18125 0.225
1 0.4984375 0.21640625 0.1375 0.1703125
3 0.20078125 0.31640625 0.1140625 0.0578125
1 0.10390625 0.7921875 0.1859375 0.31875
1 0.33671875 0.14609375 0.1140625 0.1203125
2 0.23359375 0.7734375 0.0765625 0.2375
2 0.33203125 0.79296875 0.0890625 0.3609375
2 0.43203125 0.665625 0.0515625 0.121875
2 0.2359375 0.24765625 0.065625 0.1609375
2 0.4125 0.10703125 0.046875 0.1953125
2 0.35859375 0.31953125 0.0640625 0.1546875
2 0.31328125 0.49765625 0.0453125 0.1234375
2 0.409375 0.3484375 0.053125 0.18125
