3 0.1890625 0.58203125 0.278125 0.0578125
3 0.1671875 0.7390625 0.240625 0.1
3 0.503125 0.43671875 0.21875 0.0484375
3 0.37890625 0.28125 0.4078125 0.071875
3 0.39296875 0.2296875 0.3671875 0.053125
1 0.56171875 0.76484375 0.2015625 0.4453125
1 0.34609375 0.71796875 0.0828125 0.3578125
1 0.23828125 0.42578125 0.2109375 0.1859375
1 0.46640625 0.11953125 0.1453125 0.1296875
2 0.36875 0.321875 0.053125 0.121875
1 0.17109375 0.90234375 0.1234375 0.1734375
2 0.42265625 0.72421875 0.0671875 0.3421875
