1 0.28125 0.3109375 0.25 0.203125
1 0.19296875 0.56015625 0.2953125 0.2796875
1 0.15078125 0.8203125 0.2640625 0.240625
1 0.51796875 0.35859375 0.1546875 0.3015625
3 0.2453125 0.3875 0.165625 0.05
3 0.43671875 0.14453125 0.3703125 0.0765625
2 0.2296875 0.1625 0.078125 0.128125
2 0.12265625 0.3421875 0.1078125 0.165625
2 0.4171875 0.28671875 0.05 0.2328125
2 0.67578125 0.2796875 0.1078125 0.23125
2 0.60546875 0.0546875 0.0515625 0.090625
2 0.45 0.03828125 0.034375 0.0453125
2 0.8828125 0.9 0.1375 0.175
0 0.715625 0.52890625 0.071875 0.1921875
