1 0.19921875 0.48515625 0.2828125 0.1828125
1 0.1578125 0.79609375 0.278125 0.3515625
3 0.278125 0.3578125 0.234375 0.034375
3 0.57265625 0.30703125 0.0953125 0.0234375
3 0.415625 0.115625 0.353125 0.0375
3 0.54140625 0.678125 0.2515625 0.04375
1 0.278125 0.23046875 0.209375 0.1734375
1 0.509375 0.19453125 0.134375 0.1203125
1 0.52890625 0.4875 0.1890625 0.29375
1 0.42890625 0.0390625 0.2421875 0.078125
2 0.415625 0.21953125 0.040625 0.2328125
2 0.31640625 0.81171875 0.0828125 0.2953125
2 0.821875 0.8546875 0.0875 0.21875
2 0.67109375 0.3328125 0.0828125 0.203125
2 0.621875 0.15390625 0.06875 0.1328125
2 0.5890625 0.0375 0.0375 0.05
