1 0.2296875 0.49296875 0.240625 0.2078125
1 0.1703125 0.678125 0.284375 0.134375
1 0.15234375 0.86640625 0.2609375 0.2078125
1 0.3109375 0.2515625 0.190625 0.15
3 0.43359375 0.14453125 0.3234375 0.0484375
3 0.2796875 0.35234375 0.2125 0.0546875
3 0.4828125 0.896875 0.540625 0.10625
3 0.4609375 0.0265625 0.225 0.03125
2 0.41171875 0.2609375 0.0484375 0.15625
2 0.3671875 0.540625 0.06875 0.303125
2 0.325 0.78828125 0.065625 0.1703125
2 0.834375 0.834375 0.1125 0.253125
2 0.64921875 0.21875 0.0546875 0.159375
2 0.71875 0.4609375 0.096875 0.203125
2 0.434375 0.09375 0.0625 0.06875
2 0.6078125 0.08515625 0.053125 0.0734375
