1 0.2859375 0.25234375 0.19375 0.1734375
1 0.18359375 0.52734375 0.2546875 0.2609375
1 0.15078125 0.8390625 0.2265625 0.275
3 0.5 0.6140625 0.321875 0.05625
3 0.246875 0.3765625 0.225 0.065625
3 0.4375 0.1234375 0.328125 0.059375
3 0.4453125 0.01484375 0.253125 0.0234375
3 0.290625 0.2328125 0.084375 0.034375
3 0.18828125 0.46015625 0.1109375 0.0359375
3 0.15859375 0.67734375 0.2859375 0.0515625
2 0.4 0.25859375 0.059375 0.1953125
2 0.3421875 0.53359375 0.059375 0.1078125
2 0.2921875 0.8234375 0.071875 0.246875
2 0.809375 0.88046875 0.08125 0.2296875
2 0.57890625 0.83671875 0.0640625 0.2484375
2 0.54765625 0.3046875 0.0421875 0.275
2 0.72890625 0.87109375 0.0484375 0.1546875
