3 0.35078125 0.24921875 0.2921875 0.0390625
1 0.4734375 0.146875 0.18125 0.13125
1 0.4578125 0.0421875 0.134375 0.08125
3 0.34921875 0.86640625 0.5046875 0.0921875
2 0.6859375 0.26953125 0.128125 0.2703125
2 0.78671875 0.565625 0.1140625 0.290625
2 0.609375 0.6328125 0.0875 0.38125
2 0.33828125 0.45 0.0953125 0.25
2 0.1765625 0.15546875 0.1 0.1234375
2 0.0765625 0.28984375 0.1 0.0953125
1 0.3171875 0.68125 0.25625 0.16875
1 0.87734375 0.28828125 0.1546875 0.1609375
1 0.08203125 0.6671875 0.1453125 0.253125
2 0.57109375 0.30078125 0.0546875 0.1765625
