1 0.178125 0.45625 0.275 0.153125
1 0.13515625 0.75078125 0.2671875 0.4109375
1 0.48125 0.796875 0.340625 0.30625
1 0.48046875 0.475 0.2421875 0.2
1 0.28203125 0.2265625 0.1515625 0.11875
1 0.5046875 0.21015625 0.140625 0.1390625
3 0.54609375 0.303125 0.0859375 0.015625
3 0.39375 0.3390625 0.06875 0.0375
3 0.475 0.603125 0.30625 0.04375
3 0.41484375 0.11328125 0.2171875 0.0265625
2 0.30859375 0.58046875 0.0734375 0.2296875
2 0.3765625 0.24609375 0.05 0.0953125
2 0.42890625 0.0515625 0.0578125 0.06875
2 0.7234375 0.60390625 0.040625 0.0828125
2 0.640625 0.28515625 0.053125 0.1046875
1 0.234375 0.34453125 0.1625 0.1015625
2 0.6375 0.4453125 0.040625 0.115625
2 0.66953125 0.59296875 0.0515625 0.1421875
2 0.7078125 0.8484375 0.065625 0.234375
