1 0.53671875 0.8421875 0.1828125 0.275
1 0.31796875 0.71484375 0.1421875 0.4546875
1 0.40390625 0.375 0.1546875 0.190625
1 0.42421875 0.1953125 0.1390625 0.140625
1 0.1203125 0.59765625 0.234375 0.1828125
1 0.340625 0.12890625 0.13125 0.1234375
1 0.490625 0.61484375 0.1375 0.2015625
1 0.3046875 0.2671875 0.075 0.13125
1 0.4625 0.0578125 0.065625 0.08125
3 0.29296875 0.37734375 0.1140625 0.0328125
2 0.20703125 0.209375 0.0671875 0.125
2 0.16171875 0.36796875 0.0796875 0.1609375
2 0.2765625 0.56015625 0.065625 0.2234375
2 0.1984375 0.8359375 0.0875 0.24375
2 0.5 0.40703125 0.046875 0.2421875
2 0.5078125 0.140625 0.0375 0.178125
