3 0.125 0.725 0.225 0.11875
1 0.4953125 0.5703125 0.3125 0.253125
1 0.45859375 0.82578125 0.3609375 0.2078125
1 0.48984375 0.2453125 0.1734375 0.15
3 0.11171875 0.4765625 0.1546875 0.08125
2 0.284375 0.17578125 0.10625 0.2234375
2 0.40625 0.07421875 0.0625 0.1359375
2 0.45859375 0.0765625 0.0578125 0.1375
2 0.5125 0.08828125 0.04375 0.0859375
2 0.35078125 0.33359375 0.0546875 0.1921875
2 0.290625 0.53828125 0.0625 0.1859375
2 0.22578125 0.8125 0.0921875 0.309375
2 0.04296875 0.86796875 0.0796875 0.1109375
2 0.23125 0.40703125 0.075 0.0953125
