3 0.4578125 0.821875 0.428125 0.1375
3 0.49296875 0.365625 0.1953125 0.078125
3 0.1875 0.38984375 0.2125 0.0296875
3 0.16640625 0.45859375 0.2421875 0.0546875
1 0.46953125 0.215625 0.1640625 0.159375
1 0.47734375 0.06875 0.1171875 0.08125
1 0.3265625 0.08359375 0.096875 0.0859375
1 0.27734375 0.2265625 0.1484375 0.115625
3 0.13046875 0.6125 0.2578125 0.075
3 0.4625 0.49921875 0.24375 0.0453125
2 0.25234375 0.70078125 0.0640625 0.1234375
2 0.20078125 0.8515625 0.0453125 0.125
2 0.32890625 0.39296875 0.0578125 0.1609375
2 0.2765625 0.553125 0.046875 0.09375
2 0.35859375 0.25234375 0.0453125 0.1203125
1 0.11875 0.9609375 0.059375 0.075
1 0.0484375 0.9390625 0.065625 0.0625
2 0.534375 0.67578125 0.0625 0.2515625
2 0.5203125 0.9421875 0.0625 0.1
