1 0.51484375 0.4828125 0.1578125 0.325
1 0.5625 0.81015625 0.2125 0.3046875
1 0.14609375 0.64765625 0.2703125 0.1140625
3 0.371875 0.67578125 0.18125 0.0796875
3 0.44609375 0.05625 0.1140625 0.01875
1 0.115625 0.4671875 0.178125 0.09375
2 0.36796875 0.50234375 0.0765625 0.2890625
2 0.38046875 0.16328125 0.0703125 0.2078125
2 0.2890625 0.39140625 0.065625 0.1078125
2 0.22109375 0.50703125 0.0578125 0.1109375
2 0.18359375 0.89921875 0.0703125 0.1890625
1 0.340625 0.8703125 0.134375 0.2
1 0.07265625 0.9171875 0.1015625 0.115625
1 0.49609375 0.17734375 0.1140625 0.2203125
1 0.1921875 0.29609375 0.128125 0.1640625
3 0.2609375 0.17265625 0.084375 0.0296875
