1 0.48671875 0.29921875 0.1703125 0.1890625
1 0.46328125 0.59140625 0.2984375 0.3046875
1 0.46015625 0.8734375 0.3515625 0.225
1 0.26015625 0.2796875 0.1859375 0.15625
1 0.184375 0.48671875 0.259375 0.2046875
1 0.140625 0.7859375 0.2375 0.3625
3 0.30234375 0.13515625 0.0765625 0.0390625
3 0.3359375 0.08203125 0.14375 0.0546875
2 0.77734375 0.88671875 0.0890625 0.1671875
2 0.37421875 0.27109375 0.0671875 0.2328125
2 0.609375 0.190625 0.053125 0.15
2 0.5796875 0.0515625 0.040625 0.084375
2 0.69296875 0.90234375 0.0671875 0.1890625
2 0.653125 0.6578125 0.046875 0.190625
2 0.6140625 0.46171875 0.046875 0.1578125
2 0.60234375 0.321875 0.0390625 0.08125
