1 0.1421875 0.78203125 0.246875 0.3640625
1 0.50546875 0.77265625 0.2984375 0.3359375
1 0.25 0.3828125 0.2375 0.159375
3 0.39921875 0.24375 0.3890625 0.0625
3 0.41171875 0.09375 0.3140625 0.075
3 0.17578125 0.553125 0.2328125 0.05
3 0.51796875 0.4640625 0.2453125 0.08125
2 0.32265625 0.7015625 0.0734375 0.425
2 0.3765625 0.346875 0.05625 0.128125
2 0.42109375 0.16484375 0.0984375 0.0921875
2 0.43984375 0.04296875 0.0546875 0.0515625
2 0.75390625 0.89375 0.0546875 0.1625
2 0.70703125 0.67578125 0.0765625 0.2046875
