3 0.17421875 0.465625 0.2765625 0.04375
1 0.5265625 0.81640625 0.15 0.3328125
1 0.40078125 0.50078125 0.1140625 0.2078125
1 0.484375 0.23671875 0.19375 0.1828125
1 0.10625 0.75625 0.153125 0.415625
1 0.2765625 0.86015625 0.071875 0.2484375
1 0.29453125 0.3203125 0.0828125 0.178125
1 0.46484375 0.10078125 0.1296875 0.0515625
2 0.27109375 0.18359375 0.0703125 0.0890625
2 0.21328125 0.3 0.0609375 0.134375
2 0.24140625 0.79375 0.0984375 0.353125
2 0.325 0.4671875 0.08125 0.284375
2 0.3875 0.20390625 0.04375 0.1734375
2 0.515625 0.4375 0.0375 0.25
2 0.33515625 0.83359375 0.0671875 0.2703125
