1 0.17890625 0.44609375 0.2953125 0.3515625
1 0.1265625 0.8671875 0.2125 0.19375
1 0.55546875 0.86015625 0.3078125 0.2296875
1 0.4765625 0.48046875 0.2875 0.2390625
1 0.2953125 0.18515625 0.196875 0.2046875
3 0.3375 0.67109375 0.6625 0.1046875
2 0.340625 0.40703125 0.075 0.2265625
2 0.303125 0.59765625 0.04375 0.1046875
2 0.42265625 0.07109375 0.0515625 0.1296875
2 0.59609375 0.13203125 0.0640625 0.1609375
0 0.73828125 0.809375 0.0515625 0.1
0 0.76171875 0.92578125 0.0578125 0.1078125
0 0.7078125 0.66328125 0.0375 0.1203125
