3 0.51640625 0.475 0.2984375 0.05625
1 0.31328125 0.21953125 0.1765625 0.1671875
1 0.25859375 0.39765625 0.2359375 0.1703125
1 0.15859375 0.7203125 0.2890625 0.453125
2 0.5953125 0.74765625 0.103125 0.4578125
1 0.49765625 0.284375 0.1578125 0.15625
3 0.49921875 0.0953125 0.1234375 0.04375
2 0.35703125 0.61640625 0.0890625 0.2015625
2 0.77578125 0.615625 0.0921875 0.175
2 0.85234375 0.8453125 0.1046875 0.2375
2 0.6875 0.334375 0.059375 0.134375
2 0.72578125 0.6578125 0.0796875 0.23125
2 0.76953125 0.8828125 0.0859375 0.15625
