3 0.5015625 0.59296875 0.26875 0.0734375
1 0.30078125 0.190625 0.1390625 0.175
1 0.209375 0.409375 0.2125 0.23125
1 0.13515625 0.759375 0.2390625 0.384375
1 0.39453125 0.7921875 0.2015625 0.29375
1 0.4234375 0.478125 0.15625 0.178125
2 0.53671875 0.70703125 0.0484375 0.5765625
2 0.515625 0.1890625 0.05625 0.334375
2 0.7828125 0.84921875 0.034375 0.1046875
2 0.25625 0.83359375 0.065625 0.2421875
2 0.30546875 0.590625 0.0578125 0.190625
2 0.3953125 0.196875 0.05625 0.225
2 0.6265625 0.25234375 0.053125 0.2328125
2 0.5890625 0.08515625 0.021875 0.0640625
0 0.7078125 0.67109375 0.05 0.1640625
0 0.671875 0.4921875 0.05625 0.140625
2 0.71328125 0.91484375 0.0546875 0.1421875
