1 0.1875 0.45625 0.303125 0.25625
1 0.140625 0.7703125 0.240625 0.35
3 0.41328125 0.24140625 0.4140625 0.0609375
3 0.3546875 0.08984375 0.134375 0.0359375
3 0.5984375 0.43125 0.140625 0.0375
1 0.50859375 0.68984375 0.2609375 0.4046875
2 0.67734375 0.3140625 0.0921875 0.16875
2 0.74921875 0.55703125 0.1015625 0.2390625
2 0.8109375 0.81484375 0.13125 0.2859375
2 0.31328125 0.76484375 0.0921875 0.3703125
2 0.3671875 0.47109375 0.071875 0.2046875
2 0.4234375 0.15859375 0.0625 0.1171875
2 0.45 0.03359375 0.040625 0.0515625
2 0.6078125 0.09609375 0.065625 0.1609375
3 0.11015625 0.23828125 0.1390625 0.0421875
3 0.209375 0.096875 0.134375 0.0375
