1 0.47890625 0.3578125 0.1921875 0.203125
1 0.4734375 0.6140625 0.28125 0.221875
1 0.45078125 0.87109375 0.3515625 0.1921875
1 0.159375 0.5859375 0.2625 0.3
1 0.25078125 0.315625 0.1984375 0.14375
3 0.39453125 0.1671875 0.3578125 0.075
2 0.3234375 0.51875 0.071875 0.246875
2 0.37109375 0.3171875 0.0609375 0.15
2 0.68046875 0.45078125 0.0640625 0.2515625
2 0.61328125 0.2265625 0.0828125 0.15625
2 0.58125 0.071875 0.05625 0.115625
2 0.42890625 0.075 0.0453125 0.11875
1 0.0953125 0.83671875 0.1875 0.1609375
2 0.715625 0.6859375 0.046875 0.128125
2 0.7625 0.8703125 0.06875 0.18125
2 0.6828125 0.87265625 0.0875 0.1921875
2 0.6609375 0.7 0.05625 0.121875
2 0.63359375 0.53984375 0.0484375 0.1328125
2 0.603125 0.38515625 0.0625 0.1328125
