1 0.4921875 0.67421875 0.175 0.3421875
1 0.44375 0.18203125 0.175 0.1890625
3 0.13125 0.5390625 0.209375 0.040625
3 0.42890625 0.45078125 0.3390625 0.0578125
3 0.3734375 0.05390625 0.3 0.0671875
3 0.4859375 0.9375 0.28125 0.103125
2 0.34453125 0.1828125 0.0578125 0.178125
2 0.23125 0.5765625 0.05 0.11875
2 0.1515625 0.81796875 0.103125 0.3265625
1 0.1546875 0.3546875 0.196875 0.159375
1 0.06328125 0.8859375 0.1078125 0.153125
1 0.31796875 0.69921875 0.1453125 0.2609375
3 0.3921875 0.35234375 0.09375 0.0421875
