1 0.5109375 0.80859375 0.33125 0.3828125
1 0.51796875 0.43984375 0.2796875 0.3203125
1 0.5171875 0.13984375 0.140625 0.1859375
1 0.1875 0.4578125 0.19375 0.115625
2 0.23671875 0.90234375 0.0765625 0.1484375
2 0.3015625 0.6375 0.059375 0.20625
3 0.365625 0.05859375 0.15625 0.0328125
3 0.1375 0.746875 0.2375 0.103125
3 0.12109375 0.9421875 0.0984375 0.09375
2 0.353125 0.409375 0.0625 0.19375
2 0.43828125 0.36875 0.0421875 0.103125
2 0.4015625 0.1734375 0.04375 0.115625
2 0.4859375 0.05546875 0.03125 0.0421875
