1 0.44453125 0.47109375 0.2671875 0.1734375
1 0.31484375 0.809375 0.1859375 0.38125
1 0.25390625 0.2265625 0.1515625 0.171875
1 0.1703125 0.43671875 0.221875 0.1953125
1 0.1140625 0.60625 0.19375 0.121875
1 0.096875 0.91953125 0.09375 0.1109375
2 0.27265625 0.49453125 0.0734375 0.2390625
2 0.1921875 0.75 0.075 0.221875
2 0.39453125 0.0875 0.0453125 0.15
2 0.33203125 0.27421875 0.0765625 0.1765625
2 0.5375 0.64375 0.046875 0.309375
3 0.28828125 0.08515625 0.1234375 0.0390625
3 0.4765625 0.059375 0.11875 0.040625
2 0.48125 0.7265625 0.053125 0.26875
2 0.4890625 0.20546875 0.03125 0.2234375
2 0.47265625 0.89375 0.0546875 0.175
