3 0.1828125 0.4125 0.2125 0.034375
1 0.46953125 0.56640625 0.2953125 0.2078125
1 0.4734375 0.82890625 0.36875 0.2796875
1 0.2265625 0.28359375 0.159375 0.1765625
1 0.46640625 0.28671875 0.1796875 0.2046875
3 0.4609375 0.428125 0.35 0.071875
3 0.15625 0.5609375 0.259375 0.05625
3 0.43828125 0.43984375 0.2640625 0.0453125
1 0.103125 0.740625 0.20625 0.28125
1 0.39765625 0.10234375 0.0703125 0.0953125
2 0.25234375 0.7171875 0.0765625 0.140625
2 0.20234375 0.8859375 0.0546875 0.165625
2 0.33984375 0.15234375 0.0578125 0.1109375
2 0.4484375 0.0921875 0.0375 0.10625
1 0.0953125 0.925 0.14375 0.10625
