1 0.30234375 0.20859375 0.1484375 0.1765625
1 0.20703125 0.4203125 0.2359375 0.225
1 0.128125 0.7453125 0.25 0.36875
1 0.4828125 0.47421875 0.215625 0.1890625
3 0.471875 0.6796875 0.384375 0.090625
2 0.6375 0.3171875 0.08125 0.2625
2 0.77421875 0.8609375 0.0578125 0.2375
2 0.3453125 0.421875 0.053125 0.221875
2 0.29609375 0.61875 0.0453125 0.109375
2 0.4203125 0.08203125 0.05 0.1390625
2 0.5953125 0.11484375 0.040625 0.1109375
2 0.64453125 0.52265625 0.0796875 0.1921875
2 0.68984375 0.75078125 0.0609375 0.1328125
2 0.7125 0.9125 0.065625 0.15
2 0.1484375 0.79453125 0.0625 0.0140625
