3 0.22109375 0.4328125 0.2109375 0.03125
1 0.25859375 0.3015625 0.1671875 0.178125
1 0.47421875 0.4421875 0.1953125 0.221875
3 0.42265625 0.18828125 0.2796875 0.0484375
3 0.45390625 0.9578125 0.3890625 0.08125
2 0.36640625 0.31171875 0.0640625 0.1703125
2 0.41328125 0.0921875 0.0609375 0.15
2 0.2921875 0.6203125 0.103125 0.259375
1 0.46484375 0.7125 0.2140625 0.21875
2 0.30625 0.13125 0.0875 0.10625
1 0.12890625 0.54609375 0.1734375 0.1890625
1 0.13046875 0.76875 0.1734375 0.240625
2 0.5984375 0.28984375 0.053125 0.1453125
2 0.61875 0.45234375 0.075 0.1734375
2 0.6484375 0.6484375 0.071875 0.18125
2 0.67890625 0.81953125 0.0640625 0.1234375
2 0.69453125 0.94296875 0.0640625 0.0890625
