3 0.41640625 0.15703125 0.3546875 0.0921875
1 0.2859375 0.25234375 0.196875 0.1046875
1 0.20390625 0.4265625 0.2453125 0.1875
1 0.16171875 0.58515625 0.2796875 0.1203125
1 0.1015625 0.86953125 0.171875 0.2171875
2 0.53671875 0.4609375 0.0421875 0.35625
3 0.48671875 0.68046875 0.3484375 0.0734375
2 0.5515625 0.84921875 0.096875 0.2171875
1 0.1578125 0.6875 0.171875 0.121875
2 0.42421875 0.075 0.0515625 0.1
2 0.61328125 0.20859375 0.0515625 0.1328125
2 0.665625 0.38359375 0.065625 0.1640625
2 0.77734375 0.878125 0.0640625 0.184375
2 0.37109375 0.325 0.0609375 0.18125
2 0.24453125 0.89140625 0.0796875 0.1828125
2 0.70234375 0.85546875 0.0703125 0.2046875
2 0.6546875 0.5859375 0.05625 0.15
