1 0.3625 0.76875 0.184375 0.415625
1 0.4671875 0.321875 0.2 0.175
1 0.48671875 0.1625 0.1359375 0.13125
3 0.3984375 0.109375 0.321875 0.0625
1 0.10234375 0.5546875 0.1328125 0.04375
2 0.20859375 0.81875 0.0921875 0.303125
2 0.203125 0.5375 0.090625 0.203125
2 0.14296875 0.41328125 0.0921875 0.2078125
2 0.3 0.4421875 0.06875 0.246875
2 0.4078125 0.53671875 0.078125 0.1765625
2 0.378125 0.18828125 0.059375 0.1140625
2 0.4109375 0.04453125 0.05 0.0734375
2 0.33359375 0.0359375 0.0453125 0.053125
1 0.53359375 0.51796875 0.1453125 0.1703125
1 0.559375 0.79453125 0.190625 0.3359375
