3 0.496875 0.44609375 0.265625 0.0640625
3 0.47109375 0.76953125 0.3359375 0.1453125
1 0.50234375 0.57734375 0.2859375 0.1984375
1 0.1265625 0.8703125 0.209375 0.21875
1 0.15390625 0.59921875 0.3015625 0.2640625
1 0.2359375 0.340625 0.228125 0.209375
1 0.33671875 0.1609375 0.1578125 0.178125
1 0.50625 0.90546875 0.36875 0.1296875
3 0.50390625 0.23359375 0.1734375 0.0671875
2 0.37890625 0.2296875 0.0765625 0.10625
2 0.37265625 0.359375 0.0828125 0.109375
2 0.32421875 0.5359375 0.0953125 0.16875
2 0.80546875 0.86015625 0.0859375 0.2421875
2 0.665625 0.3609375 0.05 0.16875
2 0.6171875 0.1859375 0.04375 0.165625
2 0.6796875 0.62265625 0.05 0.1890625
2 0.7390625 0.89296875 0.065625 0.1734375
