3 0.13359375 0.63828125 0.2109375 0.0359375
1 0.37890625 0.73359375 0.2078125 0.4234375
1 0.4203125 0.2921875 0.121875 0.265625
3 0.12734375 0.72578125 0.2484375 0.0765625
3 0.32890625 0.10625 0.0734375 0.040625
2 0.19921875 0.87578125 0.0921875 0.2015625
2 0.29296875 0.5390625 0.0953125 0.2125
2 0.33515625 0.31640625 0.0921875 0.2171875
2 0.515625 0.42265625 0.03125 0.5296875
2 0.40390625 0.0640625 0.0546875 0.084375
1 0.14921875 0.54375 0.1484375 0.128125
1 0.1875 0.38671875 0.1375 0.1234375
2 0.51796875 0.85546875 0.0546875 0.2765625
