3 0.4234375 0.07734375 0.278125 0.0453125
1 0.12734375 0.759375 0.2328125 0.365625
1 0.31796875 0.15 0.1140625 0.09375
3 0.48828125 0.41484375 0.2671875 0.0546875
3 0.25390625 0.48671875 0.1328125 0.0453125
3 0.403125 0.22578125 0.328125 0.0578125
2 0.609375 0.121875 0.053125 0.15
2 0.659375 0.30078125 0.05625 0.1953125
2 0.7875 0.85546875 0.10625 0.2109375
2 0.30546875 0.6515625 0.0953125 0.225
2 0.4140625 0.1625 0.05625 0.1
1 0.45546875 0.78203125 0.2578125 0.4078125
1 0.11015625 0.5234375 0.1484375 0.09375
2 0.65390625 0.53828125 0.0703125 0.1609375
2 0.6828125 0.71796875 0.05 0.1515625
2 0.20546875 0.36171875 0.0953125 0.1484375
2 0.709375 0.90390625 0.053125 0.1734375
