2 0.54921875 0.621875 0.0953125 0.66875
1 0.47109375 0.21015625 0.1984375 0.1453125
1 0.39375 0.409375 0.1875 0.2125
1 0.15859375 0.375 0.1671875 0.25
2 0.4015625 0.58203125 0.046875 0.1796875
2 0.36015625 0.83515625 0.0953125 0.3015625
2 0.2859375 0.665625 0.059375 0.23125
2 0.46015625 0.10859375 0.0515625 0.1109375
2 0.34765625 0.0734375 0.0421875 0.078125
2 0.2734375 0.4234375 0.034375 0.153125
2 0.2390625 0.8796875 0.065625 0.140625
1 0.140625 0.796875 0.2 0.328125
2 0.64609375 0.8515625 0.0859375 0.253125
