3 0.178125 0.5375 0.153125 0.034375
3 0.140625 0.62890625 0.196875 0.0671875
1 0.43828125 0.80625 0.3359375 0.31875
1 0.45 0.45546875 0.271875 0.2453125
2 0.4984375 0.21484375 0.0375 0.2359375
2 0.29609375 0.14453125 0.1234375 0.1640625
3 0.24765625 0.26796875 0.2421875 0.0421875
3 0.44140625 0.58359375 0.2140625 0.0296875
3 0.4265625 0.2765625 0.06875 0.040625
1 0.11875 0.85546875 0.175 0.1453125
1 0.24375 0.42578125 0.11875 0.1484375
2 0.15234375 0.40703125 0.0890625 0.1515625
2 0.06015625 0.58515625 0.0921875 0.1578125
2 0.27578125 0.57890625 0.0640625 0.1265625
2 0.21328125 0.81953125 0.0921875 0.2734375
2 0.34375 0.35546875 0.040625 0.1359375
2 0.3890625 0.1796875 0.03125 0.128125
2 0.421875 0.0515625 0.053125 0.084375
2 0.37578125 0.434375 0.0328125 0.115625
