1 0.1375 0.77890625 0.2625 0.3921875
1 0.475 0.78359375 0.328125 0.4140625
1 0.31875 0.13125 0.165625 0.1
1 0.28359375 0.265625 0.1765625 0.13125
1 0.4953125 0.24375 0.159375 0.171875
3 0.4828125 0.42734375 0.3 0.0640625
3 0.178125 0.51171875 0.309375 0.0515625
3 0.48125 0.07265625 0.13125 0.0359375
2 0.24453125 0.80546875 0.0796875 0.2890625
2 0.76640625 0.753125 0.0796875 0.221875
2 0.7078125 0.5265625 0.06875 0.159375
2 0.628125 0.24765625 0.071875 0.1984375
2 0.584375 0.0875 0.04375 0.08125
2 0.41171875 0.20390625 0.0390625 0.1359375
2 0.3625 0.35625 0.05 0.1375
2 0.66640625 0.609375 0.0828125 0.2125
2 0.721875 0.89375 0.071875 0.16875
