3 0.17109375 0.5140625 0.3421875 0.075
3 0.10703125 0.64140625 0.2078125 0.0953125
1 0.446875 0.35546875 0.2125 0.2921875
1 0.41484375 0.62890625 0.1859375 0.1578125
1 0.48125 0.1625 0.153125 0.1375
1 0.46171875 0.82109375 0.3296875 0.2578125
1 0.2734375 0.30625 0.165625 0.165625
2 0.2296875 0.7296875 0.090625 0.284375
2 0.178125 0.94453125 0.034375 0.1015625
3 0.08046875 0.90546875 0.1546875 0.0734375
2 0.57734375 0.48984375 0.0453125 0.3046875
2 0.384375 0.18046875 0.059375 0.1546875
2 0.32265625 0.3984375 0.0796875 0.1875
3 0.43984375 0.0359375 0.2390625 0.03125
