2 0.55 0.76796875 0.075 0.4234375
1 0.49921875 0.4203125 0.1578125 0.078125
1 0.33203125 0.11796875 0.0984375 0.1171875
1 0.296875 0.2640625 0.1875 0.1375
1 0.23046875 0.41796875 0.2484375 0.1671875
1 0.15234375 0.73671875 0.2765625 0.4515625
3 0.5109375 0.5234375 0.278125 0.05
3 0.49140625 0.29375 0.1734375 0.065625
3 0.50234375 0.10390625 0.1265625 0.0359375
3 0.49296875 0.01953125 0.1109375 0.0390625
2 0.2453125 0.8828125 0.06875 0.175
2 0.7828125 0.8375 0.075 0.271875
2 0.73125 0.61953125 0.05625 0.1140625
2 0.678125 0.3828125 0.078125 0.203125
2 0.62890625 0.18828125 0.0703125 0.1203125
2 0.40078125 0.1984375 0.0734375 0.165625
2 0.3625 0.3515625 0.05625 0.128125
2 0.6625 0.63203125 0.059375 0.1859375
2 0.703125 0.8546875 0.0625 0.225
2 0.628125 0.38046875 0.0375 0.1671875
