1 0.49296875 0.39140625 0.2328125 0.2015625
1 0.18671875 0.43359375 0.2984375 0.2265625
1 0.4671875 0.68515625 0.353125 0.2671875
1 0.1390625 0.6953125 0.25625 0.246875
1 0.42109375 0.91171875 0.5015625 0.1328125
1 0.47890625 0.16953125 0.1546875 0.1796875
3 0.36796875 0.25859375 0.4515625 0.0671875
2 0.1328125 0.66875 0.059375 0.13125
1 0.12578125 0.91953125 0.0734375 0.1078125
3 0.0859375 0.86328125 0.14375 0.0578125
2 0.390625 0.14140625 0.04375 0.1390625
2 0.23125 0.77109375 0.065625 0.1078125
