3 0.21484375 0.32578125 0.2203125 0.0328125
1 0.503125 0.7984375 0.196875 0.309375
1 0.3609375 0.59921875 0.21875 0.2546875
1 0.2828125 0.84609375 0.146875 0.2015625
1 0.475 0.36171875 0.2375 0.2046875
1 0.48203125 0.2078125 0.1484375 0.090625
1 0.315625 0.11875 0.121875 0.15625
1 0.26953125 0.25234375 0.1484375 0.0765625
1 0.11796875 0.79140625 0.1734375 0.3015625
1 0.2 0.5609375 0.096875 0.128125
2 0.125 0.45234375 0.1 0.1328125
2 0.04453125 0.6 0.0671875 0.13125
2 0.2828125 0.51484375 0.090625 0.3234375
2 0.409375 0.08125 0.053125 0.140625
2 0.35546875 0.259375 0.0546875 0.175
2 0.5125 0.140625 0.0625 0.1125
2 0.16171875 0.9546875 0.0515625 0.06875
