1 0.2140625 0.3625 0.2375 0.209375
1 0.49296875 0.45703125 0.2203125 0.1859375
1 0.44765625 0.75859375 0.2453125 0.3546875
2 0.34765625 0.0828125 0.1109375 0.1125
3 0.48828125 0.2 0.1578125 0.04375
1 0.3046875 0.20234375 0.103125 0.0703125
2 0.61640625 0.1046875 0.0734375 0.15625
2 0.6734375 0.28984375 0.0875 0.1515625
2 0.68515625 0.47421875 0.0796875 0.1578125
2 0.79140625 0.86015625 0.0921875 0.2171875
2 0.2609375 0.85078125 0.071875 0.2296875
2 0.3828125 0.31171875 0.046875 0.1515625
1 0.153125 0.590625 0.28125 0.221875
1 0.12109375 0.8390625 0.2265625 0.25625
2 0.6828125 0.69921875 0.06875 0.1390625
