1 0.2484375 0.4390625 0.2625 0.2625
1 0.5203125 0.4265625 0.2125 0.259375
1 0.1578125 0.77421875 0.259375 0.3359375
1 0.540625 0.80703125 0.309375 0.2890625
1 0.34921875 0.1859375 0.1171875 0.08125
3 0.51328125 0.61875 0.2515625 0.065625
1 0.51484375 0.15078125 0.1171875 0.2484375
2 0.34296875 0.8015625 0.0765625 0.334375
2 0.446875 0.13046875 0.053125 0.1671875
3 0.7484375 0.56328125 0.115625 0.0359375
3 0.3734375 0.12734375 0.11875 0.0390625
1 0.796875 0.70078125 0.14375 0.1765625
1 0.8375 0.9046875 0.115625 0.159375
