1 0.14375 0.58984375 0.265625 0.1609375
1 0.10859375 0.8328125 0.2078125 0.246875
1 0.203125 0.40390625 0.234375 0.1734375
3 0.4703125 0.51328125 0.215625 0.0828125
3 0.36796875 0.2921875 0.3953125 0.06875
3 0.49609375 0.09375 0.1421875 0.028125
2 0.39765625 0.18203125 0.0578125 0.1859375
1 0.90546875 0.85078125 0.1671875 0.1953125
3 0.84765625 0.66953125 0.2734375 0.0453125
1 0.51328125 0.853125 0.2515625 0.253125
2 0.25390625 0.8171875 0.1046875 0.203125
2 0.3109375 0.59765625 0.0625 0.1765625
2 0.265625 0.09921875 0.05625 0.0734375
2 0.196875 0.21171875 0.065625 0.0953125
2 0.12421875 0.32890625 0.0421875 0.0890625
2 0.04609375 0.4640625 0.0671875 0.1
2 0.71328125 0.88828125 0.0921875 0.1703125
0 0.678125 0.65859375 0.059375 0.1984375
0 0.6296875 0.45390625 0.05625 0.0921875
2 0.60234375 0.265625 0.0484375 0.146875
