1 0.246875 0.28359375 0.23125 0.2453125
1 0.1765625 0.52421875 0.340625 0.1890625
1 0.1515625 0.78984375 0.246875 0.3046875
1 0.4703125 0.69453125 0.325 0.5140625
3 0.48984375 0.2015625 0.2140625 0.084375
3 0.4171875 0.0671875 0.29375 0.078125
2 0.63515625 0.30234375 0.0828125 0.1703125
2 0.6109375 0.1453125 0.046875 0.115625
2 0.38046875 0.31953125 0.0609375 0.1234375
2 0.26015625 0.84921875 0.0734375 0.2234375
2 0.315625 0.5859375 0.075 0.2
2 0.58828125 0.0546875 0.0359375 0.065625
2 0.4 0.1828125 0.053125 0.153125
2 0.69140625 0.47265625 0.0390625 0.0859375
2 0.72265625 0.89453125 0.0640625 0.1765625
2 0.6796875 0.653125 0.04375 0.18125
2 0.63984375 0.43671875 0.0421875 0.1515625
