1 0.59765625 0.73203125 0.1078125 0.3984375
1 0.38671875 0.765625 0.1859375 0.325
1 0.38828125 0.4546875 0.1171875 0.19375
1 0.51796875 0.2203125 0.1296875 0.1625
1 0.5265625 0.3671875 0.125 0.125
1 0.51484375 0.078125 0.0859375 0.1125
3 0.47890625 0.4609375 0.1265625 0.05625
1 0.24453125 0.29609375 0.1921875 0.1421875
1 0.1796875 0.60234375 0.146875 0.3109375
1 0.0609375 0.64609375 0.053125 0.2234375
2 0.42734375 0.08046875 0.0796875 0.1390625
2 0.3984375 0.25390625 0.1 0.1984375
2 0.27421875 0.1546875 0.0546875 0.08125
2 0.1328125 0.45625 0.071875 0.10625
2 0.2875 0.5578125 0.06875 0.2
2 0.22421875 0.8375 0.0984375 0.30625
2 0.51875 0.75 0.05 0.471875
