1 0.3234375 0.14453125 0.153125 0.1609375
1 0.2734375 0.2796875 0.153125 0.09375
1 0.16953125 0.56015625 0.2765625 0.3078125
1 0.1 0.871875 0.175 0.178125
1 0.4890625 0.54296875 0.246875 0.2265625
1 0.5265625 0.9 0.2875 0.1625
1 0.48359375 0.22890625 0.1390625 0.1703125
3 0.446875 0.765625 0.30625 0.1375
3 0.15234375 0.72578125 0.2703125 0.1015625
3 0.2421875 0.36796875 0.165625 0.0484375
2 0.34609375 0.41328125 0.0921875 0.2796875
2 0.4125 0.0703125 0.065625 0.096875
2 0.72109375 0.86953125 0.0765625 0.2390625
