1 0.28984375 0.32890625 0.1921875 0.2015625
1 0.1609375 0.721875 0.278125 0.4625
1 0.5140625 0.77265625 0.2375 0.3203125
2 0.5609375 0.290625 0.04375 0.15
2 0.54609375 0.11953125 0.0578125 0.0953125
3 0.528125 0.39453125 0.21875 0.0390625
3 0.51796875 0.2 0.1546875 0.04375
1 0.3453125 0.1390625 0.115625 0.121875
1 0.378125 0.04375 0.08125 0.08125
2 0.42265625 0.215625 0.0640625 0.2625
2 0.359375 0.5453125 0.065625 0.26875
2 0.32265625 0.8296875 0.0703125 0.26875
2 0.79453125 0.8734375 0.1046875 0.203125
2 0.7265625 0.640625 0.078125 0.20625
