1 0.4890625 0.146875 0.1375 0.20625
1 0.49375 0.41015625 0.20625 0.2640625
1 0.471875 0.77890625 0.340625 0.4171875
1 0.290625 0.2171875 0.146875 0.13125
3 0.21640625 0.39375 0.1578125 0.059375
2 0.37890625 0.26640625 0.0703125 0.2765625
2 0.24921875 0.81796875 0.0796875 0.2953125
2 0.725 0.6 0.071875 0.215625
2 0.76953125 0.86953125 0.0859375 0.1859375
2 0.6625 0.38046875 0.065625 0.1609375
2 0.61015625 0.1890625 0.0640625 0.171875
0 0.73359375 0.1796875 0.1171875 0.178125
1 0.1765625 0.5265625 0.234375 0.153125
1 0.1375 0.70390625 0.228125 0.1734375
1 0.11015625 0.86875 0.1578125 0.1375
2 0.7 0.89453125 0.053125 0.1609375
2 0.665625 0.68515625 0.05625 0.1546875
2 0.64140625 0.49140625 0.0453125 0.1453125
