1 0.1453125 0.7578125 0.28125 0.396875
1 0.51796875 0.70859375 0.2453125 0.4859375
1 0.26640625 0.3421875 0.1921875 0.140625
3 0.50625 0.40625 0.24375 0.0625
3 0.2421875 0.49453125 0.215625 0.0671875
3 0.3234375 0.22421875 0.128125 0.0515625
2 0.32265625 0.66640625 0.0578125 0.2484375
2 0.27265625 0.9046875 0.0546875 0.1625
2 0.79375 0.859375 0.0625 0.203125
2 0.4046875 0.14921875 0.05 0.1046875
2 0.378125 0.3375 0.06875 0.0875
2 0.44140625 0.03046875 0.0328125 0.0453125
2 0.71328125 0.73828125 0.0734375 0.1921875
2 0.67734375 0.53984375 0.0484375 0.1703125
