2 0.50703125 0.66640625 0.0578125 0.6015625
2 0.50078125 0.278125 0.0265625 0.075
1 0.42421875 0.20703125 0.1109375 0.1140625
1 0.57421875 0.43828125 0.0796875 0.1171875
1 0.6 0.740625 0.071875 0.41875
3 0.46875 0.3359375 0.15625 0.034375
2 0.34609375 0.61015625 0.0703125 0.1828125
2 0.309375 0.8421875 0.0625 0.25
2 0.0703125 0.8921875 0.0625 0.1375
2 0.18125 0.71640625 0.053125 0.0921875
2 0.25703125 0.65390625 0.0734375 0.2140625
2 0.1875 0.86484375 0.065625 0.1859375
2 0.3125 0.41953125 0.08125 0.2234375
2 0.49921875 0.1484375 0.0328125 0.14375
3 0.240625 0.525 0.06875 0.0375
3 0.44765625 0.67421875 0.1109375 0.0359375
3 0.440625 0.8796875 0.096875 0.065625
