3 0.21484375 0.5296875 0.1421875 0.075
1 0.4828125 0.63984375 0.30625 0.3015625
1 0.4078125 0.91484375 0.35625 0.1640625
3 0.26796875 0.35625 0.1234375 0.084375
1 0.5015625 0.22578125 0.10625 0.1140625
1 0.26015625 0.2171875 0.1171875 0.146875
2 0.21953125 0.825 0.0890625 0.240625
2 0.28515625 0.55546875 0.0984375 0.2765625
2 0.153125 0.41953125 0.075 0.1265625
2 0.0671875 0.6703125 0.1 0.228125
2 0.3625 0.30390625 0.05625 0.2046875
2 0.40390625 0.33125 0.0484375 0.296875
2 0.5171875 0.38671875 0.046875 0.1359375
2 0.41640625 0.0671875 0.0453125 0.11875
2 0.3375 0.0515625 0.05 0.084375
2 0.50703125 0.09140625 0.0609375 0.0828125
3 0.08359375 0.88046875 0.1421875 0.0828125
