1 0.5046875 0.75 0.325 0.23125
1 0.30234375 0.25234375 0.1953125 0.2109375
1 0.20859375 0.5078125 0.3109375 0.259375
1 0.15703125 0.81171875 0.2640625 0.3140625
1 0.359375 0.0828125 0.109375 0.1125
3 0.5203125 0.509375 0.26875 0.059375
3 0.55 0.2515625 0.15 0.075
2 0.7859375 0.7390625 0.078125 0.178125
2 0.640625 0.2140625 0.078125 0.196875
2 0.5921875 0.06328125 0.053125 0.1078125
2 0.42578125 0.16171875 0.0515625 0.2046875
2 0.36953125 0.4765625 0.0453125 0.184375
2 0.31171875 0.69375 0.0453125 0.19375
2 0.278125 0.89765625 0.078125 0.1828125
1 0.5203125 0.42578125 0.175 0.0828125
2 0.75703125 0.8875 0.0671875 0.171875
2 0.71328125 0.7171875 0.0546875 0.128125
2 0.6796875 0.57890625 0.05 0.1078125
2 0.6484375 0.41015625 0.04375 0.1390625
