1 0.22578125 0.3609375 0.2140625 0.1375
1 0.16640625 0.50546875 0.2515625 0.1546875
1 0.13671875 0.74375 0.2515625 0.30625
3 0.4171875 0.078125 0.296875 0.0625
3 0.4953125 0.6578125 0.1125 0.04375
3 0.48125 0.24453125 0.140625 0.0703125
1 0.303125 0.21015625 0.15 0.1234375
2 0.33515625 0.4890625 0.0796875 0.2
2 0.675 0.36484375 0.078125 0.1921875
2 0.80234375 0.8484375 0.0890625 0.23125
2 0.2515625 0.865625 0.090625 0.20625
2 0.62265625 0.1765625 0.0921875 0.190625
2 0.41171875 0.16796875 0.0484375 0.1296875
2 0.58828125 0.04375 0.0484375 0.0625
