3 0.16484375 0.63828125 0.2515625 0.0859375
2 0.38671875 0.725 0.0421875 0.228125
2 0.4359375 0.22421875 0.05625 0.1203125
2 0.5296875 0.3640625 0.046875 0.21875
2 0.37734375 0.22734375 0.0296875 0.0828125
2 0.5515625 0.72421875 0.06875 0.4828125
2 0.62734375 0.8234375 0.0484375 0.26875
2 0.52734375 0.1359375 0.0390625 0.228125
2 0.421875 0.43828125 0.065625 0.2484375
2 0.253125 0.8375 0.078125 0.290625
2 0.3375 0.43671875 0.06875 0.3296875
2 0.428125 0.08515625 0.046875 0.1390625
2 0.37890625 0.096875 0.0390625 0.10625
1 0.1203125 0.89140625 0.134375 0.1703125
1 0.24921875 0.35 0.1203125 0.096875
