1 0.48203125 0.44296875 0.2484375 0.1578125
1 0.50390625 0.76328125 0.2796875 0.4578125
1 0.26796875 0.85078125 0.1140625 0.2265625
1 0.50859375 0.25859375 0.1265625 0.1265625
1 0.47109375 0.10625 0.1109375 0.14375
3 0.46328125 0.346875 0.1078125 0.04375
2 0.18203125 0.36796875 0.1265625 0.2515625
2 0.4015625 0.14375 0.05625 0.16875
2 0.34296875 0.3390625 0.0609375 0.1875
2 0.2734375 0.59375 0.078125 0.246875
2 0.20546875 0.84765625 0.0671875 0.2171875
2 0.34375 0.6453125 0.0625 0.159375
3 0.09609375 0.6 0.1421875 0.065625
3 0.0640625 0.8078125 0.1 0.096875
2 0.4390625 0.24921875 0.025 0.0765625
