1 0.525 0.440625 0.225 0.23125
1 0.54765625 0.80546875 0.2578125 0.3828125
1 0.18359375 0.67890625 0.3265625 0.1765625
1 0.2625 0.34375 0.25 0.0875
1 0.49140625 0.20703125 0.1171875 0.1359375
2 0.3078125 0.50390625 0.053125 0.1984375
2 0.21484375 0.87109375 0.0734375 0.1703125
2 0.3203125 0.875 0.046875 0.18125
2 0.35703125 0.6703125 0.0515625 0.1875
2 0.38359375 0.478125 0.0421875 0.171875
2 0.37265625 0.2421875 0.0390625 0.140625
2 0.415625 0.31171875 0.034375 0.1578125
2 0.446875 0.078125 0.040625 0.134375
2 0.3828125 0.059375 0.015625 0.053125
2 0.2859375 0.12578125 0.034375 0.0453125
1 0.1375 0.47734375 0.2375 0.1453125
