3 0.484375 0.64140625 0.259375 0.1328125
3 0.503125 0.28828125 0.184375 0.0640625
1 0.14453125 0.72265625 0.2734375 0.4765625
1 0.4921875 0.834375 0.36875 0.275
1 0.4859375 0.49609375 0.28125 0.2265625
1 0.25859375 0.31484375 0.1734375 0.1796875
1 0.32734375 0.140625 0.1296875 0.18125
1 0.4890625 0.1453125 0.134375 0.18125
3 0.2171875 0.45390625 0.1625 0.0453125
2 0.35703125 0.3171875 0.0890625 0.184375
2 0.3375 0.55 0.075 0.209375
2 0.4109375 0.1453125 0.0625 0.153125
2 0.6296875 0.24296875 0.075 0.2265625
2 0.6984375 0.778125 0.071875 0.234375
