1 0.21953125 0.48359375 0.2328125 0.2171875
1 0.14765625 0.79609375 0.2734375 0.3828125
1 0.53671875 0.3921875 0.1796875 0.296875
1 0.30859375 0.1953125 0.1671875 0.1875
3 0.26796875 0.325 0.2046875 0.065625
3 0.53671875 0.6078125 0.3328125 0.0625
3 0.5234375 0.1125 0.1625 0.040625
2 0.41875 0.21328125 0.05625 0.1734375
2 0.66015625 0.2625 0.0890625 0.203125
2 0.72578125 0.5015625 0.0734375 0.19375
2 0.8125 0.79921875 0.153125 0.3390625
2 0.309375 0.796875 0.06875 0.340625
2 0.37421875 0.4875 0.0671875 0.228125
1 0.53359375 0.80703125 0.3109375 0.2890625
