1 0.3140625 0.14921875 0.165625 0.1921875
1 0.215625 0.36171875 0.278125 0.1984375
1 0.15703125 0.59765625 0.3015625 0.2421875
1 0.13203125 0.8484375 0.2453125 0.234375
1 0.46953125 0.5625 0.2890625 0.190625
3 0.49375 0.7421875 0.36875 0.121875
3 0.4875 0.14921875 0.165625 0.0765625
2 0.30546875 0.609375 0.0578125 0.175
2 0.409375 0.08125 0.05 0.125
2 0.346875 0.375 0.05 0.16875
2 0.60703125 0.2015625 0.0484375 0.13125
2 0.659375 0.3796875 0.071875 0.18125
2 0.57890625 0.05625 0.0390625 0.0875
2 0.70625 0.89765625 0.059375 0.1765625
2 0.6546875 0.58515625 0.05625 0.1640625
