3 0.534375 0.84765625 0.41875 0.0890625
3 0.49609375 0.6734375 0.2984375 0.0375
3 0.16640625 0.675 0.3015625 0.065625
3 0.24921875 0.5 0.1578125 0.028125
3 0.23828125 0.5703125 0.1859375 0.046875
3 0.5078125 0.37265625 0.1875 0.0203125
1 0.4859375 0.11328125 0.13125 0.1671875
1 0.49140625 0.50546875 0.2703125 0.2109375
1 0.18046875 0.36015625 0.1765625 0.1328125
3 0.3203125 0.17265625 0.159375 0.0484375
2 0.084375 0.8 0.121875 0.265625
2 0.3125 0.0984375 0.053125 0.028125
1 0.2109375 0.91015625 0.196875 0.1359375
1 0.559375 0.76953125 0.184375 0.1234375
1 0.60234375 0.93125 0.2109375 0.103125
