3 0.471875 0.09765625 0.2 0.0296875
1 0.53203125 0.21953125 0.1296875 0.1640625
1 0.54375 0.5078125 0.203125 0.2125
2 0.66171875 0.81484375 0.1359375 0.3484375
1 0.18984375 0.52890625 0.3390625 0.2265625
1 0.165625 0.82109375 0.25625 0.2828125
2 0.30625 0.259375 0.178125 0.28125
2 0.45546875 0.04765625 0.0640625 0.0703125
0 0.37734375 0.80703125 0.1234375 0.3265625
0 0.3953125 0.515625 0.075 0.228125
0 0.43984375 0.3140625 0.0453125 0.125
3 0.82109375 0.83125 0.0515625 0.065625
3 0.75703125 0.540625 0.0671875 0.04375
2 0.6453125 0.278125 0.059375 0.18125
2 0.6890625 0.4546875 0.053125 0.11875
2 0.765625 0.7 0.053125 0.18125
2 0.8125 0.91171875 0.05625 0.1296875
