1 0.26640625 0.303125 0.1828125 0.128125
1 0.1984375 0.43671875 0.271875 0.1078125
1 0.15078125 0.646875 0.2828125 0.13125
1 0.1328125 0.853125 0.2125 0.26875
1 0.49375 0.36484375 0.15625 0.3453125
1 0.4921875 0.81171875 0.23125 0.3328125
3 0.16171875 0.525 0.3046875 0.053125
3 0.28984375 0.203125 0.1359375 0.05
3 0.35859375 0.06328125 0.0796875 0.0421875
2 0.76796875 0.88828125 0.0703125 0.1640625
2 0.303125 0.64453125 0.0625 0.1734375
2 0.23828125 0.87421875 0.0796875 0.1671875
2 0.415625 0.14765625 0.08125 0.2015625
2 0.346875 0.44140625 0.053125 0.1046875
2 0.7078125 0.884375 0.05 0.2125
2 0.68203125 0.6703125 0.0640625 0.175
2 0.6390625 0.44375 0.05 0.18125
