3 0.49375 0.1796875 0.18125 0.053125
2 0.509375 0.08671875 0.04375 0.1109375
3 0.47890625 0.77734375 0.4015625 0.0671875
1 0.1859375 0.38359375 0.28125 0.2484375
2 0.4 0.12421875 0.040625 0.1046875
2 0.35703125 0.25078125 0.0453125 0.1203125
2 0.2796875 0.521875 0.071875 0.171875
2 0.2234375 0.71015625 0.05625 0.1765625
2 0.17109375 0.89921875 0.0578125 0.1546875
2 0.50078125 0.35 0.0359375 0.25
2 0.35 0.59921875 0.071875 0.1703125
1 0.53359375 0.90234375 0.1671875 0.1484375
1 0.52265625 0.6140625 0.1859375 0.203125
