1 0.265625 0.28984375 0.19375 0.1578125
1 0.1328125 0.50078125 0.2 0.1703125
1 0.13046875 0.78984375 0.2546875 0.3734375
3 0.48515625 0.47109375 0.2921875 0.0859375
3 0.221875 0.39453125 0.2625 0.0453125
2 0.53046875 0.753125 0.0953125 0.40625
2 0.521875 0.228125 0.05625 0.34375
3 0.328125 0.1859375 0.153125 0.0375
1 0.36171875 0.10546875 0.0984375 0.1171875
2 0.77421875 0.88359375 0.0734375 0.1421875
2 0.65234375 0.35078125 0.0703125 0.2265625
2 0.60078125 0.1234375 0.0671875 0.184375
2 0.30234375 0.64921875 0.0890625 0.2609375
2 0.3890625 0.27109375 0.0625 0.1265625
2 0.42890625 0.0765625 0.0390625 0.08125
2 0.7 0.87890625 0.071875 0.2140625
2 0.66640625 0.62265625 0.0609375 0.1765625
