1 0.20390625 0.4078125 0.3015625 0.15625
1 0.13828125 0.6 0.2640625 0.225
1 0.1125 0.8390625 0.203125 0.178125
1 0.48515625 0.6953125 0.2671875 0.465625
1 0.32578125 0.14140625 0.1921875 0.1578125
3 0.2640625 0.2890625 0.2 0.059375
1 0.484375 0.2578125 0.165625 0.35625
2 0.61171875 0.18203125 0.0421875 0.1453125
2 0.63984375 0.34453125 0.0734375 0.1765625
2 0.7640625 0.903125 0.08125 0.14375
2 0.2328125 0.859375 0.09375 0.246875
2 0.303125 0.609375 0.075 0.2375
2 0.35234375 0.39375 0.0515625 0.134375
2 0.39921875 0.1921875 0.0546875 0.203125
2 0.57890625 0.05546875 0.0296875 0.0609375
2 0.70078125 0.9 0.0609375 0.16875
2 0.6703125 0.71796875 0.05625 0.1484375
2 0.6375 0.54140625 0.05 0.1703125
2 0.6140625 0.36796875 0.040625 0.1296875
