1 0.2703125 0.33671875 0.171875 0.1515625
1 0.1984375 0.54296875 0.303125 0.1984375
1 0.1609375 0.79140625 0.30625 0.2609375
2 0.59296875 0.6296875 0.1640625 0.640625
3 0.48203125 0.19765625 0.0953125 0.0328125
3 0.33203125 0.2046875 0.1234375 0.03125
1 0.51796875 0.1015625 0.0828125 0.15
1 0.3484375 0.11328125 0.140625 0.1421875
2 0.3921875 0.3875 0.071875 0.26875
2 0.77109375 0.58671875 0.0765625 0.2265625
2 0.84375 0.84765625 0.096875 0.2296875
2 0.68203125 0.3421875 0.0890625 0.240625
2 0.62734375 0.1390625 0.0578125 0.159375
2 0.7625 0.84453125 0.059375 0.1890625
2 0.71875 0.61796875 0.075 0.1796875
