1 0.1453125 0.64296875 0.2375 0.2703125
3 0.3984375 0.20390625 0.35 0.0609375
3 0.4359375 0.0625 0.259375 0.053125
3 0.5109375 0.35625 0.175 0.05
1 0.49609375 0.67265625 0.1328125 0.3140625
2 0.2765625 0.7671875 0.078125 0.30625
2 0.3296875 0.490625 0.090625 0.221875
2 0.63828125 0.2984375 0.0640625 0.24375
2 0.59765625 0.10625 0.0453125 0.09375
2 0.4125 0.13046875 0.034375 0.1046875
2 0.77890625 0.8734375 0.0671875 0.1875
1 0.15 0.890625 0.15625 0.165625
1 0.2421875 0.36015625 0.21875 0.2734375
2 0.63515625 0.496875 0.0734375 0.13125
2 0.665625 0.65625 0.078125 0.14375
2 0.696875 0.85625 0.090625 0.240625
