1 0.46015625 0.18984375 0.2140625 0.1859375
1 0.434375 0.41015625 0.25 0.2390625
1 0.19765625 0.590625 0.2734375 0.19375
1 0.3625 0.809375 0.3625 0.234375
1 0.225 0.37890625 0.234375 0.1921875
2 0.4625 0.040625 0.05 0.059375
1 0.10625 0.846875 0.184375 0.265625
1 0.62265625 0.76796875 0.1390625 0.3796875
1 0.56953125 0.4640625 0.1421875 0.109375
3 0.3390625 0.02890625 0.09375 0.0234375
3 0.321875 0.14765625 0.1125 0.0265625
1 0.2828125 0.21171875 0.096875 0.0859375
1 0.3359375 0.0890625 0.08125 0.065625
