1 0.375 0.853125 0.39375 0.234375
1 0.39453125 0.5328125 0.2546875 0.2375
1 0.43203125 0.31953125 0.1984375 0.2015625
1 0.43203125 0.1484375 0.1109375 0.134375
3 0.11640625 0.740625 0.2328125 0.071875
3 0.3921875 0.70078125 0.16875 0.0609375
3 0.134375 0.49453125 0.234375 0.0609375
3 0.19375 0.365625 0.215625 0.053125
3 0.2234375 0.24140625 0.178125 0.0296875
3 0.2859375 0.17421875 0.16875 0.0515625
2 0.2125 0.6265625 0.065625 0.165625
2 0.23984375 0.30625 0.0484375 0.0875
2 0.3140625 0.08984375 0.103125 0.1109375
2 0.40390625 0.03984375 0.0546875 0.0484375
