2 0.49453125 0.8625 0.0671875 0.246875
2 0.50703125 0.40234375 0.0421875 0.2484375
2 0.509375 0.10703125 0.03125 0.1640625
3 0.5 0.56875 0.3375 0.0625
3 0.1203125 0.6453125 0.2125 0.08125
3 0.15859375 0.43359375 0.2421875 0.0859375
3 0.32578125 0.2375 0.3234375 0.0625
2 0.29375 0.490625 0.05625 0.196875
2 0.2296875 0.7140625 0.075 0.178125
2 0.1578125 0.91640625 0.071875 0.1546875
2 0.38671875 0.125 0.0546875 0.178125
2 0.39140625 0.45703125 0.0453125 0.1609375
2 0.4921875 0.68125 0.04375 0.11875
2 0.553125 0.82890625 0.05625 0.2234375
