1 0.2421875 0.378125 0.209375 0.2125
1 0.17578125 0.55859375 0.3109375 0.1265625
1 0.1359375 0.8046875 0.265625 0.31875
1 0.5015625 0.42890625 0.228125 0.2765625
1 0.5234375 0.71015625 0.3125 0.2609375
3 0.43984375 0.09140625 0.2828125 0.0453125
3 0.496875 0.21484375 0.171875 0.0359375
3 0.60546875 0.434375 0.1140625 0.03125
3 0.3140625 0.2328125 0.090625 0.03125
2 0.640625 0.19921875 0.078125 0.2265625
2 0.69140625 0.3828125 0.0703125 0.075
2 0.80546875 0.859375 0.1109375 0.234375
2 0.3609375 0.5140625 0.040625 0.25625
2 0.3015625 0.8265625 0.103125 0.31875
2 0.42109375 0.1578125 0.0546875 0.11875
