1 0.240625 0.2703125 0.18125 0.234375
1 0.159375 0.5015625 0.234375 0.215625
1 0.1046875 0.78359375 0.178125 0.3421875
3 0.465625 0.146875 0.209375 0.040625
1 0.46796875 0.3875 0.1671875 0.3
2 0.66015625 0.6171875 0.0734375 0.2
2 0.7234375 0.87890625 0.065625 0.1765625
2 0.28671875 0.49375 0.0640625 0.23125
2 0.34296875 0.2640625 0.0796875 0.1875
2 0.39609375 0.05390625 0.0484375 0.1046875
2 0.075 0.29375 0.1375 0.203125
2 0.640625 0.77890625 0.046875 0.1828125
2 0.59140625 0.471875 0.0546875 0.14375
