1 0.16171875 0.76328125 0.2671875 0.4015625
1 0.51640625 0.73203125 0.3390625 0.3921875
1 0.26953125 0.37734375 0.1765625 0.1734375
3 0.53125 0.41640625 0.334375 0.0546875
3 0.20234375 0.50859375 0.2765625 0.0453125
3 0.52734375 0.22421875 0.2140625 0.0515625
3 0.290625 0.25703125 0.165625 0.0359375
3 0.3625 0.0796875 0.146875 0.053125
2 0.30390625 0.87890625 0.0671875 0.2140625
2 0.8125 0.7984375 0.0875 0.2875
2 0.73828125 0.546875 0.0640625 0.159375
2 0.68046875 0.3046875 0.0671875 0.14375
2 0.41015625 0.32265625 0.0359375 0.1140625
2 0.4296875 0.18828125 0.046875 0.0765625
2 0.62265625 0.1140625 0.0703125 0.15
