1 0.228125 0.39921875 0.178125 0.2046875
1 0.15078125 0.6421875 0.2796875 0.271875
1 0.4859375 0.72265625 0.30625 0.3828125
1 0.11875 0.88984375 0.1875 0.1703125
3 0.4015625 0.2 0.35625 0.065625
3 0.425 0.0671875 0.25625 0.059375
3 0.4734375 0.35625 0.18125 0.06875
2 0.778125 0.80078125 0.103125 0.3640625
2 0.65 0.32421875 0.075 0.2546875
2 0.3609375 0.390625 0.078125 0.2
2 0.60078125 0.128125 0.0328125 0.125
2 0.40703125 0.12890625 0.0421875 0.0765625
2 0.72578125 0.8859375 0.0484375 0.140625
2 0.66640625 0.59296875 0.0609375 0.1890625
