1 0.12890625 0.553125 0.2171875 0.18125
1 0.11328125 0.82109375 0.2046875 0.2734375
1 0.446875 0.72734375 0.290625 0.4546875
1 0.2375 0.31640625 0.1875 0.1703125
3 0.1765625 0.42265625 0.209375 0.0734375
3 0.40234375 0.1890625 0.3609375 0.05625
2 0.41328125 0.06171875 0.0515625 0.0921875
2 0.346875 0.3671875 0.071875 0.259375
2 0.64296875 0.36875 0.0828125 0.25625
2 0.74765625 0.87890625 0.0546875 0.1640625
2 0.59296875 0.1234375 0.0640625 0.175
1 0.49765625 0.45546875 0.0734375 0.1078125
1 0.48359375 0.265625 0.1390625 0.06875
2 0.67734375 0.8421875 0.0640625 0.203125
