1 0.2546875 0.32734375 0.253125 0.1953125
1 0.17890625 0.54609375 0.3328125 0.1796875
1 0.153125 0.8171875 0.2375 0.30625
1 0.46875 0.80390625 0.353125 0.3484375
1 0.490625 0.5140625 0.278125 0.25
1 0.4828125 0.21328125 0.184375 0.1828125
1 0.3765625 0.03984375 0.075 0.0546875
3 0.28046875 0.1953125 0.1296875 0.03125
3 0.334375 0.10234375 0.1375 0.0265625
2 0.703125 0.60546875 0.05625 0.1921875
2 0.765625 0.82578125 0.096875 0.2265625
2 0.6484375 0.35 0.0625 0.203125
2 0.60625 0.1515625 0.05625 0.1625
2 0.36875 0.2703125 0.075 0.275
2 0.228125 0.87109375 0.078125 0.2140625
2 0.69921875 0.82890625 0.0484375 0.2328125
