3 0.4125 0.54765625 0.590625 0.1421875
3 0.43125 0.24375 0.33125 0.0875
3 0.44375 0.09453125 0.25625 0.0515625
3 0.44375 0.03359375 0.221875 0.0390625
1 0.21171875 0.278125 0.1171875 0.153125
1 0.078125 0.5203125 0.14375 0.23125
1 0.296875 0.1265625 0.096875 0.115625
2 0.35625 0.36796875 0.065625 0.0921875
2 0.25 0.80390625 0.1375 0.2546875
2 0.39609375 0.16796875 0.0765625 0.0921875
2 0.64296875 0.36328125 0.0484375 0.2265625
2 0.69296875 0.65703125 0.0640625 0.1640625
2 0.72421875 0.86484375 0.0640625 0.1859375
