3 0.23515625 0.4109375 0.2515625 0.078125
3 0.415625 0.178125 0.31875 0.06875
1 0.1953125 0.29609375 0.06875 0.1078125
1 0.3140625 0.08359375 0.08125 0.0859375
2 0.21875 0.88828125 0.09375 0.1953125
2 0.30859375 0.634375 0.0609375 0.178125
2 0.37578125 0.30859375 0.0859375 0.1421875
2 0.42578125 0.09609375 0.0703125 0.1171875
3 0.49609375 0.57265625 0.2515625 0.1015625
3 0.140625 0.63359375 0.2125 0.0703125
2 0.715625 0.84765625 0.078125 0.2328125
2 0.684375 0.584375 0.071875 0.234375
2 0.62421875 0.3265625 0.0671875 0.225
2 0.590625 0.12421875 0.04375 0.1578125
