3 0.14765625 0.69765625 0.2796875 0.1046875
3 0.22109375 0.3953125 0.2265625 0.109375
3 0.18984375 0.53984375 0.2984375 0.0859375
3 0.27578125 0.27890625 0.2171875 0.0765625
2 0.07109375 0.38671875 0.0921875 0.1859375
2 0.1828125 0.19296875 0.125 0.1765625
2 0.284375 0.05703125 0.065625 0.0953125
3 0.503125 0.05234375 0.1375 0.0390625
3 0.36171875 0.0625 0.1109375 0.06875
2 0.3765625 0.36171875 0.071875 0.0734375
2 0.59765625 0.06328125 0.0453125 0.1109375
2 0.6328125 0.19765625 0.05 0.1296875
2 0.675 0.346875 0.053125 0.134375
2 0.7140625 0.5375 0.06875 0.10625
2 0.7515625 0.68359375 0.103125 0.1734375
