1 0.378125 0.58046875 0.615625 0.4390625
3 0.840625 0.596875 0.05625 0.084375
3 0.7671875 0.45078125 0.0875 0.1171875
3 0.6546875 0.2046875 0.115625 0.06875
2 0.2859375 0.06640625 0.071875 0.1328125
2 0.19609375 0.2140625 0.0765625 0.128125
2 0.1078125 0.35703125 0.090625 0.1140625
2 0.0328125 0.49921875 0.059375 0.1140625
2 0.62109375 0.07421875 0.0609375 0.1265625
2 0.684375 0.28828125 0.046875 0.1359375
2 0.759375 0.53671875 0.065625 0.1328125
2 0.82109375 0.72109375 0.0890625 0.1640625
2 0.86484375 0.9171875 0.0796875 0.146875
