3 0.34765625 0.15390625 0.2171875 0.0515625
3 0.2921875 0.27578125 0.20625 0.0640625
3 0.21953125 0.4328125 0.2640625 0.05625
3 0.1734375 0.6828125 0.25625 0.065625
3 0.71328125 0.534375 0.1046875 0.04375
3 0.7171875 0.61875 0.078125 0.05625
3 0.64765625 0.3640625 0.0640625 0.0375
3 0.38359375 0.0453125 0.1421875 0.059375
3 0.5578125 0.0375 0.1125 0.05
3 0.5609375 0.12109375 0.103125 0.0359375
3 0.5609375 0.16953125 0.096875 0.0390625
2 0.27421875 0.09921875 0.0578125 0.0640625
2 0.190625 0.23515625 0.071875 0.1171875
2 0.109375 0.36796875 0.08125 0.1078125
2 0.0359375 0.50078125 0.040625 0.1296875
2 0.4265625 0.27265625 0.08125 0.1796875
2 0.45546875 0.096875 0.0390625 0.065625
2 0.6390625 0.09296875 0.040625 0.1421875
2 0.6765625 0.2609375 0.05625 0.140625
