2 0.40234375 0.18984375 0.0796875 0.1609375
3 0.73046875 0.4859375 0.1703125 0.04375
3 0.165625 0.5765625 0.325 0.090625
3 0.53046875 0.25390625 0.2015625 0.0921875
3 0.2796875 0.2734375 0.23125 0.08125
2 0.8046875 0.72265625 0.065625 0.1390625
2 0.7609375 0.5859375 0.053125 0.096875
2 0.67265625 0.290625 0.0390625 0.1125
2 0.6359375 0.14921875 0.05 0.0859375
2 0.25703125 0.0765625 0.0578125 0.084375
2 0.1921875 0.18671875 0.06875 0.0984375
2 0.1203125 0.31875 0.0625 0.1
2 0.046875 0.45390625 0.08125 0.1203125
