2 0.06015625 0.440625 0.0984375 0.15
2 0.23828125 0.13515625 0.0859375 0.1640625
3 0.24609375 0.32109375 0.2828125 0.0796875
3 0.5765625 0.2875 0.1375 0.05625
3 0.5515625 0.13125 0.121875 0.053125
3 0.1359375 0.709375 0.209375 0.06875
3 0.7640625 0.49453125 0.103125 0.0359375
2 0.16171875 0.27578125 0.0765625 0.1046875
2 0.6296875 0.05625 0.034375 0.10625
2 0.66328125 0.19921875 0.0421875 0.1015625
2 0.6984375 0.36171875 0.05 0.1328125
2 0.75859375 0.6078125 0.0640625 0.178125
2 0.80546875 0.83984375 0.0703125 0.2109375
