3 0.446875 0.02890625 0.30625 0.0515625
3 0.32890625 0.0984375 0.1921875 0.021875
3 0.303125 0.16953125 0.215625 0.0453125
3 0.53515625 0.25546875 0.2109375 0.0796875
3 0.24140625 0.35390625 0.3015625 0.0515625
3 0.17734375 0.50625 0.3109375 0.1
2 0.1234375 0.30703125 0.071875 0.1046875
2 0.0515625 0.440625 0.065625 0.103125
2 0.2109375 0.14921875 0.1 0.1546875
3 0.80390625 0.721875 0.1953125 0.0625
3 0.084375 0.90859375 0.14375 0.1078125
3 0.6453125 0.3359375 0.128125 0.059375
2 0.5953125 0.08046875 0.040625 0.0859375
2 0.62421875 0.18671875 0.0484375 0.0765625
2 0.64765625 0.284375 0.0546875 0.06875
2 0.6890625 0.38125 0.05625 0.075
2 0.72109375 0.51015625 0.0578125 0.0984375
2 0.765625 0.63046875 0.084375 0.0796875
