2 0.528125 0.496875 0.034375 0.534375
2 0.10078125 0.3546875 0.0640625 0.1
2 0.03203125 0.4625 0.0578125 0.084375
2 0.25234375 0.07578125 0.0828125 0.1015625
2 0.3359375 0.57109375 0.121875 0.2828125
2 0.37578125 0.29921875 0.0765625 0.1484375
3 0.5203125 0.19140625 0.184375 0.0828125
3 0.284375 0.1875 0.209375 0.053125
3 0.140625 0.7859375 0.25625 0.0875
3 0.55 0.8390625 0.428125 0.2
2 0.59765625 0.0625 0.0234375 0.1125
2 0.6390625 0.1890625 0.05 0.09375
2 0.6703125 0.31796875 0.0625 0.1484375
2 0.72421875 0.48046875 0.0578125 0.1515625
