2 0.61796875 0.30234375 0.1203125 0.5390625
3 0.32421875 0.2359375 0.1890625 0.103125
3 0.290625 0.38125 0.225 0.090625
2 0.16796875 0.3265625 0.0765625 0.128125
2 0.07265625 0.509375 0.0984375 0.196875
3 0.234375 0.58671875 0.15625 0.0671875
3 0.52109375 0.21875 0.1328125 0.05
3 0.38125 0.0890625 0.15 0.071875
2 0.66171875 0.10234375 0.0640625 0.1171875
2 0.70625 0.25234375 0.059375 0.1328125
2 0.74921875 0.4265625 0.0578125 0.15625
2 0.79375 0.5859375 0.0625 0.13125
2 0.83125 0.7234375 0.06875 0.1125
2 0.90234375 0.88515625 0.0921875 0.1578125
2 0.25078125 0.16171875 0.0828125 0.1234375
2 0.31328125 0.0515625 0.0515625 0.065625
