3 0.17734375 0.54296875 0.3296875 0.0859375
3 0.2578125 0.34609375 0.275 0.0734375
2 0.396875 0.26171875 0.1 0.1453125
2 0.43125 0.06015625 0.090625 0.1078125
2 0.28671875 0.70234375 0.0765625 0.1734375
3 0.75234375 0.46484375 0.0703125 0.0609375
3 0.83359375 0.759375 0.0921875 0.065625
3 0.5296875 0.153125 0.1875 0.034375
3 0.3171875 0.13828125 0.18125 0.0328125
2 0.178125 0.22890625 0.1 0.1359375
2 0.2859375 0.0625 0.096875 0.103125
2 0.62109375 0.06875 0.0546875 0.11875
2 0.6671875 0.25859375 0.059375 0.1765625
2 0.6953125 0.43984375 0.05 0.1484375
2 0.75390625 0.65390625 0.0796875 0.2515625
2 0.0578125 0.40859375 0.078125 0.1640625
