3 0.41640625 0.13046875 0.4109375 0.0734375
3 0.85 0.7796875 0.125 0.046875
3 0.09140625 0.7578125 0.1390625 0.059375
3 0.0671875 0.9203125 0.096875 0.05625
2 0.73984375 0.5921875 0.0921875 0.246875
2 0.6671875 0.3109375 0.05625 0.146875
2 0.61640625 0.18515625 0.0515625 0.0828125
2 0.59296875 0.04765625 0.0421875 0.0734375
2 0.253125 0.06015625 0.075 0.0953125
2 0.17265625 0.20078125 0.0640625 0.0921875
2 0.11953125 0.3234375 0.0703125 0.1375
2 0.040625 0.45234375 0.06875 0.0953125
2 0.56171875 0.2671875 0.0453125 0.134375
