3 0.39609375 0.134375 0.3671875 0.065625
2 0.04375 0.42109375 0.06875 0.1234375
2 0.11875 0.27890625 0.096875 0.1421875
2 0.2625 0.059375 0.078125 0.09375
2 0.27421875 0.8296875 0.1578125 0.2875
2 0.35078125 0.4453125 0.0953125 0.134375
2 0.39921875 0.23671875 0.0953125 0.1140625
2 0.428125 0.0546875 0.053125 0.09375
3 0.5 0.49609375 0.315625 0.1421875
3 0.165625 0.5546875 0.28125 0.1
3 0.51015625 0.2875 0.1796875 0.1
3 0.240625 0.315625 0.2125 0.1625
2 0.5859375 0.0703125 0.034375 0.1125
2 0.61953125 0.1875 0.0453125 0.109375
2 0.66015625 0.3296875 0.0578125 0.1375
