3 0.2890625 0.2234375 0.290625 0.071875
3 0.51640625 0.9375 0.5328125 0.11875
2 0.30625 0.71328125 0.11875 0.2546875
2 0.371875 0.31875 0.08125 0.153125
2 0.39765625 0.15078125 0.0828125 0.0796875
2 0.428125 0.03125 0.0375 0.059375
2 0.27109375 0.0375 0.0515625 0.06875
2 0.1921875 0.1625 0.0625 0.046875
2 0.115625 0.30234375 0.071875 0.1203125
3 0.7015625 0.34453125 0.06875 0.0390625
3 0.17265625 0.4140625 0.2265625 0.1125
3 0.515625 0.46171875 0.290625 0.0828125
3 0.13046875 0.5640625 0.2546875 0.1
3 0.32578125 0.09453125 0.1390625 0.0421875
