2 0.44609375 0.19921875 0.0921875 0.2109375
3 0.92109375 0.83125 0.0453125 0.04375
3 0.5765625 0.19375 0.14375 0.0375
3 0.55859375 0.0453125 0.1265625 0.015625
3 0.38515625 0.0734375 0.1328125 0.053125
3 0.2640625 0.0828125 0.05625 0.034375
3 0.2109375 0.43984375 0.13125 0.0765625
3 0.078125 0.4046875 0.06875 0.0375
3 0.75 0.31015625 0.071875 0.0390625
3 0.63046875 0.3265625 0.1109375 0.053125
2 0.415625 0.45234375 0.065625 0.1546875
2 0.390625 0.64609375 0.096875 0.1734375
2 0.365625 0.86875 0.153125 0.225
2 0.05546875 0.515625 0.0828125 0.159375
2 0.1859375 0.2984375 0.1 0.11875
2 0.2484375 0.175 0.084375 0.103125
2 0.65078125 0.0953125 0.0515625 0.1625
2 0.69296875 0.2359375 0.0578125 0.09375
2 0.73984375 0.41484375 0.0828125 0.1546875
2 0.790625 0.60703125 0.0875 0.1703125
2 0.85234375 0.7859375 0.0609375 0.140625
2 0.90234375 0.9375 0.0671875 0.0875
