1 0.571875 0.10234375 0.08125 0.1546875
2 0.6453125 0.63515625 0.1375 0.6484375
3 0.1609375 0.6515625 0.290625 0.065625
3 0.846875 0.7015625 0.1125 0.046875
3 0.7921875 0.5140625 0.08125 0.015625
3 0.75 0.39453125 0.053125 0.0203125
3 0.53671875 0.26171875 0.2140625 0.1078125
3 0.28984375 0.27578125 0.2171875 0.0640625
2 0.27421875 0.08671875 0.0828125 0.0921875
2 0.20546875 0.19921875 0.0828125 0.0953125
2 0.12109375 0.334375 0.0796875 0.14375
2 0.0484375 0.4890625 0.065625 0.128125
2 0.43984375 0.09921875 0.0671875 0.1046875
2 0.6375 0.115625 0.05 0.128125
2 0.68515625 0.26328125 0.0484375 0.0734375
2 0.721875 0.4484375 0.05625 0.078125
2 0.74765625 0.58359375 0.0546875 0.1046875
2 0.77734375 0.70859375 0.0453125 0.1109375
