3 0.19375 0.69140625 0.321875 0.0609375
2 0.225 0.18515625 0.075 0.1171875
2 0.42109375 0.19375 0.0890625 0.19375
3 0.85546875 0.7546875 0.0921875 0.040625
3 0.75859375 0.40234375 0.0609375 0.0390625
3 0.5859375 0.28828125 0.134375 0.0765625
3 0.2859375 0.325 0.2125 0.078125
3 0.56640625 0.140625 0.1046875 0.05
2 0.3 0.06171875 0.08125 0.1109375
2 0.14140625 0.32578125 0.0578125 0.1203125
2 0.06328125 0.49296875 0.1140625 0.1578125
2 0.62578125 0.05625 0.0578125 0.10625
2 0.65625 0.18359375 0.053125 0.0953125
2 0.6890625 0.334375 0.0625 0.121875
2 0.728125 0.509375 0.065625 0.14375
2 0.7765625 0.6640625 0.053125 0.134375
2 0.83203125 0.87890625 0.0734375 0.1578125
2 0.371875 0.5140625 0.1 0.25625
2 0.30078125 0.853125 0.0984375 0.21875
