3 0.575 0.18203125 0.271875 0.0546875
2 0.20625 0.22890625 0.1 0.1640625
2 0.0796875 0.4484375 0.115625 0.20625
2 0.2859375 0.059375 0.059375 0.0875
2 0.41953125 0.27421875 0.0671875 0.1265625
2 0.38828125 0.48671875 0.0734375 0.1640625
2 0.34453125 0.84765625 0.0828125 0.1890625
3 0.76796875 0.559375 0.1921875 0.05625
3 0.275 0.353125 0.265625 0.075
3 0.66875 0.265625 0.16875 0.075
3 0.55390625 0.659375 0.3015625 0.0875
3 0.1890625 0.7078125 0.209375 0.075
3 0.3546875 0.10703125 0.13125 0.0640625
2 0.7046875 0.35859375 0.078125 0.1546875
2 0.62109375 0.07421875 0.0515625 0.1234375
2 0.4546875 0.06875 0.05625 0.1125
