3 0.36328125 0.03046875 0.1953125 0.0421875
3 0.22421875 0.33828125 0.2921875 0.0796875
3 0.6234375 0.26953125 0.1625 0.0609375
3 0.18203125 0.46953125 0.2828125 0.0453125
3 0.07734375 0.86796875 0.1109375 0.0921875
3 0.80703125 0.7375 0.1765625 0.053125
3 0.73984375 0.42265625 0.0640625 0.0546875
2 0.25625 0.08125 0.05625 0.08125
2 0.18203125 0.20703125 0.0921875 0.1234375
2 0.08046875 0.38046875 0.0484375 0.1109375
2 0.41953125 0.12734375 0.0703125 0.1421875
2 0.39921875 0.27265625 0.0640625 0.1421875
2 0.60234375 0.0515625 0.0390625 0.096875
2 0.634375 0.1875 0.046875 0.121875
2 0.6828125 0.359375 0.04375 0.134375
2 0.72578125 0.5234375 0.0546875 0.10625
2 0.746875 0.65390625 0.059375 0.1078125
2 0.79609375 0.80625 0.0578125 0.084375
