3 0.75 0.54921875 0.209375 0.0765625
3 0.17890625 0.65859375 0.3296875 0.0765625
3 0.60859375 0.2640625 0.2671875 0.1
2 0.41640625 0.30078125 0.0515625 0.1546875
3 0.54453125 0.1578125 0.1828125 0.071875
3 0.34296875 0.184375 0.1734375 0.053125
3 0.3984375 0.03515625 0.128125 0.0359375
3 0.5578125 0.06328125 0.096875 0.0328125
2 0.35859375 0.809375 0.0796875 0.284375
2 0.0671875 0.49609375 0.109375 0.1609375
2 0.16328125 0.29921875 0.1078125 0.1953125
2 0.26328125 0.12265625 0.0953125 0.1265625
2 0.65 0.10546875 0.040625 0.1078125
2 0.73203125 0.38203125 0.0546875 0.1296875
2 0.83125 0.69375 0.065625 0.19375
2 0.8796875 0.88046875 0.059375 0.1546875
