3 0.17890625 0.59375 0.3328125 0.059375
2 0.13828125 0.284375 0.0921875 0.134375
2 0.05234375 0.44140625 0.0734375 0.1078125
2 0.3734375 0.3515625 0.09375 0.146875
2 0.434375 0.053125 0.053125 0.09375
3 0.77265625 0.475 0.0609375 0.028125
3 0.53359375 0.1546875 0.1515625 0.05
3 0.3046875 0.16484375 0.15 0.0515625
2 0.27734375 0.0703125 0.0859375 0.1125
2 0.625 0.07578125 0.040625 0.1078125
2 0.67109375 0.21953125 0.0640625 0.1203125
2 0.68984375 0.3734375 0.0640625 0.14375
2 0.74921875 0.57890625 0.0578125 0.1828125
2 0.815625 0.82109375 0.075 0.2640625
