3 0.4421875 0.08671875 0.40625 0.0984375
2 0.32890625 0.8515625 0.1109375 0.246875
3 0.2203125 0.396875 0.153125 0.05625
3 0.1609375 0.65546875 0.309375 0.0859375
3 0.53125 0.26796875 0.221875 0.1078125
3 0.3234375 0.19453125 0.16875 0.0640625
3 0.29921875 0.2921875 0.2078125 0.065625
2 0.0546875 0.515625 0.096875 0.159375
2 0.16328125 0.3171875 0.0359375 0.065625
2 0.12265625 0.40703125 0.0265625 0.0640625
2 0.2125 0.228125 0.034375 0.04375
2 0.8171875 0.67734375 0.096875 0.1921875
2 0.76328125 0.5015625 0.0671875 0.11875
2 0.69375 0.3203125 0.071875 0.15625
2 0.6609375 0.19140625 0.05 0.0890625
