2 0.69765625 0.6984375 0.1703125 0.51875
2 0.13828125 0.37265625 0.0953125 0.1265625
2 0.05859375 0.53515625 0.0609375 0.1578125
2 0.30625 0.08203125 0.09375 0.1328125
3 0.234375 0.4859375 0.196875 0.059375
3 0.33828125 0.19140625 0.1796875 0.0578125
3 0.5609375 0.1765625 0.2 0.04375
2 0.209375 0.22890625 0.0875 0.1265625
2 0.63359375 0.05 0.0421875 0.09375
2 0.66640625 0.153125 0.0453125 0.1
2 0.71171875 0.275 0.0546875 0.0875
2 0.74609375 0.39921875 0.0390625 0.0859375
2 0.7875 0.5296875 0.078125 0.140625
2 0.83671875 0.69140625 0.0796875 0.1359375
