3 0.28203125 0.29375 0.2265625 0.08125
3 0.209375 0.4828125 0.253125 0.14375
3 0.70703125 0.3875 0.1203125 0.0625
3 0.853125 0.80703125 0.221875 0.0671875
3 0.54609375 0.15625 0.1765625 0.06875
3 0.3328125 0.19765625 0.19375 0.0484375
3 0.3625 0.09140625 0.15 0.0546875
2 0.76015625 0.5984375 0.1109375 0.30625
2 0.678125 0.26171875 0.084375 0.1578125
2 0.628125 0.05703125 0.065625 0.1140625
2 0.45625 0.059375 0.046875 0.040625
2 0.4390625 0.16171875 0.04375 0.1421875
2 0.42265625 0.32109375 0.0765625 0.1359375
2 0.303125 0.034375 0.05625 0.05
2 0.24375 0.13828125 0.0625 0.0859375
2 0.175 0.2546875 0.071875 0.1
2 0.10546875 0.37265625 0.0671875 0.0828125
2 0.0375 0.48515625 0.0625 0.1234375
