3 0.20234375 0.4625 0.3140625 0.09375
3 0.1609375 0.66640625 0.3125 0.1046875
2 0.425 0.1328125 0.053125 0.159375
2 0.34765625 0.77109375 0.0765625 0.3046875
3 0.53359375 0.21015625 0.2015625 0.0890625
2 0.878125 0.89296875 0.059375 0.1484375
2 0.3859375 0.4875 0.05625 0.190625
2 0.82734375 0.728125 0.0734375 0.14375
2 0.7859375 0.57578125 0.053125 0.1234375
2 0.73359375 0.43046875 0.0578125 0.1515625
2 0.6921875 0.2875 0.0625 0.15
2 0.63828125 0.12109375 0.0515625 0.1171875
2 0.2796875 0.059375 0.053125 0.09375
2 0.21875 0.165625 0.065625 0.09375
2 0.15390625 0.28359375 0.0578125 0.1203125
2 0.09375 0.3921875 0.04375 0.078125
2 0.03828125 0.490625 0.0578125 0.109375
