3 0.1546875 0.74765625 0.21875 0.0859375
3 0.84375 0.65390625 0.096875 0.0515625
3 0.55859375 0.25078125 0.2109375 0.0546875
3 0.2859375 0.3140625 0.21875 0.078125
3 0.45625 0.0734375 0.33125 0.065625
2 0.28203125 0.0671875 0.0703125 0.103125
2 0.21953125 0.2 0.0609375 0.103125
2 0.15625 0.3171875 0.059375 0.115625
2 0.0609375 0.46953125 0.096875 0.1296875
2 0.4234375 0.1875 0.084375 0.121875
2 0.63203125 0.07265625 0.0578125 0.1265625
2 0.678125 0.21796875 0.05625 0.1484375
2 0.71015625 0.375 0.0796875 0.128125
2 0.7484375 0.52421875 0.06875 0.1578125
2 0.78828125 0.7140625 0.0921875 0.159375
