2 0.31640625 0.5125 0.1140625 0.240625
2 0.29375 0.740625 0.121875 0.171875
2 0.41953125 0.0875 0.0546875 0.04375
3 0.7046875 0.40390625 0.075 0.0453125
3 0.2125 0.32734375 0.275 0.0859375
3 0.78359375 0.6953125 0.1578125 0.04375
3 0.52890625 0.84609375 0.4734375 0.0796875
3 0.13515625 0.87734375 0.2453125 0.0734375
3 0.5390625 0.2328125 0.275 0.08125
3 0.26171875 0.2421875 0.2234375 0.040625
2 0.2296875 0.11171875 0.065625 0.0859375
2 0.18046875 0.1828125 0.0421875 0.05
2 0.04765625 0.42578125 0.0671875 0.1203125
