3 0.196875 0.78984375 0.321875 0.0890625
2 0.30859375 0.64609375 0.0890625 0.2234375
2 0.24296875 0.91796875 0.0640625 0.1046875
2 0.40078125 0.16796875 0.0484375 0.0953125
2 0.08203125 0.3421875 0.0796875 0.125
2 0.190625 0.1703125 0.084375 0.09375
2 0.26171875 0.053125 0.0515625 0.078125
3 0.28125 0.3359375 0.115625 0.071875
3 0.15546875 0.4625 0.2078125 0.071875
3 0.5 0.49375 0.284375 0.11875
3 0.49375 0.23203125 0.2 0.0984375
3 0.25859375 0.2546875 0.2078125 0.0375
3 0.521875 0.1046875 0.159375 0.059375
3 0.32578125 0.1 0.1421875 0.071875
2 0.03203125 0.4375 0.0453125 0.090625
2 0.5921875 0.04375 0.034375 0.084375
2 0.628125 0.1796875 0.053125 0.128125
2 0.64921875 0.3140625 0.0546875 0.103125
2 0.69140625 0.45390625 0.0671875 0.1671875
2 0.746875 0.64765625 0.084375 0.1671875
