3 0.15625 0.46953125 0.30625 0.0515625
2 0.34296875 0.196875 0.0609375 0.090625
2 0.3046875 0.40703125 0.053125 0.1015625
2 0.246875 0.62890625 0.09375 0.2203125
3 0.515625 0.8859375 0.284375 0.13125
3 0.18984375 0.259375 0.2265625 0.053125
3 0.4578125 0.31796875 0.228125 0.0765625
3 0.4765625 0.1171875 0.175 0.078125
3 0.2734375 0.1328125 0.165625 0.075
2 0.0421875 0.32890625 0.071875 0.0953125
2 0.125 0.1953125 0.071875 0.09375
2 0.61015625 0.37578125 0.0453125 0.1296875
2 0.6328125 0.53203125 0.071875 0.1734375
2 0.66171875 0.72578125 0.0796875 0.1671875
2 0.21015625 0.05625 0.0609375 0.0625
2 0.56875 0.05 0.046875 0.06875
2 0.590625 0.18203125 0.053125 0.1546875
