3 0.2109375 0.47734375 0.315625 0.0984375
3 0.75546875 0.39453125 0.0640625 0.0515625
3 0.55078125 0.22265625 0.1796875 0.0734375
3 0.34296875 0.165625 0.1609375 0.053125
3 0.55234375 0.0890625 0.1390625 0.053125
3 0.36640625 0.096875 0.1546875 0.053125
2 0.30546875 0.078125 0.0796875 0.0875
2 0.221875 0.20546875 0.08125 0.1515625
2 0.11796875 0.38125 0.1109375 0.171875
2 0.03671875 0.51484375 0.0484375 0.0734375
2 0.6375 0.075 0.053125 0.11875
2 0.67109375 0.21171875 0.0578125 0.1328125
2 0.703125 0.34765625 0.0625 0.1203125
2 0.44609375 0.128125 0.0453125 0.096875
