3 0.17578125 0.70234375 0.2421875 0.0703125
3 0.353125 0.1125 0.146875 0.0625
3 0.29140625 0.2125 0.1859375 0.040625
3 0.2421875 0.35234375 0.21875 0.0734375
3 0.796875 0.61640625 0.06875 0.0421875
2 0.0640625 0.4078125 0.109375 0.190625
2 0.17265625 0.221875 0.0984375 0.153125
2 0.27109375 0.07421875 0.1078125 0.1234375
2 0.459375 0.046875 0.0875 0.075
2 0.42890625 0.19609375 0.0765625 0.1109375
2 0.40625 0.35859375 0.071875 0.1171875
2 0.6296875 0.0921875 0.065625 0.1625
2 0.66484375 0.278125 0.0671875 0.190625
2 0.7078125 0.4875 0.096875 0.2
2 0.78046875 0.775 0.0703125 0.19375
