2 0.4203125 0.29296875 0.0625 0.2015625
2 0.38359375 0.5609375 0.0859375 0.26875
3 0.78359375 0.64296875 0.1546875 0.0546875
3 0.53125 0.15234375 0.196875 0.0796875
3 0.32734375 0.1734375 0.1859375 0.05625
3 0.52890625 0.06875 0.1578125 0.04375
3 0.37109375 0.05703125 0.0984375 0.0484375
2 0.84921875 0.74609375 0.0796875 0.1234375
2 0.8828125 0.89921875 0.0625 0.1421875
2 0.75625 0.52265625 0.065625 0.1578125
2 0.7109375 0.353125 0.05625 0.14375
2 0.66796875 0.2140625 0.0546875 0.109375
2 0.2625 0.084375 0.053125 0.078125
2 0.18046875 0.24453125 0.0578125 0.1234375
2 0.078125 0.4359375 0.140625 0.221875
