3 0.23828125 0.39609375 0.2234375 0.0890625
3 0.53984375 0.15078125 0.1859375 0.0359375
3 0.32890625 0.20390625 0.2078125 0.0484375
2 0.290625 0.0546875 0.0625 0.071875
2 0.22734375 0.15859375 0.0578125 0.0921875
2 0.15859375 0.2671875 0.0671875 0.1125
2 0.084375 0.40390625 0.059375 0.0890625
2 0.03046875 0.521875 0.0390625 0.06875
2 0.45234375 0.0796875 0.0734375 0.11875
2 0.62421875 0.05078125 0.0359375 0.0859375
2 0.64609375 0.1453125 0.0421875 0.09375
2 0.675 0.2796875 0.040625 0.13125
2 0.7171875 0.421875 0.078125 0.1
2 0.765625 0.59765625 0.078125 0.1703125
2 0.771875 0.76015625 0.09375 0.1265625
