3 0.22890625 0.3140625 0.2984375 0.075
3 0.146875 0.7203125 0.28125 0.0875
2 0.37890625 0.2484375 0.0984375 0.121875
2 0.31171875 0.5390625 0.1296875 0.25625
2 0.2421875 0.8921875 0.096875 0.209375
2 0.41171875 0.06796875 0.0703125 0.0734375
3 0.728125 0.56640625 0.10625 0.0484375
3 0.47890625 0.12890625 0.1484375 0.0453125
3 0.290625 0.14375 0.171875 0.046875
2 0.0390625 0.39453125 0.053125 0.1140625
2 0.15546875 0.19921875 0.0671875 0.1203125
2 0.2546875 0.05546875 0.065625 0.0734375
2 0.59140625 0.1125 0.0484375 0.128125
2 0.62109375 0.2703125 0.0609375 0.146875
2 0.721875 0.69765625 0.071875 0.1546875
