2 0.2015625 0.18046875 0.075 0.1296875
2 0.10390625 0.35234375 0.1171875 0.1859375
3 0.19609375 0.45859375 0.2859375 0.0890625
3 0.525 0.49609375 0.334375 0.1015625
3 0.51484375 0.06484375 0.1578125 0.0515625
3 0.3390625 0.08515625 0.134375 0.0546875
2 0.32734375 0.64453125 0.0796875 0.2359375
2 0.43359375 0.028125 0.0328125 0.04375
2 0.40703125 0.2140625 0.0765625 0.15
2 0.61328125 0.1328125 0.0328125 0.125
2 0.6640625 0.31953125 0.0625 0.2265625
2 0.74296875 0.60859375 0.0828125 0.2046875
2 0.803125 0.7921875 0.04375 0.103125
2 0.021875 0.47109375 0.040625 0.0953125
