3 0.16484375 0.7296875 0.3015625 0.09375
3 0.284375 0.175 0.203125 0.046875
2 0.39140625 0.28125 0.0828125 0.153125
2 0.42578125 0.08203125 0.0734375 0.1015625
2 0.21953125 0.11953125 0.0671875 0.0921875
2 0.13515625 0.27890625 0.0953125 0.1171875
2 0.046875 0.41875 0.0875 0.1375
3 0.75703125 0.51171875 0.1046875 0.0484375
3 0.8546875 0.78828125 0.165625 0.0859375
2 0.5921875 0.0859375 0.05 0.128125
2 0.62109375 0.209375 0.0546875 0.1
2 0.66328125 0.35078125 0.0703125 0.1328125
2 0.74296875 0.6125 0.0671875 0.121875
