3 0.3703125 0.11328125 0.11875 0.0671875
2 0.42578125 0.3390625 0.0765625 0.165625
3 0.165625 0.42890625 0.2375 0.0734375
3 0.54140625 0.20390625 0.2140625 0.0734375
3 0.29921875 0.25546875 0.2203125 0.0828125
2 0.13671875 0.3390625 0.0671875 0.1125
2 0.40078125 0.53203125 0.0890625 0.2078125
2 0.3625 0.81796875 0.1 0.3203125
2 0.275 0.06875 0.0625 0.10625
2 0.2109375 0.1921875 0.04375 0.0875
2 0.4484375 0.08359375 0.0375 0.1484375
2 0.0515625 0.51953125 0.071875 0.1640625
2 0.884375 0.8390625 0.065625 0.140625
2 0.8265625 0.65234375 0.078125 0.1953125
2 0.75390625 0.43984375 0.0734375 0.1703125
2 0.69921875 0.27421875 0.0515625 0.1140625
2 0.62890625 0.11328125 0.0484375 0.0921875
2 0.6125 0.034375 0.046875 0.053125
