3 0.62734375 0.33046875 0.1765625 0.0453125
3 0.20078125 0.5046875 0.2609375 0.103125
3 0.37109375 0.12734375 0.1859375 0.0609375
2 0.60703125 0.175 0.1421875 0.25
2 0.2 0.2375 0.10625 0.153125
2 0.12578125 0.38984375 0.0671875 0.1234375
2 0.7828125 0.4859375 0.071875 0.134375
2 0.76328125 0.37578125 0.0546875 0.1171875
2 0.85859375 0.7109375 0.0859375 0.225
2 0.92578125 0.90234375 0.0640625 0.0859375
2 0.7234375 0.25859375 0.05625 0.0953125
2 0.66640625 0.09609375 0.0578125 0.0859375
2 0.31015625 0.0609375 0.0328125 0.078125
2 0.4453125 0.2578125 0.075 0.165625
