2 0.46640625 0.49765625 0.1421875 0.5640625
3 0.26015625 0.2953125 0.2078125 0.0875
3 0.4140625 0.0375 0.35 0.065625
2 0.215625 0.11328125 0.090625 0.1171875
2 0.13359375 0.24453125 0.0765625 0.1109375
2 0.04296875 0.41171875 0.0796875 0.1515625
3 0.85234375 0.775 0.0984375 0.04375
1 0.4359375 0.88515625 0.353125 0.2140625
3 0.51171875 0.18515625 0.2109375 0.0671875
3 0.49609375 0.1328125 0.1640625 0.046875
3 0.2734375 0.20546875 0.190625 0.0453125
3 0.3109375 0.11796875 0.11875 0.0453125
2 0.59296875 0.06328125 0.0265625 0.0984375
2 0.63046875 0.1921875 0.0484375 0.125
2 0.6671875 0.3546875 0.0375 0.115625
2 0.7078125 0.50859375 0.04375 0.1515625
2 0.75 0.68671875 0.059375 0.1421875
2 0.79609375 0.85 0.0640625 0.1125
