3 0.43359375 0.18125 0.3953125 0.15
2 0.1859375 0.26484375 0.14375 0.1921875
2 0.084375 0.45546875 0.075 0.1515625
2 0.30234375 0.07265625 0.0796875 0.1078125
2 0.44375 0.32421875 0.096875 0.1359375
2 0.565625 0.12421875 0.05625 0.1078125
3 0.20546875 0.5234375 0.2703125 0.08125
3 0.7328125 0.2875 0.034375 0.025
3 0.77421875 0.43828125 0.0640625 0.0671875
2 0.7171875 0.83046875 0.0875 0.3078125
2 0.63671875 0.39921875 0.0609375 0.1671875
2 0.0578125 0.653125 0.084375 0.153125
2 0.17421875 0.409375 0.0640625 0.103125
2 0.39296875 0.52578125 0.0734375 0.1765625
2 0.346875 0.7859375 0.103125 0.29375
2 0.63828125 0.05546875 0.0390625 0.0828125
2 0.6734375 0.20546875 0.05 0.1671875
2 0.71953125 0.3828125 0.0359375 0.0875
2 0.77421875 0.5375 0.0578125 0.1125
2 0.80390625 0.67421875 0.0796875 0.1234375
2 0.85390625 0.83359375 0.0640625 0.1359375
2 0.8984375 0.95390625 0.065625 0.0546875
