3 0.5484375 0.45390625 0.434375 0.0515625
3 0.28984375 0.23046875 0.2390625 0.0796875
2 0.39375 0.365625 0.1125 0.159375
2 0.09765625 0.34453125 0.1078125 0.1703125
2 0.2125 0.15546875 0.1 0.0734375
2 0.27265625 0.053125 0.0515625 0.05
2 0.43984375 0.046875 0.0703125 0.04375
3 0.51171875 0.08515625 0.1515625 0.0578125
3 0.32734375 0.0875 0.1421875 0.05
2 0.403125 0.1484375 0.040625 0.109375
2 0.028125 0.45 0.05 0.103125
2 0.6234375 0.134375 0.053125 0.125
2 0.65390625 0.28671875 0.0578125 0.1546875
2 0.59296875 0.0390625 0.0453125 0.065625
