3 0.40234375 0.24296875 0.5359375 0.1078125
3 0.3375 0.1 0.1375 0.046875
3 0.23203125 0.66796875 0.1515625 0.0734375
2 0.234375 0.378125 0.128125 0.203125
2 0.14609375 0.56953125 0.0984375 0.1453125
2 0.059375 0.809375 0.0875 0.240625
2 0.0671875 0.4453125 0.084375 0.153125
2 0.15625 0.29375 0.065625 0.0875
2 0.24296875 0.14609375 0.0265625 0.0546875
2 0.315625 0.0421875 0.0375 0.04375
2 0.61953125 0.071875 0.0546875 0.125
2 0.6640625 0.1875 0.03125 0.084375
2 0.69765625 0.34140625 0.0328125 0.1515625
2 0.74609375 0.54296875 0.0578125 0.1765625
2 0.815625 0.78671875 0.08125 0.2703125
2 0.446875 0.09921875 0.053125 0.1609375
2 0.27890625 0.8609375 0.0796875 0.25625
