3 0.19375 0.3875 0.284375 0.05
2 0.14140625 0.23515625 0.1265625 0.1796875
2 0.3796875 0.28359375 0.09375 0.1921875
3 0.70859375 0.3546875 0.0484375 0.053125
3 0.88671875 0.8265625 0.0671875 0.053125
3 0.50703125 0.12578125 0.1671875 0.0390625
3 0.29375 0.134375 0.171875 0.065625
2 0.74375 0.6453125 0.090625 0.284375
2 0.67734375 0.38515625 0.0609375 0.1203125
2 0.6359375 0.2421875 0.06875 0.134375
2 0.596875 0.09140625 0.04375 0.1015625
2 0.58046875 0.01640625 0.0390625 0.0265625
2 0.034375 0.4203125 0.059375 0.103125
2 0.25546875 0.053125 0.0703125 0.09375
