3 0.2359375 0.39296875 0.26875 0.1046875
2 0.4015625 0.303125 0.05 0.1375
2 0.4421875 0.08515625 0.0625 0.1203125
2 0.246875 0.09375 0.053125 0.121875
2 0.13359375 0.309375 0.0921875 0.1375
2 0.046875 0.45859375 0.059375 0.1296875
3 0.8484375 0.75390625 0.159375 0.0671875
3 0.08046875 0.86640625 0.1109375 0.0953125
3 0.52734375 0.19921875 0.2015625 0.0609375
3 0.29765625 0.209375 0.2046875 0.059375
3 0.659375 0.1703125 0.0375 0.04375
3 0.1484375 0.1984375 0.053125 0.025
2 0.5984375 0.07578125 0.040625 0.1140625
2 0.66875 0.278125 0.053125 0.13125
2 0.7234375 0.4640625 0.065625 0.1625
2 0.778125 0.6484375 0.05625 0.121875
