3 0.26875 0.1984375 0.21875 0.08125
2 0.35390625 0.45390625 0.0640625 0.2078125
2 0.3328125 0.68046875 0.090625 0.1703125
2 0.29375 0.8703125 0.0625 0.1625
2 0.04296875 0.42578125 0.0640625 0.1328125
2 0.12109375 0.30234375 0.0671875 0.0828125
2 0.234375 0.11796875 0.065625 0.1109375
3 0.5453125 0.53125 0.2625 0.1375
3 0.72578125 0.37578125 0.0484375 0.0640625
3 0.53046875 0.0734375 0.1828125 0.046875
2 0.6234375 0.165625 0.059375 0.159375
2 0.66484375 0.3234375 0.0484375 0.140625
2 0.7140625 0.49453125 0.071875 0.1359375
2 0.76328125 0.65859375 0.0859375 0.1484375
2 0.5859375 0.0328125 0.034375 0.046875
