3 0.240625 0.32578125 0.240625 0.0390625
3 0.7078125 0.39375 0.078125 0.025
3 0.1984375 0.39921875 0.340625 0.0671875
2 0.19609375 0.20859375 0.1203125 0.1640625
2 0.40546875 0.21484375 0.0671875 0.1828125
3 0.52109375 0.09140625 0.1390625 0.0359375
3 0.34140625 0.103125 0.1453125 0.059375
2 0.0953125 0.32265625 0.034375 0.0890625
2 0.0421875 0.4609375 0.059375 0.103125
2 0.26953125 0.05859375 0.0734375 0.0953125
2 0.44296875 0.0515625 0.0765625 0.071875
2 0.58984375 0.03515625 0.0390625 0.0578125
2 0.61171875 0.128125 0.0421875 0.096875
2 0.6546875 0.2734375 0.075 0.159375
2 0.74375 0.52890625 0.05 0.1421875
2 0.7953125 0.7203125 0.090625 0.190625
