3 0.1875 0.371875 0.246875 0.078125
3 0.8015625 0.70546875 0.203125 0.0890625
3 0.70390625 0.28046875 0.0578125 0.0359375
3 0.53984375 0.14375 0.1609375 0.05625
3 0.26328125 0.246875 0.1046875 0.071875
3 0.3015625 0.19453125 0.11875 0.0484375
3 0.5296875 0.0703125 0.13125 0.046875
3 0.38359375 0.0734375 0.1296875 0.028125
2 0.4203125 0.22109375 0.059375 0.2171875
2 0.35078125 0.53203125 0.0859375 0.3390625
2 0.30390625 0.046875 0.0578125 0.06875
2 0.22890625 0.15546875 0.0671875 0.1046875
2 0.15546875 0.28359375 0.0796875 0.1328125
2 0.05625 0.45859375 0.0875 0.1578125
2 0.62109375 0.06953125 0.0359375 0.1203125
2 0.65546875 0.1984375 0.0453125 0.09375
2 0.70390625 0.38359375 0.0671875 0.1515625
2 0.74296875 0.58125 0.0578125 0.19375
