3 0.18984375 0.5296875 0.2609375 0.15625
2 0.14765625 0.77578125 0.1390625 0.2953125
3 0.5328125 0.26015625 0.203125 0.1109375
3 0.25625 0.325 0.2 0.078125
3 0.20546875 0.4078125 0.1796875 0.08125
3 0.53203125 0.09375 0.1890625 0.046875
3 0.3640625 0.10625 0.13125 0.03125
3 0.665625 0.0828125 0.040625 0.03125
3 0.6953125 0.21953125 0.0375 0.0234375
2 0.2828125 0.071875 0.053125 0.09375
2 0.209375 0.2 0.0875 0.14375
2 0.09375 0.3734375 0.090625 0.146875
2 0.634375 0.03828125 0.03125 0.0640625
2 0.6671875 0.18359375 0.0375 0.0953125
2 0.70703125 0.36953125 0.0421875 0.1703125
2 0.75625 0.56953125 0.078125 0.1828125
2 0.815625 0.76796875 0.075 0.1578125
2 0.84296875 0.92109375 0.0484375 0.0921875
2 0.38203125 0.38046875 0.0578125 0.2203125
