3 0.41796875 0.271875 0.6046875 0.075
1 0.403125 0.69921875 0.575 0.5046875
3 0.87109375 0.71015625 0.0671875 0.0796875
2 0.54375 0.09375 0.08125 0.109375
2 0.28984375 0.06015625 0.0671875 0.1046875
2 0.21640625 0.1828125 0.0734375 0.09375
2 0.11796875 0.365625 0.0734375 0.125
2 0.0359375 0.4984375 0.0625 0.109375
2 0.63203125 0.07890625 0.0421875 0.1328125
2 0.6625 0.19609375 0.034375 0.0546875
2 0.71015625 0.35390625 0.0546875 0.1578125
2 0.765625 0.5578125 0.096875 0.18125
2 0.84140625 0.8515625 0.0890625 0.19375
2 0.42578125 0.2078125 0.0703125 0.1375
