3 0.18125 0.50703125 0.321875 0.1234375
3 0.7484375 0.38203125 0.053125 0.0640625
3 0.5515625 0.16484375 0.16875 0.0640625
3 0.31953125 0.2296875 0.2265625 0.065625
3 0.31953125 0.1203125 0.1171875 0.021875
3 0.45703125 0.05234375 0.2859375 0.0453125
2 0.296875 0.04921875 0.05625 0.0765625
2 0.23203125 0.1703125 0.0453125 0.06875
2 0.1578125 0.26796875 0.06875 0.1078125
2 0.084375 0.39609375 0.06875 0.1234375
2 0.43046875 0.3078125 0.1046875 0.128125
2 0.40859375 0.46953125 0.0890625 0.1484375
2 0.4515625 0.13046875 0.071875 0.1234375
2 0.640625 0.1078125 0.04375 0.140625
2 0.6796875 0.27890625 0.06875 0.1484375
2 0.7375 0.50234375 0.103125 0.1609375
