3 0.34375 0.15625 0.203125 0.04375
3 0.29921875 0.28125 0.2328125 0.053125
3 0.225 0.4328125 0.275 0.059375
3 0.1578125 0.678125 0.275 0.071875
3 0.65078125 0.36484375 0.0890625 0.0421875
3 0.70859375 0.53046875 0.0828125 0.0390625
3 0.7203125 0.63671875 0.090625 0.0953125
3 0.58125 0.18125 0.1 0.046875
3 0.553125 0.11953125 0.10625 0.0703125
3 0.38046875 0.0453125 0.1671875 0.059375
2 0.440625 0.275 0.065625 0.171875
2 0.25 0.13203125 0.096875 0.1265625
2 0.165625 0.27734375 0.059375 0.1234375
2 0.07109375 0.453125 0.0921875 0.165625
2 0.64921875 0.09140625 0.0546875 0.1390625
2 0.6875 0.27578125 0.059375 0.1484375
