3 0.14453125 0.55625 0.2828125 0.096875
3 0.26953125 0.20390625 0.2109375 0.0671875
2 0.27734375 0.72109375 0.0765625 0.1984375
2 0.421875 0.0515625 0.065625 0.090625
3 0.72734375 0.496875 0.1078125 0.05625
3 0.1765625 0.31640625 0.290625 0.0796875
3 0.50234375 0.10546875 0.1578125 0.0453125
3 0.309375 0.13046875 0.153125 0.0578125
2 0.35390625 0.33359375 0.0640625 0.1484375
2 0.26015625 0.0609375 0.0734375 0.103125
2 0.19453125 0.1484375 0.0578125 0.059375
2 0.13515625 0.2359375 0.0671875 0.075
2 0.05390625 0.37421875 0.0921875 0.1484375
