1 0.4640625 0.17890625 0.3 0.3078125
1 0.21328125 0.634375 0.1953125 0.53125
3 0.74609375 0.4296875 0.0953125 0.05625
3 0.79609375 0.66875 0.1734375 0.084375
2 0.04921875 0.44765625 0.0828125 0.1953125
2 0.1578125 0.246875 0.090625 0.2
2 0.2515625 0.0921875 0.071875 0.11875
2 0.63671875 0.06328125 0.0671875 0.1265625
2 0.67109375 0.21640625 0.0609375 0.1484375
2 0.7109375 0.35390625 0.0375 0.0546875
2 0.765625 0.53984375 0.059375 0.1578125
2 0.840625 0.77421875 0.084375 0.1765625
2 0.87890625 0.940625 0.1015625 0.109375
