3 0.18828125 0.5953125 0.2734375 0.078125
3 0.21015625 0.40625 0.2515625 0.109375
3 0.5703125 0.24453125 0.140625 0.0421875
3 0.3515625 0.11328125 0.1625 0.0515625
3 0.52265625 0.1015625 0.1609375 0.040625
3 0.5296875 0.0453125 0.11875 0.034375
3 0.375 0.059375 0.121875 0.025
2 0.2125 0.21015625 0.065625 0.1234375
2 0.14765625 0.33125 0.0640625 0.109375
2 0.0640625 0.459375 0.084375 0.140625
2 0.4484375 0.21171875 0.090625 0.1296875
2 0.61796875 0.0640625 0.0484375 0.109375
2 0.65234375 0.16875 0.0515625 0.078125
2 0.69140625 0.29453125 0.0671875 0.1046875
2 0.721875 0.44765625 0.065625 0.1234375
2 0.7453125 0.6109375 0.109375 0.115625
2 0.55 0.65078125 0.04375 0.2234375
2 0.81640625 0.75 0.1078125 0.11875
2 0.53515625 0.884375 0.0859375 0.203125
