2 0.52734375 0.240625 0.0953125 0.153125
2 0.42265625 0.2109375 0.0921875 0.128125
3 0.446875 0.0921875 0.31875 0.040625
3 0.25859375 0.34765625 0.2265625 0.0703125
3 0.190625 0.4578125 0.203125 0.05
2 0.30234375 0.053125 0.0703125 0.090625
2 0.23203125 0.1578125 0.0734375 0.10625
2 0.1671875 0.27890625 0.0875 0.1109375
2 0.0703125 0.4203125 0.096875 0.165625
2 0.61484375 0.05234375 0.0484375 0.0953125
2 0.65234375 0.18125 0.0484375 0.13125
2 0.6875 0.3171875 0.059375 0.134375
2 0.725 0.4875 0.075 0.159375
2 0.7796875 0.66796875 0.084375 0.1515625
2 0.81953125 0.84609375 0.0765625 0.1546875
2 0.85390625 0.965625 0.0578125 0.053125
2 0.4625 0.03671875 0.053125 0.0734375
