3 0.271875 0.32421875 0.265625 0.0859375
3 0.16328125 0.67578125 0.2609375 0.0890625
3 0.809375 0.6796875 0.209375 0.075
3 0.75234375 0.47421875 0.1171875 0.0515625
3 0.72734375 0.29375 0.0640625 0.05625
3 0.5328125 0.1390625 0.153125 0.06875
3 0.34453125 0.17578125 0.2046875 0.0515625
2 0.45546875 0.08515625 0.0640625 0.1203125
2 0.29140625 0.0734375 0.0859375 0.1375
2 0.203125 0.22421875 0.05625 0.1140625
2 0.0765625 0.41875 0.125 0.2125
2 0.62890625 0.0546875 0.0703125 0.103125
2 0.659375 0.20859375 0.06875 0.1515625
2 0.715625 0.378125 0.053125 0.13125
2 0.77265625 0.56328125 0.0609375 0.1515625
2 0.83828125 0.8484375 0.0890625 0.278125
