3 0.16953125 0.575 0.3140625 0.11875
2 0.43125 0.175 0.090625 0.15625
2 0.2015625 0.2015625 0.078125 0.115625
2 0.0890625 0.39609375 0.121875 0.1734375
3 0.8515625 0.66328125 0.09375 0.0703125
3 0.36796875 0.03203125 0.1421875 0.0453125
3 0.3578125 0.0875 0.14375 0.05
3 0.2703125 0.31171875 0.21875 0.0859375
2 0.26015625 0.1046875 0.0484375 0.0625
2 0.62578125 0.06953125 0.0640625 0.1046875
2 0.659375 0.19296875 0.053125 0.1046875
2 0.68828125 0.32734375 0.0546875 0.1109375
2 0.72578125 0.5125 0.0984375 0.20625
2 0.775 0.703125 0.065625 0.1625
