2 0.6453125 0.6671875 0.103125 0.546875
2 0.58046875 0.1046875 0.0796875 0.19375
3 0.33359375 0.084375 0.1140625 0.059375
2 0.365625 0.50625 0.125 0.25625
2 0.4328125 0.18984375 0.09375 0.1765625
3 0.26875 0.31796875 0.196875 0.0484375
3 0.5671875 0.290625 0.18125 0.08125
3 0.165625 0.44296875 0.16875 0.0515625
2 0.22421875 0.18828125 0.0703125 0.1421875
2 0.1421875 0.34140625 0.08125 0.1515625
2 0.03828125 0.49921875 0.0734375 0.1140625
2 0.621875 0.0796875 0.040625 0.128125
2 0.6609375 0.20859375 0.040625 0.1015625
2 0.6859375 0.33203125 0.05 0.1203125
2 0.75546875 0.51796875 0.0578125 0.1421875
2 0.7875 0.68125 0.071875 0.153125
2 0.83828125 0.8671875 0.0796875 0.190625
