3 0.15390625 0.75703125 0.2953125 0.1640625
3 0.37421875 0.2296875 0.4921875 0.065625
3 0.38828125 0.13046875 0.4453125 0.1046875
2 0.17578125 0.5625 0.1140625 0.203125
2 0.3328125 0.1078125 0.046875 0.0625
2 0.18515625 0.19140625 0.0765625 0.1015625
2 0.10234375 0.34609375 0.0921875 0.1296875
2 0.0359375 0.47265625 0.053125 0.1171875
2 0.26328125 0.0609375 0.0859375 0.090625
2 0.39921875 0.20234375 0.0859375 0.1078125
2 0.37421875 0.32109375 0.0703125 0.1015625
3 0.7546875 0.5984375 0.15625 0.040625
2 0.78203125 0.68984375 0.0390625 0.0890625
2 0.83046875 0.8 0.0453125 0.1
2 0.72734375 0.49921875 0.0640625 0.1015625
2 0.69375 0.36484375 0.046875 0.1171875
2 0.65078125 0.2328125 0.0453125 0.103125
