2 0.30546875 0.81796875 0.1203125 0.2109375
2 0.403125 0.1 0.075 0.15625
2 0.24296875 0.08828125 0.0703125 0.1078125
2 0.0953125 0.3359375 0.053125 0.10625
2 0.0390625 0.44765625 0.05 0.0765625
3 0.521875 0.24765625 0.228125 0.0796875
3 0.22734375 0.25390625 0.1953125 0.0859375
3 0.540625 0.61328125 0.35 0.1078125
2 0.59453125 0.09375 0.0765625 0.1375
2 0.63515625 0.24375 0.0515625 0.13125
2 0.678125 0.421875 0.065625 0.175
3 0.13984375 0.6546875 0.2703125 0.065625
0 0.38984375 0.46015625 0.0765625 0.1390625
0 0.3578125 0.55078125 0.040625 0.0953125
