3 0.459375 0.12578125 0.3375 0.0859375
3 0.25546875 0.4484375 0.2453125 0.10625
2 0.57421875 0.53671875 0.1421875 0.6890625
3 0.85078125 0.721875 0.1265625 0.040625
3 0.7453125 0.5828125 0.125 0.040625
3 0.73125 0.3640625 0.13125 0.06875
3 0.26484375 0.1984375 0.1453125 0.05625
2 0.17109375 0.29140625 0.1046875 0.1609375
2 0.6421875 0.05625 0.0375 0.075
2 0.66796875 0.16875 0.0328125 0.09375
2 0.70078125 0.27890625 0.0453125 0.0859375
2 0.76796875 0.4796875 0.0640625 0.146875
2 0.81171875 0.6484375 0.0453125 0.1
2 0.85390625 0.81953125 0.0703125 0.1390625
