3 0.165625 0.6125 0.20625 0.10625
3 0.753125 0.5203125 0.146875 0.06875
3 0.56953125 0.25859375 0.1984375 0.0890625
3 0.3015625 0.31484375 0.21875 0.0640625
3 0.1296875 0.27734375 0.05625 0.0296875
3 0.54921875 0.0625 0.1265625 0.0375
3 0.653125 0.065625 0.053125 0.025
3 0.709375 0.22734375 0.0375 0.0328125
3 0.746875 0.3390625 0.04375 0.021875
3 0.63828125 0.365625 0.0890625 0.046875
2 0.31171875 0.0515625 0.0609375 0.096875
2 0.225 0.19453125 0.090625 0.1515625
2 0.1453125 0.3296875 0.065625 0.1
2 0.08125 0.45 0.046875 0.1
2 0.02109375 0.5484375 0.0359375 0.065625
2 0.8765625 0.896875 0.090625 0.128125
2 0.83671875 0.71640625 0.0796875 0.1609375
2 0.79453125 0.578125 0.0328125 0.075
2 0.7484375 0.421875 0.0625 0.115625
2 0.70390625 0.29375 0.0484375 0.078125
2 0.66484375 0.14765625 0.0546875 0.1140625
2 0.6203125 0.02578125 0.03125 0.0359375
