3 0.21015625 0.478125 0.3015625 0.05
3 0.17265625 0.71796875 0.3171875 0.0765625
3 0.52890625 0.240625 0.2328125 0.090625
3 0.28515625 0.2703125 0.2078125 0.05625
3 0.52734375 0.09921875 0.1640625 0.0390625
3 0.34140625 0.11484375 0.1640625 0.0609375
2 0.0984375 0.34921875 0.090625 0.1359375
2 0.02890625 0.47578125 0.0515625 0.0921875
2 0.1859375 0.19921875 0.1 0.1390625
2 0.27109375 0.06328125 0.0765625 0.0765625
2 0.4328125 0.0515625 0.08125 0.084375
2 0.39140625 0.30546875 0.0453125 0.1203125
2 0.60546875 0.0484375 0.0453125 0.065625
2 0.6484375 0.165625 0.0625 0.1
2 0.6859375 0.3171875 0.04375 0.121875
2 0.71640625 0.46953125 0.0859375 0.1453125
2 0.76640625 0.6234375 0.0671875 0.13125
2 0.8140625 0.76875 0.065625 0.134375
2 0.871875 0.9328125 0.06875 0.109375
