3 0.4234375 0.040625 0.334375 0.06875
3 0.1515625 0.44609375 0.253125 0.0953125
2 0.23203125 0.12890625 0.0984375 0.1609375
2 0.140625 0.2984375 0.084375 0.128125
2 0.05859375 0.42890625 0.0765625 0.1078125
2 0.39296875 0.31171875 0.1046875 0.1953125
3 0.16171875 0.65078125 0.3140625 0.0890625
3 0.67109375 0.35625 0.1234375 0.08125
3 0.7328125 0.51953125 0.11875 0.0609375
3 0.78125 0.6921875 0.175 0.053125
3 0.52578125 0.1578125 0.1734375 0.04375
3 0.303125 0.175 0.196875 0.078125
2 0.428125 0.0859375 0.053125 0.065625
2 0.340625 0.51640625 0.05625 0.0765625
2 0.74375 0.59921875 0.06875 0.1234375
2 0.6984375 0.43671875 0.05625 0.1109375
2 0.6390625 0.240625 0.071875 0.1625
2 0.60234375 0.08046875 0.0546875 0.0859375
2 0.09296875 0.77734375 0.0796875 0.1453125
