3 0.1984375 0.51328125 0.3125 0.0984375
2 0.71171875 0.51328125 0.0828125 0.2265625
2 0.77890625 0.76796875 0.0796875 0.2328125
2 0.30234375 0.6765625 0.0578125 0.190625
3 0.37578125 0.04296875 0.1046875 0.0421875
3 0.50859375 0.28046875 0.2140625 0.0828125
3 0.2765625 0.28203125 0.190625 0.0640625
3 0.340625 0.13203125 0.1625 0.0484375
3 0.54453125 0.13046875 0.1421875 0.0609375
2 0.278125 0.06875 0.075 0.0875
2 0.190625 0.18125 0.0875 0.128125
2 0.103125 0.34296875 0.078125 0.1296875
2 0.03515625 0.47421875 0.0453125 0.0953125
2 0.6140625 0.0484375 0.034375 0.09375
2 0.64375 0.190625 0.028125 0.11875
2 0.6796875 0.3328125 0.05625 0.125
2 0.4453125 0.0828125 0.0625 0.121875
2 0.41484375 0.23359375 0.0765625 0.1015625
2 0.36875 0.40546875 0.05 0.1109375
2 0.246875 0.890625 0.09375 0.16875
