3 0.5859375 0.184375 0.140625 0.04375
3 0.3140625 0.296875 0.315625 0.134375
3 0.46484375 0.0734375 0.3109375 0.06875
1 0.62421875 0.29140625 0.1078125 0.1296875
1 0.1125 0.8375 0.2 0.246875
3 0.790625 0.6203125 0.171875 0.04375
2 0.29765625 0.06640625 0.0671875 0.1140625
2 0.23046875 0.196875 0.0515625 0.109375
2 0.11015625 0.3875 0.0609375 0.11875
2 0.03828125 0.51171875 0.0765625 0.1484375
2 0.64375 0.05625 0.0375 0.10625
2 0.6703125 0.18359375 0.05625 0.0984375
2 0.7078125 0.3203125 0.053125 0.1375
2 0.75546875 0.4640625 0.0671875 0.1125
2 0.778125 0.575 0.05625 0.025
2 0.83828125 0.71328125 0.0953125 0.1296875
2 0.87421875 0.884375 0.0828125 0.190625
2 0.31328125 0.8015625 0.0859375 0.290625
