3 0.2453125 0.31640625 0.240625 0.0390625
3 0.18203125 0.44140625 0.3234375 0.0890625
2 0.10859375 0.32109375 0.0765625 0.1390625
2 0.2125 0.1546875 0.1125 0.16875
2 0.284375 0.04375 0.0875 0.06875
2 0.0421875 0.459375 0.071875 0.09375
3 0.7078125 0.38515625 0.1 0.0578125
3 0.509375 0.18203125 0.20625 0.0640625
3 0.30625 0.22265625 0.178125 0.0390625
2 0.721875 0.52109375 0.034375 0.1140625
2 0.77265625 0.6671875 0.0671875 0.140625
2 0.809375 0.796875 0.034375 0.075
2 0.6625 0.28046875 0.053125 0.1453125
2 0.61171875 0.09296875 0.0390625 0.0796875
2 0.6296875 0.18515625 0.021875 0.0328125
2 0.42421875 0.08359375 0.0640625 0.1234375
