3 0.24375 0.34296875 0.3625 0.0921875
3 0.3765625 0.04140625 0.425 0.0421875
3 0.4921875 0.1453125 0.28125 0.05
2 0.24296875 0.08359375 0.0890625 0.1046875
2 0.140625 0.21484375 0.10625 0.1453125
2 0.053125 0.36484375 0.06875 0.1109375
2 0.59375 0.071875 0.04375 0.125
2 0.6359375 0.22890625 0.059375 0.1359375
2 0.67890625 0.4125 0.0703125 0.19375
2 0.690625 0.60078125 0.084375 0.1328125
2 0.41171875 0.08515625 0.0484375 0.0640625
2 0.37421875 0.22734375 0.0671875 0.1734375
3 0.11953125 0.56484375 0.2328125 0.3015625
