3 0.44140625 0.08828125 0.3828125 0.0671875
3 0.271875 0.18125 0.315625 0.071875
3 0.1859375 0.553125 0.24375 0.075
2 0.2890625 0.6859375 0.090625 0.171875
2 0.04453125 0.45546875 0.0703125 0.0796875
2 0.1671875 0.26953125 0.09375 0.1171875
2 0.24609375 0.13515625 0.0578125 0.0703125
2 0.30234375 0.04296875 0.0671875 0.0546875
2 0.39921875 0.296875 0.0890625 0.1375
3 0.6640625 0.34453125 0.134375 0.0546875
3 0.171875 0.38828125 0.2625 0.1015625
3 0.88125 0.90703125 0.109375 0.0765625
2 0.640625 0.2140625 0.05625 0.175
2 0.71640625 0.525 0.0703125 0.234375
2 0.753125 0.73828125 0.05625 0.1484375
2 0.24140625 0.8859375 0.0984375 0.18125
2 0.60390625 0.0453125 0.0390625 0.05625
