3 0.3171875 0.1421875 0.284375 0.065625
3 0.48984375 0.02890625 0.2109375 0.0453125
2 0.171875 0.225 0.0875 0.153125
2 0.41640625 0.24296875 0.0953125 0.1640625
2 0.4390625 0.07109375 0.05 0.0765625
3 0.16328125 0.45234375 0.3015625 0.1328125
3 0.7359375 0.4140625 0.078125 0.0625
2 0.7640625 0.6453125 0.078125 0.203125
2 0.80703125 0.79375 0.0640625 0.0625
2 0.72265625 0.5046875 0.0765625 0.0625
2 0.6671875 0.3015625 0.078125 0.15
2 0.62109375 0.16328125 0.0671875 0.1140625
2 0.603125 0.06875 0.053125 0.065625
