3 0.21875 0.43046875 0.215625 0.0703125
3 0.52265625 0.6203125 0.2078125 0.109375
2 0.35390625 0.73203125 0.1203125 0.4796875
2 0.390625 0.36484375 0.084375 0.0984375
2 0.41484375 0.19921875 0.0703125 0.0640625
2 0.10234375 0.33984375 0.0859375 0.1359375
2 0.0421875 0.4625 0.053125 0.084375
2 0.20234375 0.165625 0.0484375 0.090625
2 0.2875 0.03203125 0.03125 0.0515625
3 0.725 0.36484375 0.05625 0.0609375
3 0.12109375 0.515625 0.1734375 0.053125
3 0.53984375 0.27890625 0.2140625 0.0515625
3 0.54453125 0.20390625 0.1359375 0.0578125
3 0.28671875 0.2125 0.1515625 0.040625
3 0.26171875 0.3453125 0.1765625 0.053125
3 0.5328125 0.0921875 0.125 0.040625
3 0.3359375 0.14296875 0.13125 0.0453125
3 0.3671875 0.0390625 0.115625 0.034375
2 0.4359375 0.08125 0.05625 0.109375
2 0.59375 0.05234375 0.05625 0.0921875
2 0.628125 0.15859375 0.046875 0.0953125
2 0.6515625 0.26484375 0.0625 0.1015625
2 0.7 0.39609375 0.078125 0.1296875
