2 0.409375 0.2875 0.059375 0.1375
2 0.45390625 0.059375 0.0421875 0.0875
3 0.746875 0.371875 0.053125 0.034375
3 0.54609375 0.12265625 0.1671875 0.0484375
3 0.3453125 0.1484375 0.175 0.040625
3 0.2203125 0.1453125 0.071875 0.01875
2 0.39609375 0.48515625 0.0796875 0.2078125
2 0.35625 0.7109375 0.09375 0.221875
2 0.3234375 0.89453125 0.078125 0.1453125
2 0.046875 0.50859375 0.09375 0.1484375
2 0.16640625 0.3125 0.0953125 0.134375
2 0.31171875 0.065625 0.0578125 0.09375
2 0.63671875 0.0578125 0.0421875 0.078125
2 0.67265625 0.1859375 0.0578125 0.134375
2 0.69375 0.309375 0.053125 0.0625
2 0.7578125 0.475 0.06875 0.13125
2 0.7921875 0.63671875 0.053125 0.1296875
2 0.85 0.80859375 0.09375 0.1515625
