3 0.540625 0.19921875 0.23125 0.0671875
3 0.1515625 0.7 0.246875 0.08125
3 0.16796875 0.56796875 0.2765625 0.0640625
2 0.34609375 0.7328125 0.1234375 0.38125
2 0.39453125 0.32265625 0.0703125 0.1203125
2 0.1890625 0.19921875 0.053125 0.0765625
2 0.1015625 0.3515625 0.065625 0.096875
2 0.27109375 0.05390625 0.0578125 0.0796875
3 0.109375 0.92734375 0.159375 0.0859375
3 0.55234375 0.459375 0.2828125 0.059375
3 0.24140625 0.459375 0.2171875 0.053125
3 0.546875 0.2828125 0.190625 0.084375
3 0.6171875 0.35078125 0.109375 0.0640625
3 0.2578125 0.36328125 0.215625 0.0640625
3 0.51171875 0.0921875 0.1390625 0.078125
3 0.35078125 0.08125 0.1328125 0.04375
3 0.33046875 0.1484375 0.1703125 0.065625
2 0.046875 0.44453125 0.075 0.1234375
2 0.42578125 0.1609375 0.0578125 0.15625
2 0.59765625 0.059375 0.0578125 0.08125
2 0.628125 0.17109375 0.059375 0.1046875
2 0.68671875 0.33671875 0.0515625 0.1484375
2 0.72109375 0.49765625 0.0578125 0.1171875
2 0.77578125 0.67265625 0.1046875 0.2046875
