1 0.47265625 0.15390625 0.3171875 0.1828125
1 0.3 0.2609375 0.190625 0.215625
3 0.2328125 0.43828125 0.296875 0.1484375
3 0.165625 0.69609375 0.2875 0.1078125
3 0.78671875 0.396875 0.0828125 0.040625
3 0.6875 0.32578125 0.1875 0.0671875
3 0.678125 0.1765625 0.11875 0.03125
2 0.16796875 0.26484375 0.0828125 0.1265625
2 0.26328125 0.0984375 0.0671875 0.1125
2 0.6421875 0.05625 0.0375 0.1125
2 0.7046875 0.25078125 0.05 0.0921875
2 0.73359375 0.36484375 0.0390625 0.0703125
2 0.771875 0.49765625 0.06875 0.1609375
2 0.8125 0.6734375 0.06875 0.159375
2 0.87421875 0.86875 0.0859375 0.196875
