2 0.38828125 0.278125 0.0890625 0.215625
2 0.43046875 0.0703125 0.0796875 0.103125
2 0.26171875 0.0765625 0.0765625 0.10625
2 0.1671875 0.22421875 0.0875 0.1203125
2 0.078125 0.378125 0.08125 0.140625
3 0.5015625 0.11328125 0.1875 0.0265625
3 0.3109375 0.14375 0.18125 0.0625
2 0.5921875 0.0625 0.06875 0.078125
2 0.64609375 0.26328125 0.0734375 0.2453125
2 0.71640625 0.553125 0.0984375 0.278125
3 0.8421875 0.7390625 0.08125 0.040625
3 0.72578125 0.740625 0.0546875 0.028125
3 0.134375 0.81640625 0.18125 0.0515625
3 0.1484375 0.490625 0.275 0.05625
