3 0.57890625 0.25390625 0.2390625 0.0890625
3 0.1875 0.540625 0.26875 0.096875
2 0.4484375 0.15703125 0.075 0.0890625
3 0.809375 0.675 0.203125 0.065625
3 0.72421875 0.37578125 0.1328125 0.0484375
3 0.38046875 0.0625 0.1359375 0.0375
3 0.278125 0.0640625 0.0375 0.028125
3 0.553125 0.04921875 0.140625 0.0453125
2 0.4078125 0.38671875 0.05 0.1484375
2 0.4328125 0.24765625 0.04375 0.0765625
2 0.37890625 0.5828125 0.0765625 0.19375
2 0.11875 0.4109375 0.109375 0.1625
2 0.21171875 0.23046875 0.1078125 0.1640625
2 0.2828125 0.11328125 0.046875 0.0609375
2 0.65703125 0.1625 0.0734375 0.115625
2 0.6984375 0.309375 0.04375 0.075
2 0.74453125 0.45703125 0.0734375 0.1359375
2 0.79375 0.59296875 0.075 0.1109375
2 0.8484375 0.76171875 0.08125 0.1703125
2 0.89296875 0.903125 0.0734375 0.09375
