3 0.20703125 0.5703125 0.3140625 0.090625
3 0.5625 0.234375 0.190625 0.046875
3 0.34453125 0.25234375 0.1984375 0.0390625
3 0.16875 0.2484375 0.059375 0.021875
3 0.721875 0.2171875 0.046875 0.046875
3 0.82578125 0.4984375 0.0640625 0.040625
2 0.88828125 0.86328125 0.0828125 0.1828125
2 0.8296875 0.64453125 0.075 0.1796875
2 0.740625 0.38046875 0.06875 0.1546875
2 0.6625 0.11796875 0.053125 0.1171875
2 0.4671875 0.06171875 0.04375 0.0859375
2 0.46640625 0.17109375 0.0546875 0.0984375
2 0.315625 0.05234375 0.05625 0.0828125
2 0.25390625 0.171875 0.0734375 0.1125
2 0.17578125 0.3171875 0.0703125 0.14375
2 0.07421875 0.4921875 0.0921875 0.15
