3 0.20390625 0.46171875 0.2453125 0.0578125
3 0.16953125 0.58828125 0.2828125 0.0671875
2 0.26015625 0.34375 0.1046875 0.1625
2 0.175 0.5125 0.040625 0.071875
2 0.08203125 0.7515625 0.1265625 0.284375
2 0.365625 0.0703125 0.053125 0.109375
3 0.5203125 0.20625 0.203125 0.046875
3 0.3078125 0.22109375 0.16875 0.0515625
3 0.16640625 0.2 0.0546875 0.028125
3 0.77265625 0.43671875 0.0609375 0.0328125
3 0.80703125 0.575 0.0609375 0.03125
3 0.84921875 0.74765625 0.1109375 0.0484375
2 0.13984375 0.3390625 0.1109375 0.175
2 0.05390625 0.465625 0.0609375 0.140625
2 0.39453125 0.33515625 0.0640625 0.1328125
2 0.42890625 0.1234375 0.0515625 0.075
2 0.6359375 0.06484375 0.05 0.1296875
2 0.6796875 0.21875 0.05625 0.140625
2 0.7109375 0.37734375 0.046875 0.1359375
2 0.746875 0.5359375 0.04375 0.128125
2 0.790625 0.678125 0.04375 0.08125
2 0.52109375 0.678125 0.0703125 0.26875
