3 0.46328125 0.0984375 0.3234375 0.11875
3 0.19375 0.4109375 0.25625 0.090625
3 0.19140625 0.65546875 0.2765625 0.1546875
3 0.7546875 0.540625 0.15625 0.0375
3 0.81875 0.70703125 0.209375 0.0609375
3 0.75 0.38515625 0.075 0.0359375
3 0.31328125 0.31328125 0.1671875 0.0921875
3 0.41484375 0.20546875 0.4015625 0.0578125
2 0.65078125 0.14453125 0.0578125 0.1359375
2 0.678125 0.3125 0.065625 0.11875
2 0.29296875 0.0609375 0.0609375 0.109375
2 0.2296875 0.165625 0.053125 0.0875
2 0.13671875 0.2984375 0.0859375 0.125
2 0.0390625 0.4796875 0.078125 0.11875
