3 0.56015625 0.15859375 0.2296875 0.0578125
3 0.175 0.2875 0.08125 0.040625
3 0.08515625 0.49609375 0.1296875 0.0640625
2 0.22578125 0.38125 0.1234375 0.19375
2 0.115625 0.65859375 0.09375 0.2203125
2 0.35 0.08203125 0.08125 0.0859375
2 0.4265625 0.0828125 0.06875 0.09375
2 0.24765625 0.0890625 0.0546875 0.103125
2 0.1859375 0.196875 0.04375 0.103125
2 0.06953125 0.39296875 0.0890625 0.1484375
3 0.125 0.80546875 0.228125 0.0640625
3 0.6265625 0.2921875 0.15 0.071875
3 0.36015625 0.20703125 0.0734375 0.0421875
2 0.79375 0.75 0.0625 0.103125
2 0.76171875 0.61484375 0.0515625 0.1171875
2 0.728125 0.496875 0.046875 0.08125
2 0.6421875 0.20625 0.046875 0.065625
2 0.6859375 0.37421875 0.05625 0.1421875
2 0.5921875 0.0875 0.040625 0.071875
2 0.85078125 0.92578125 0.0578125 0.1078125
