3 0.44609375 0.0484375 0.4015625 0.053125
3 0.26328125 0.3296875 0.2578125 0.078125
3 0.684375 0.359375 0.15625 0.06875
3 0.74453125 0.48828125 0.1734375 0.0359375
3 0.82890625 0.7890625 0.2359375 0.071875
3 0.546875 0.2359375 0.184375 0.05625
3 0.309375 0.20703125 0.225 0.0453125
2 0.440625 0.23125 0.078125 0.26875
2 0.259375 0.11875 0.09375 0.09375
2 0.17109375 0.265625 0.0703125 0.078125
2 0.096875 0.37890625 0.078125 0.1328125
2 0.01953125 0.5203125 0.0328125 0.08125
2 0.65234375 0.13828125 0.0765625 0.1234375
2 0.68515625 0.26796875 0.0484375 0.0890625
2 0.721875 0.41796875 0.053125 0.0921875
2 0.76875 0.5859375 0.1 0.16875
