3 0.29921875 0.13046875 0.2234375 0.0640625
2 0.06484375 0.4296875 0.1171875 0.171875
2 0.1859375 0.215625 0.11875 0.125
2 0.253125 0.09453125 0.075 0.0609375
2 0.42109375 0.20859375 0.1234375 0.2015625
3 0.21171875 0.31953125 0.2921875 0.0484375
3 0.621875 0.27109375 0.178125 0.0515625
3 0.815625 0.62890625 0.08125 0.0453125
3 0.9359375 0.91640625 0.10625 0.0890625
3 0.51953125 0.0453125 0.1484375 0.05
3 0.35390625 0.05 0.1265625 0.040625
2 0.434375 0.05625 0.059375 0.10625
2 0.6109375 0.06796875 0.0375 0.1296875
2 0.6484375 0.190625 0.0375 0.0875
2 0.7 0.34765625 0.04375 0.1390625
2 0.75 0.5171875 0.053125 0.125
2 0.80546875 0.74453125 0.0734375 0.1671875
