3 0.14765625 0.72734375 0.2359375 0.0953125
3 0.77265625 0.503125 0.0796875 0.05
3 0.53359375 0.2421875 0.2171875 0.08125
3 0.27890625 0.28046875 0.2015625 0.0578125
3 0.53203125 0.06640625 0.1328125 0.0234375
3 0.390625 0.1015625 0.090625 0.075
3 0.30546875 0.1234375 0.0828125 0.03125
3 0.390625 0.021875 0.125 0.03125
2 0.29140625 0.0640625 0.0578125 0.078125
2 0.20546875 0.20234375 0.0734375 0.1140625
2 0.0828125 0.38046875 0.153125 0.2046875
2 0.4 0.30546875 0.059375 0.1578125
2 0.6296875 0.08359375 0.040625 0.1359375
2 0.67265625 0.23515625 0.0578125 0.1484375
2 0.690625 0.40703125 0.078125 0.1046875
2 0.74609375 0.64375 0.0671875 0.153125
