3 0.9296875 0.8234375 0.06875 0.034375
3 0.32421875 0.20546875 0.1515625 0.0453125
2 0.2328125 0.39375 0.159375 0.071875
2 0.64140625 0.34609375 0.1015625 0.0671875
3 0.55234375 0.0953125 0.1515625 0.04375
3 0.37734375 0.1109375 0.1609375 0.065625
3 0.74453125 0.3109375 0.0421875 0.046875
2 0.303125 0.0625 0.05 0.075
2 0.24921875 0.15078125 0.0453125 0.0703125
2 0.190625 0.246875 0.053125 0.084375
2 0.13359375 0.3625 0.0703125 0.103125
2 0.63359375 0.05 0.0390625 0.075
2 0.67578125 0.15703125 0.0546875 0.1140625
2 0.7078125 0.29609375 0.046875 0.1078125
2 0.74765625 0.43984375 0.0546875 0.1265625
2 0.80234375 0.5984375 0.0609375 0.15
2 0.86015625 0.76484375 0.0609375 0.1390625
2 0.4484375 0.228125 0.046875 0.140625
2 0.46484375 0.0640625 0.0390625 0.090625
