3 0.228125 0.38359375 0.24375 0.0765625
3 0.6546875 0.3515625 0.184375 0.08125
3 0.19296875 0.61484375 0.3265625 0.1078125
2 0.3953125 0.334375 0.071875 0.109375
2 0.36171875 0.5140625 0.0671875 0.15
2 0.3078125 0.80546875 0.15625 0.2296875
3 0.5359375 0.03046875 0.115625 0.0359375
3 0.3734375 0.05078125 0.109375 0.0515625
3 0.53359375 0.11796875 0.1640625 0.0546875
2 0.27421875 0.08203125 0.0921875 0.1390625
2 0.175 0.2390625 0.071875 0.128125
2 0.06015625 0.42265625 0.1171875 0.1828125
2 0.28203125 0.2578125 0.0984375 0.159375
2 0.4484375 0.06171875 0.05 0.1234375
2 0.6359375 0.08203125 0.03125 0.1390625
2 0.66796875 0.24609375 0.0421875 0.1328125
2 0.7171875 0.44609375 0.05625 0.1609375
2 0.76953125 0.65859375 0.0578125 0.2140625
2 0.8234375 0.89140625 0.065625 0.1921875
