3 0.40078125 0.1234375 0.3921875 0.115625
3 0.184375 0.6875 0.353125 0.1625
2 0.10859375 0.41015625 0.1171875 0.2203125
2 0.20546875 0.2078125 0.0828125 0.109375
2 0.28359375 0.0640625 0.1015625 0.084375
3 0.76796875 0.52578125 0.1765625 0.0515625
3 0.61328125 0.25390625 0.1984375 0.0859375
3 0.28671875 0.33046875 0.2203125 0.0515625
3 0.090625 0.2625 0.153125 0.046875
2 0.7921875 0.61953125 0.071875 0.1390625
2 0.8375 0.77890625 0.090625 0.0953125
2 0.88515625 0.909375 0.0921875 0.134375
2 0.71640625 0.41328125 0.0734375 0.1015625
2 0.68125 0.30546875 0.065625 0.0921875
2 0.64375 0.15234375 0.03125 0.0734375
