2 0.14296875 0.296875 0.0765625 0.0875
2 0.2390625 0.15234375 0.1375 0.1546875
2 0.46171875 0.109375 0.0828125 0.1375
3 0.53359375 0.23203125 0.1984375 0.0921875
3 0.29453125 0.253125 0.1890625 0.053125
3 0.23984375 0.39765625 0.1703125 0.0578125
3 0.36171875 0.15 0.1671875 0.040625
2 0.3125 0.0421875 0.046875 0.075
2 0.06171875 0.44140625 0.0921875 0.1703125
2 0.61640625 0.06953125 0.0453125 0.1046875
2 0.65078125 0.19921875 0.0484375 0.1265625
2 0.68984375 0.35703125 0.0828125 0.1234375
2 0.74765625 0.53359375 0.0734375 0.1640625
2 0.78359375 0.725 0.0828125 0.19375
