2 0.478125 0.678125 0.13125 0.584375
2 0.18203125 0.20390625 0.0921875 0.1296875
2 0.07109375 0.396875 0.0890625 0.15625
2 0.3421875 0.56796875 0.10625 0.2421875
2 0.32421875 0.85 0.1140625 0.21875
2 0.4109375 0.19375 0.06875 0.103125
2 0.43515625 0.0375 0.0546875 0.06875
2 0.278125 0.05078125 0.0625 0.0734375
3 0.86796875 0.7421875 0.0921875 0.0375
3 0.2515625 0.31796875 0.24375 0.0765625
3 0.6625 0.30078125 0.153125 0.0640625
3 0.540625 0.09609375 0.14375 0.0578125
3 0.34609375 0.1015625 0.1359375 0.040625
2 0.64140625 0.1859375 0.0578125 0.1
2 0.603125 0.0328125 0.071875 0.0625
