2 0.15859375 0.28515625 0.0984375 0.1421875
2 0.0640625 0.45234375 0.090625 0.1390625
2 0.26796875 0.09765625 0.0953125 0.1453125
2 0.37890625 0.36484375 0.1265625 0.2796875
3 0.54140625 0.553125 0.3453125 0.09375
3 0.1703125 0.64296875 0.265625 0.0734375
3 0.5296875 0.15390625 0.175 0.0703125
3 0.3171875 0.1890625 0.175 0.0625
2 0.6078125 0.06875 0.0625 0.1
2 0.65 0.221875 0.046875 0.13125
2 0.70390625 0.36953125 0.0734375 0.1453125
2 0.32421875 0.809375 0.0796875 0.315625
2 0.75625 0.5578125 0.071875 0.16875
