3 0.525 0.07578125 0.228125 0.0765625
2 0.23046875 0.10859375 0.1015625 0.1828125
2 0.11796875 0.3046875 0.1171875 0.165625
2 0.0359375 0.4640625 0.053125 0.109375
3 0.58515625 0.27109375 0.1921875 0.0828125
3 0.2484375 0.3078125 0.30625 0.1
3 0.153125 0.7609375 0.275 0.11875
3 0.75546875 0.609375 0.1140625 0.05
2 0.40390625 0.18671875 0.0578125 0.1953125
2 0.603125 0.15390625 0.078125 0.1421875
2 0.66875 0.35625 0.065625 0.1625
2 0.7125 0.5046875 0.065625 0.1125
2 0.7734375 0.709375 0.06875 0.153125
