3 0.4390625 0.0578125 0.384375 0.05625
2 0.04921875 0.421875 0.0828125 0.125
2 0.190625 0.21328125 0.10625 0.1484375
3 0.8234375 0.684375 0.090625 0.065625
3 0.22421875 0.31171875 0.2953125 0.0578125
3 0.0859375 0.8609375 0.159375 0.071875
3 0.51796875 0.17578125 0.1828125 0.0671875
3 0.31953125 0.22265625 0.1546875 0.0453125
2 0.24921875 0.10546875 0.0453125 0.0421875
2 0.42265625 0.1375 0.0640625 0.1
2 0.3984375 0.28671875 0.046875 0.1328125
2 0.61171875 0.10703125 0.0359375 0.0765625
2 0.65 0.22109375 0.05625 0.1296875
2 0.68515625 0.35859375 0.0609375 0.1296875
2 0.73828125 0.55234375 0.0671875 0.1671875
