3 0.82890625 0.80390625 0.1390625 0.0984375
3 0.29375 0.2296875 0.190625 0.06875
3 0.2640625 0.3171875 0.2 0.065625
3 0.534375 0.1234375 0.1375 0.05
3 0.3375 0.14296875 0.14375 0.0484375
3 0.540625 0.18359375 0.16875 0.0578125
2 0.2828125 0.06875 0.065625 0.11875
2 0.209375 0.2015625 0.059375 0.09375
2 0.12109375 0.34140625 0.0828125 0.1328125
2 0.0421875 0.47265625 0.059375 0.0953125
2 0.61640625 0.06875 0.0578125 0.10625
2 0.64765625 0.20625 0.0546875 0.125
2 0.68828125 0.3640625 0.0671875 0.11875
2 0.74296875 0.56171875 0.0734375 0.1234375
2 0.77890625 0.746875 0.0921875 0.134375
2 0.81171875 0.89375 0.0484375 0.103125
2 0.425 0.16328125 0.040625 0.1265625
2 0.4078125 0.3078125 0.05 0.15625
2 0.27109375 0.47734375 0.0640625 0.1578125
2 0.21015625 0.67421875 0.0921875 0.1953125
