3 0.18359375 0.49140625 0.3578125 0.0578125
3 0.50078125 0.38515625 0.3484375 0.0796875
2 0.19375 0.1828125 0.090625 0.09375
2 0.08671875 0.3625 0.1234375 0.2
2 0.2765625 0.0453125 0.06875 0.06875
2 0.328125 0.7375 0.1375 0.41875
2 0.37421875 0.33203125 0.0546875 0.1078125
3 0.51328125 0.2359375 0.2078125 0.071875
3 0.26875 0.2515625 0.215625 0.075
3 0.509375 0.08125 0.15 0.05625
3 0.33125 0.10546875 0.15625 0.0484375
2 0.58515625 0.03671875 0.0484375 0.0609375
2 0.61953125 0.1359375 0.0390625 0.103125
2 0.67265625 0.29765625 0.0609375 0.1640625
2 0.7328125 0.5265625 0.06875 0.16875
