3 0.3171875 0.11796875 0.134375 0.0671875
3 0.24609375 0.2765625 0.2171875 0.034375
2 0.15078125 0.23359375 0.1078125 0.1453125
3 0.3265625 0.03046875 0.18125 0.0484375
2 0.38671875 0.27890625 0.0796875 0.2515625
2 0.309375 0.59140625 0.08125 0.2015625
2 0.73203125 0.55859375 0.0734375 0.1921875
2 0.76640625 0.73046875 0.0484375 0.1265625
2 0.6796875 0.34765625 0.06875 0.1390625
2 0.63515625 0.19296875 0.0578125 0.1609375
2 0.59375 0.0515625 0.06875 0.0875
2 0.4328125 0.07109375 0.0625 0.0859375
