3 0.5125 0.41953125 0.265625 0.0734375
3 0.73125 0.42421875 0.075 0.0515625
3 0.8515625 0.8 0.08125 0.05625
3 0.5140625 0.16796875 0.178125 0.0421875
3 0.28671875 0.18125 0.2140625 0.046875
2 0.584375 0.0765625 0.06875 0.103125
2 0.64453125 0.23359375 0.0515625 0.1328125
2 0.671875 0.36484375 0.0375 0.0921875
2 0.715625 0.51875 0.065625 0.115625
2 0.75546875 0.678125 0.0828125 0.134375
2 0.25703125 0.04609375 0.0359375 0.0609375
2 0.21640625 0.12734375 0.0453125 0.0734375
2 0.15 0.25 0.06875 0.096875
2 0.07734375 0.35859375 0.1046875 0.1765625
