3 0.21875 0.36015625 0.296875 0.0578125
3 0.1703125 0.6375 0.234375 0.13125
3 0.3265625 0.11171875 0.146875 0.0453125
1 0.50546875 0.18046875 0.1328125 0.2734375
2 0.2421875 0.08203125 0.065625 0.0953125
2 0.15546875 0.23984375 0.0734375 0.1578125
2 0.05625 0.403125 0.075 0.14375
3 0.68671875 0.2984375 0.0640625 0.034375
3 0.8125 0.68203125 0.09375 0.0609375
2 0.259375 0.2296875 0.084375 0.153125
2 0.60234375 0.0640625 0.0328125 0.103125
2 0.64140625 0.1984375 0.0453125 0.125
2 0.69140625 0.38515625 0.0484375 0.1328125
2 0.7296875 0.55390625 0.040625 0.1359375
