2 0.30546875 0.828125 0.1796875 0.309375
2 0.12265625 0.3140625 0.0765625 0.096875
2 0.0453125 0.440625 0.071875 0.109375
2 0.22890625 0.13203125 0.0890625 0.0953125
2 0.28046875 0.0421875 0.0671875 0.065625
3 0.52578125 0.55390625 0.3203125 0.0953125
3 0.15078125 0.6375 0.2546875 0.065625
3 0.51953125 0.2578125 0.2109375 0.109375
3 0.2734375 0.21796875 0.2 0.0546875
2 0.64453125 0.1796875 0.0609375 0.1375
2 0.5890625 0.05234375 0.046875 0.1046875
2 0.67578125 0.36015625 0.0765625 0.2015625
2 0.734375 0.5671875 0.078125 0.1625
