3 0.44765625 0.04140625 0.2421875 0.0703125
3 0.84375 0.76953125 0.103125 0.0609375
3 0.56875 0.28359375 0.165625 0.0640625
3 0.24921875 0.3234375 0.2546875 0.053125
3 0.5265625 0.16640625 0.178125 0.0734375
3 0.3265625 0.13125 0.18125 0.04375
3 0.6578125 0.15234375 0.05 0.0484375
3 0.684375 0.25 0.046875 0.046875
2 0.2703125 0.05546875 0.059375 0.0859375
2 0.1796875 0.21328125 0.09375 0.1484375
2 0.059375 0.4 0.075 0.153125
2 0.40234375 0.21328125 0.0671875 0.1421875
2 0.596875 0.05625 0.025 0.096875
2 0.68125 0.36171875 0.046875 0.1421875
2 0.73671875 0.5390625 0.0578125 0.10625
2 0.7734375 0.67109375 0.040625 0.1140625
