3 0.20703125 0.496875 0.2859375 0.0875
2 0.2171875 0.1765625 0.13125 0.165625
2 0.41015625 0.221875 0.0828125 0.2875
3 0.8234375 0.78203125 0.18125 0.0484375
3 0.23515625 0.3234375 0.2890625 0.096875
3 0.6828125 0.2796875 0.10625 0.065625
3 0.33671875 0.03671875 0.1921875 0.0515625
2 0.059375 0.425 0.1125 0.21875
2 0.61015625 0.0734375 0.0453125 0.115625
2 0.64453125 0.2015625 0.0578125 0.096875
2 0.7 0.35859375 0.059375 0.1171875
2 0.740625 0.515625 0.05625 0.146875
2 0.79375 0.6828125 0.06875 0.140625
2 0.85625 0.89296875 0.084375 0.1515625
