3 0.4703125 0.04453125 0.3625 0.0359375
3 0.56953125 0.09921875 0.1890625 0.0296875
2 0.11796875 0.3484375 0.0765625 0.15
2 0.0578125 0.4703125 0.034375 0.084375
2 0.259375 0.128125 0.04375 0.090625
3 0.57734375 0.2859375 0.1484375 0.053125
3 0.309375 0.23359375 0.184375 0.0578125
2 0.3671875 0.4875 0.084375 0.24375
2 0.31953125 0.76875 0.1328125 0.321875
2 0.4421875 0.13515625 0.059375 0.1890625
2 0.62109375 0.07109375 0.0296875 0.0453125
2 0.6546875 0.190625 0.053125 0.109375
2 0.6953125 0.3609375 0.06875 0.153125
