2 0.43671875 0.11484375 0.0765625 0.1734375
3 0.52109375 0.2125 0.1953125 0.071875
3 0.30546875 0.2375 0.1796875 0.065625
2 0.38046875 0.50703125 0.0546875 0.1796875
2 0.35390625 0.8 0.0953125 0.36875
2 0.87421875 0.89609375 0.0734375 0.1578125
2 0.8234375 0.7109375 0.059375 0.165625
2 0.76171875 0.5328125 0.0578125 0.1125
2 0.725 0.4 0.078125 0.140625
2 0.6703125 0.24609375 0.05 0.1078125
2 0.621875 0.10859375 0.046875 0.1171875
2 0.28046875 0.05 0.0515625 0.06875
2 0.22265625 0.14921875 0.0796875 0.1046875
2 0.15546875 0.2734375 0.0578125 0.109375
2 0.06484375 0.45390625 0.1296875 0.2265625
