3 0.12890625 0.446875 0.2015625 0.0375
2 0.3796875 0.21484375 0.06875 0.1015625
2 0.3375 0.46953125 0.125 0.2765625
2 0.29453125 0.684375 0.0765625 0.115625
2 0.221875 0.896875 0.090625 0.1625
2 0.41875 0.06171875 0.059375 0.0984375
3 0.7515625 0.55859375 0.0625 0.0453125
3 0.14296875 0.76953125 0.2765625 0.0984375
3 0.49140625 0.2765625 0.1921875 0.090625
3 0.24453125 0.26796875 0.1984375 0.0515625
3 0.5046875 0.11796875 0.165625 0.0484375
3 0.2953125 0.14765625 0.153125 0.0453125
2 0.075 0.3375 0.071875 0.09375
2 0.165625 0.1859375 0.053125 0.075
