2 0.4078125 0.27265625 0.15 0.2078125
2 0.44296875 0.05078125 0.0890625 0.0765625
2 0.31875 0.7171875 0.171875 0.4
3 0.184375 0.46015625 0.325 0.0640625
3 0.53203125 0.1125 0.1359375 0.025
3 0.33203125 0.12578125 0.1765625 0.0578125
2 0.12109375 0.33671875 0.1171875 0.1484375
2 0.21640625 0.19140625 0.0671875 0.0953125
2 0.28984375 0.0609375 0.0828125 0.096875
2 0.62578125 0.096875 0.0453125 0.1625
2 0.67734375 0.296875 0.0609375 0.209375
2 0.73828125 0.528125 0.0609375 0.203125
2 0.78046875 0.75390625 0.0828125 0.1921875
