3 0.5328125 0.16796875 0.20625 0.0984375
3 0.31484375 0.29921875 0.1296875 0.0421875
2 0.29296875 0.20546875 0.1078125 0.1515625
2 0.1875 0.4828125 0.14375 0.265625
2 0.09765625 0.75078125 0.1109375 0.2390625
2 0.33046875 0.05390625 0.1296875 0.0984375
2 0.0546875 0.434375 0.090625 0.15625
2 0.134375 0.2625 0.090625 0.15
2 0.225 0.13046875 0.078125 0.1234375
2 0.409375 0.24765625 0.065625 0.0828125
3 0.73046875 0.51796875 0.1515625 0.0578125
3 0.66484375 0.33671875 0.1234375 0.0703125
2 0.76015625 0.64609375 0.0734375 0.1734375
2 0.69140625 0.428125 0.0546875 0.078125
2 0.64375 0.2375 0.059375 0.1
2 0.60078125 0.0625 0.0484375 0.09375
2 0.36328125 0.43671875 0.0828125 0.1671875
