2 0.2953125 0.89453125 0.09375 0.1703125
2 0.04765625 0.4296875 0.0859375 0.165625
2 0.18828125 0.1765625 0.0828125 0.121875
3 0.81953125 0.58671875 0.0984375 0.0484375
3 0.525 0.68125 0.328125 0.103125
3 0.15078125 0.6984375 0.2640625 0.04375
3 0.2796875 0.28359375 0.203125 0.0515625
3 0.33046875 0.08125 0.1578125 0.053125
2 0.328125 0.671875 0.090625 0.215625
2 0.1265625 0.29375 0.0625 0.10625
2 0.59921875 0.071875 0.0484375 0.140625
2 0.64296875 0.225 0.0734375 0.146875
2 0.41953125 0.19296875 0.0640625 0.1765625
2 0.69609375 0.4265625 0.0796875 0.203125
