3 0.2015625 0.6578125 0.15 0.09375
3 0.771875 0.52265625 0.065625 0.0421875
3 0.31328125 0.21953125 0.1828125 0.0484375
3 0.52265625 0.2359375 0.1265625 0.075
2 0.290625 0.05 0.0625 0.08125
2 0.2296875 0.15625 0.059375 0.109375
2 0.15390625 0.28203125 0.0890625 0.1296875
2 0.06328125 0.4390625 0.0859375 0.159375
2 0.61484375 0.05234375 0.0359375 0.0953125
2 0.6375 0.15546875 0.040625 0.0859375
2 0.66640625 0.2828125 0.0703125 0.128125
2 0.70078125 0.4140625 0.0609375 0.115625
2 0.715625 0.5609375 0.059375 0.115625
2 0.77578125 0.71953125 0.1015625 0.1390625
