3 0.1890625 0.39765625 0.278125 0.1328125
3 0.4609375 0.1421875 0.46875 0.09375
2 0.171875 0.25234375 0.103125 0.1734375
2 0.0625 0.471875 0.09375 0.184375
2 0.26953125 0.0734375 0.1046875 0.11875
3 0.66328125 0.3265625 0.2109375 0.040625
3 0.815625 0.75390625 0.234375 0.0546875
2 0.8171875 0.6796875 0.028125 0.06875
2 0.77890625 0.56328125 0.0453125 0.1328125
2 0.725 0.41796875 0.05625 0.1046875
2 0.65390625 0.22734375 0.0640625 0.1328125
2 0.87421875 0.86953125 0.0859375 0.1765625
2 0.6015625 0.05078125 0.05625 0.0921875
2 0.41796875 0.27734375 0.1046875 0.1546875
2 0.43515625 0.059375 0.0703125 0.08125
2 0.54609375 0.08984375 0.0484375 0.0640625
