3 0.38671875 0.784375 0.6984375 0.1125
3 0.18515625 0.42578125 0.2921875 0.0609375
3 0.26015625 0.284375 0.2578125 0.059375
2 0.33125 0.6453125 0.06875 0.221875
2 0.27890625 0.88046875 0.0546875 0.1984375
2 0.10546875 0.34765625 0.1046875 0.1140625
2 0.17734375 0.221875 0.0859375 0.140625
2 0.25078125 0.08515625 0.0828125 0.1015625
3 0.8078125 0.64296875 0.128125 0.0484375
3 0.6890625 0.33984375 0.0625 0.0484375
3 0.52265625 0.15703125 0.1859375 0.0640625
3 0.3203125 0.1171875 0.15 0.0625
2 0.59375 0.065625 0.05625 0.103125
2 0.63515625 0.23125 0.0453125 0.121875
2 0.70859375 0.4671875 0.0890625 0.1625
