2 0.12421875 0.33984375 0.0859375 0.1734375
2 0.046875 0.5125 0.06875 0.125
2 0.23671875 0.12890625 0.1203125 0.1578125
3 0.5265625 0.2296875 0.203125 0.096875
3 0.27734375 0.2453125 0.2109375 0.040625
2 0.328125 0.1703125 0.08125 0.096875
2 0.36875 0.4640625 0.06875 0.175
2 0.33671875 0.66015625 0.0703125 0.1703125
2 0.31484375 0.87734375 0.1171875 0.1453125
2 0.81953125 0.78984375 0.0515625 0.1578125
2 0.7828125 0.625 0.059375 0.11875
2 0.7328125 0.4890625 0.0625 0.14375
2 0.67734375 0.32109375 0.0453125 0.1046875
2 0.65 0.21796875 0.028125 0.0484375
2 0.625 0.12109375 0.0375 0.1046875
2 0.42578125 0.08984375 0.0578125 0.1234375
