3 0.5546875 0.12890625 0.234375 0.0484375
3 0.87265625 0.7 0.0765625 0.06875
3 0.07890625 0.89609375 0.1046875 0.0984375
3 0.23359375 0.37734375 0.2421875 0.0859375
3 0.659375 0.31640625 0.2 0.0390625
3 0.325 0.2078125 0.19375 0.046875
2 0.30546875 0.059375 0.0671875 0.0875
2 0.23671875 0.1625 0.0546875 0.075
2 0.1703125 0.27578125 0.075 0.1171875
2 0.08828125 0.41171875 0.0578125 0.1234375
2 0.02109375 0.5328125 0.0296875 0.059375
2 0.62578125 0.05390625 0.0453125 0.0796875
2 0.6609375 0.17109375 0.053125 0.1171875
2 0.68828125 0.31171875 0.0546875 0.1234375
2 0.71953125 0.46953125 0.0859375 0.1234375
