3 0.55625 0.21328125 0.25625 0.0609375
3 0.26796875 0.309375 0.2046875 0.09375
3 0.2125 0.43203125 0.265625 0.1359375
3 0.6359375 0.296875 0.15625 0.0625
3 0.73359375 0.4890625 0.1703125 0.04375
3 0.7828125 0.62421875 0.15 0.0546875
3 0.08671875 0.8484375 0.1734375 0.090625
3 0.54375 0.11171875 0.153125 0.0546875
3 0.34453125 0.1390625 0.1828125 0.04375
3 0.8828125 0.82421875 0.109375 0.0546875
2 0.29453125 0.0546875 0.0609375 0.103125
2 0.1984375 0.20234375 0.05 0.0796875
2 0.421875 0.26953125 0.053125 0.1546875
2 0.128125 0.315625 0.0625 0.08125
2 0.03515625 0.46484375 0.0609375 0.1203125
2 0.61328125 0.04453125 0.0453125 0.0828125
2 0.64921875 0.140625 0.0296875 0.065625
2 0.66640625 0.24140625 0.0296875 0.0578125
2 0.69453125 0.3484375 0.0546875 0.11875
2 0.71875 0.45390625 0.04375 0.0390625
2 0.753125 0.55390625 0.04375 0.0765625
2 0.79609375 0.74140625 0.0640625 0.1578125
