3 0.15234375 0.6 0.2671875 0.075
2 0.6234375 0.74375 0.125 0.471875
2 0.084375 0.4375 0.125 0.18125
2 0.27734375 0.12734375 0.0953125 0.1421875
2 0.46875 0.1203125 0.065625 0.10625
3 0.771875 0.37265625 0.08125 0.0578125
3 0.80546875 0.51484375 0.0734375 0.0390625
3 0.5859375 0.190625 0.14375 0.053125
3 0.55 0.2640625 0.215625 0.065625
3 0.3015625 0.275 0.19375 0.065625
2 0.18046875 0.27578125 0.0765625 0.1140625
2 0.63515625 0.0515625 0.0453125 0.078125
2 0.66015625 0.14296875 0.0421875 0.0796875
2 0.69921875 0.2515625 0.0578125 0.1125
2 0.71640625 0.38671875 0.0734375 0.1046875
2 0.765625 0.528125 0.04375 0.1375
2 0.8171875 0.69453125 0.0625 0.1296875
2 0.875 0.87890625 0.084375 0.1796875
