3 0.18125 0.5328125 0.309375 0.075
3 0.16640625 0.76015625 0.2328125 0.1171875
3 0.77890625 0.6703125 0.1484375 0.05625
3 0.125 0.421875 0.2 0.05
3 0.64453125 0.3484375 0.1515625 0.0625
3 0.5484375 0.1046875 0.165625 0.059375
3 0.35234375 0.1328125 0.1828125 0.0375
2 0.43515625 0.26796875 0.0953125 0.1890625
2 0.46953125 0.05234375 0.0609375 0.0890625
2 0.28828125 0.06953125 0.0921875 0.1265625
2 0.19921875 0.22109375 0.0734375 0.1140625
2 0.12265625 0.35234375 0.0734375 0.1171875
2 0.6265625 0.0421875 0.04375 0.084375
2 0.65390625 0.20546875 0.0828125 0.1828125
2 0.72734375 0.43828125 0.0828125 0.1640625
2 0.75078125 0.58671875 0.0734375 0.0921875
2 0.80859375 0.76328125 0.0796875 0.1671875
