3 0.80859375 0.76640625 0.2453125 0.0484375
3 0.2609375 0.33046875 0.21875 0.0984375
3 0.31796875 0.21328125 0.2171875 0.1234375
2 0.3796875 0.5796875 0.06875 0.325
2 0.35703125 0.83671875 0.0765625 0.1609375
2 0.446875 0.103125 0.059375 0.1125
3 0.36328125 0.040625 0.1328125 0.0375
2 0.03125 0.59765625 0.05 0.0921875
2 0.08125 0.4875 0.04375 0.096875
2 0.13203125 0.39296875 0.0453125 0.0859375
2 0.19921875 0.2359375 0.0515625 0.06875
2 0.25859375 0.10078125 0.0578125 0.0734375
2 0.90625 0.9 0.065625 0.1375
2 0.821875 0.65 0.075 0.15
2 0.76796875 0.49453125 0.0515625 0.1421875
2 0.7140625 0.34921875 0.04375 0.1421875
2 0.66328125 0.2109375 0.0484375 0.125
2 0.63515625 0.08984375 0.0390625 0.0796875
