3 0.1375 0.76328125 0.23125 0.0890625
2 0.13671875 0.28828125 0.0609375 0.1484375
2 0.053125 0.44375 0.084375 0.075
3 0.8390625 0.78203125 0.11875 0.0390625
3 0.3078125 0.13203125 0.1875 0.0578125
3 0.51875 0.11171875 0.1625 0.0453125
2 0.25546875 0.06875 0.0609375 0.08125
2 0.184375 0.17890625 0.046875 0.0671875
2 0.5828125 0.053125 0.059375 0.06875
2 0.6234375 0.18515625 0.05 0.1265625
2 0.6703125 0.34765625 0.053125 0.1265625
2 0.72109375 0.54609375 0.0796875 0.2421875
2 0.56953125 0.2734375 0.0546875 0.15
