3 0.2625 0.36328125 0.265625 0.1078125
3 0.18359375 0.6015625 0.2484375 0.084375
3 0.75859375 0.48359375 0.1171875 0.0453125
3 0.5484375 0.1890625 0.2 0.084375
3 0.325 0.1875 0.209375 0.059375
3 0.3671875 0.07109375 0.15625 0.0703125
2 0.3109375 0.034375 0.053125 0.05625
2 0.25546875 0.1171875 0.0578125 0.0875
2 0.184375 0.23671875 0.071875 0.1265625
2 0.11328125 0.36171875 0.0640625 0.0984375
2 0.0421875 0.48046875 0.0625 0.1015625
2 0.6359375 0.07734375 0.0625 0.1359375
2 0.6859375 0.2765625 0.078125 0.165625
2 0.72265625 0.41484375 0.0546875 0.0703125
2 0.77265625 0.6234375 0.0859375 0.228125
2 0.8328125 0.85859375 0.065625 0.1828125
2 0.4203125 0.278125 0.05 0.1125
2 0.45546875 0.103125 0.0296875 0.121875
