3 0.18828125 0.56875 0.2859375 0.165625
3 0.378125 0.15 0.475 0.065625
3 0.415625 0.08203125 0.296875 0.0546875
2 0.38046875 0.25546875 0.1015625 0.1609375
2 0.25390625 0.83984375 0.0921875 0.2765625
2 0.03984375 0.4140625 0.0578125 0.109375
2 0.13125 0.26875 0.1 0.125
2 0.26171875 0.0546875 0.0640625 0.084375
3 0.8578125 0.8078125 0.10625 0.078125
3 0.2140625 0.3671875 0.246875 0.084375
3 0.4421875 0.39921875 0.140625 0.0484375
2 0.5171875 0.8203125 0.078125 0.2625
2 0.50390625 0.51328125 0.0734375 0.2140625
2 0.58515625 0.059375 0.0421875 0.10625
2 0.6359375 0.22421875 0.05625 0.1453125
