3 0.3265625 0.08984375 0.11875 0.0640625
2 0.409375 0.2703125 0.065625 0.24375
2 0.3359375 0.7484375 0.0875 0.44375
3 0.1171875 0.4296875 0.1875 0.06875
2 0.8640625 0.86328125 0.075 0.1328125
2 0.815625 0.68671875 0.075 0.1640625
2 0.7484375 0.50625 0.065625 0.16875
2 0.6953125 0.325 0.06875 0.1625
2 0.6453125 0.15703125 0.0375 0.1265625
2 0.60703125 0.05625 0.0390625 0.10625
2 0.22421875 0.15625 0.0609375 0.096875
2 0.1546875 0.27890625 0.08125 0.1109375
2 0.084375 0.38828125 0.06875 0.0765625
2 0.03515625 0.48671875 0.0640625 0.0828125
2 0.29296875 0.0328125 0.0578125 0.0625
