3 0.1703125 0.7359375 0.296875 0.159375
2 0.40078125 0.29375 0.0609375 0.15
2 0.42265625 0.1453125 0.0609375 0.084375
2 0.44296875 0.03203125 0.0484375 0.0609375
2 0.28359375 0.05546875 0.0609375 0.0640625
2 0.22734375 0.1640625 0.0515625 0.071875
2 0.15 0.2734375 0.096875 0.121875
2 0.084375 0.41015625 0.0875 0.0609375
2 0.0328125 0.5 0.059375 0.090625
3 0.64140625 0.28359375 0.1828125 0.0703125
3 0.19453125 0.3765625 0.3109375 0.06875
3 0.83515625 0.61484375 0.1203125 0.0546875
3 0.50390625 0.16484375 0.2640625 0.0328125
3 0.303125 0.2109375 0.165625 0.053125
3 0.52265625 0.08125 0.1796875 0.05
3 0.340625 0.10390625 0.15 0.0640625
2 0.6546875 0.16015625 0.040625 0.1203125
2 0.70546875 0.36953125 0.0734375 0.1203125
2 0.73984375 0.51484375 0.0890625 0.1359375
