2 0.18125 0.196875 0.084375 0.11875
2 0.08359375 0.334375 0.0921875 0.125
2 0.03828125 0.4640625 0.0546875 0.065625
3 0.5515625 0.45546875 0.34375 0.0828125
3 0.16796875 0.59765625 0.2671875 0.0953125
3 0.50390625 0.10546875 0.1796875 0.0484375
3 0.3140625 0.12734375 0.153125 0.0328125
3 0.33828125 0.0296875 0.1234375 0.040625
2 0.38984375 0.28125 0.1140625 0.246875
2 0.3359375 0.625 0.096875 0.225
2 0.28515625 0.859375 0.1015625 0.209375
2 0.58984375 0.0515625 0.0265625 0.065625
2 0.62109375 0.184375 0.0421875 0.1375
2 0.659375 0.33359375 0.059375 0.1359375
