3 0.20390625 0.5 0.2796875 0.0625
3 0.15703125 0.75 0.2984375 0.096875
2 0.1484375 0.27578125 0.096875 0.1859375
2 0.04765625 0.475 0.0953125 0.13125
2 0.24921875 0.0859375 0.0828125 0.13125
3 0.7484375 0.50390625 0.078125 0.0671875
3 0.63828125 0.26796875 0.1265625 0.0578125
3 0.70078125 0.36171875 0.1234375 0.0453125
3 0.90078125 0.8640625 0.1078125 0.06875
3 0.52109375 0.15 0.1703125 0.040625
3 0.30234375 0.1609375 0.1765625 0.0375
2 0.76875 0.6671875 0.096875 0.228125
2 0.42109375 0.0734375 0.0421875 0.103125
2 0.5890625 0.05703125 0.046875 0.1015625
2 0.63515625 0.20390625 0.0359375 0.0921875
2 0.66015625 0.30078125 0.0328125 0.0546875
2 0.69375 0.425 0.040625 0.078125
