3 0.45703125 0.11015625 0.4390625 0.0640625
2 0.64453125 0.4390625 0.1140625 0.5625
2 0.20859375 0.24375 0.1015625 0.140625
2 0.11484375 0.421875 0.0921875 0.1625
2 0.04296875 0.5640625 0.0578125 0.0875
2 0.721875 0.840625 0.084375 0.209375
3 0.25859375 0.4671875 0.1578125 0.05625
3 0.52734375 0.2375 0.1578125 0.065625
2 0.64609375 0.05078125 0.0484375 0.0703125
2 0.69375 0.18515625 0.04375 0.1203125
2 0.73203125 0.33359375 0.0546875 0.1296875
2 0.7796875 0.49140625 0.059375 0.1171875
2 0.84609375 0.66953125 0.0671875 0.1796875
2 0.91640625 0.87265625 0.0734375 0.1703125
