3 0.87109375 0.73046875 0.1296875 0.0578125
3 0.796875 0.52578125 0.075 0.0859375
3 0.73828125 0.3609375 0.0453125 0.08125
3 0.71484375 0.20625 0.0765625 0.053125
2 0.28203125 0.065625 0.0734375 0.103125
2 0.203125 0.19921875 0.06875 0.1390625
2 0.125 0.33515625 0.08125 0.1078125
2 0.040625 0.471875 0.06875 0.140625
2 0.63671875 0.07265625 0.0421875 0.1171875
2 0.66171875 0.19453125 0.0421875 0.0890625
2 0.6984375 0.303125 0.03125 0.075
2 0.73359375 0.43828125 0.0390625 0.1015625
2 0.775 0.59296875 0.05 0.1421875
2 0.85546875 0.8625 0.0796875 0.234375
