3 0.26640625 0.30390625 0.2640625 0.0859375
3 0.8515625 0.70078125 0.065625 0.0265625
3 0.53515625 0.2890625 0.1984375 0.065625
3 0.54140625 0.10078125 0.1421875 0.0453125
3 0.35234375 0.12265625 0.1671875 0.0328125
2 0.2828125 0.06640625 0.0625 0.1109375
2 0.20859375 0.20234375 0.0828125 0.1265625
2 0.09765625 0.390625 0.1015625 0.165625
2 0.4609375 0.053125 0.0625 0.078125
2 0.4484375 0.1796875 0.06875 0.08125
2 0.62421875 0.05078125 0.0421875 0.1015625
2 0.65703125 0.19453125 0.0484375 0.1296875
2 0.69296875 0.36796875 0.0546875 0.1765625
2 0.72890625 0.54921875 0.0921875 0.1609375
