2 0.23515625 0.1015625 0.0890625 0.125
2 0.1515625 0.2328125 0.0625 0.1125
2 0.0671875 0.38359375 0.090625 0.1546875
2 0.60703125 0.0703125 0.0640625 0.121875
2 0.62734375 0.20703125 0.0484375 0.1046875
2 0.671875 0.34296875 0.078125 0.0984375
2 0.7 0.49296875 0.065625 0.1265625
2 0.7375 0.67734375 0.071875 0.1828125
2 0.415625 0.09921875 0.078125 0.1765625
2 0.27109375 0.21875 0.0640625 0.09375
3 0.4921875 0.284375 0.209375 0.05625
3 0.26796875 0.28359375 0.1515625 0.0515625
3 0.50625 0.16953125 0.10625 0.0484375
3 0.30390625 0.15859375 0.1171875 0.0609375
3 0.50546875 0.053125 0.1328125 0.0375
3 0.3515625 0.0625 0.1125 0.03125
3 0.26171875 0.4953125 0.1015625 0.05625
3 0.08515625 0.56953125 0.1171875 0.0609375
3 0.17109375 0.359375 0.1234375 0.03125
3 0.12421875 0.45234375 0.1109375 0.0453125
