2 0.35859375 0.58046875 0.0859375 0.1046875
2 0.3828125 0.44921875 0.1125 0.1796875
2 0.30625 0.8578125 0.134375 0.2125
2 0.13203125 0.30546875 0.0546875 0.1171875
2 0.034375 0.47578125 0.0375 0.0765625
2 0.26328125 0.05859375 0.0796875 0.0890625
2 0.44296875 0.08203125 0.0890625 0.0859375
3 0.7546875 0.57421875 0.209375 0.0296875
3 0.86796875 0.72734375 0.1046875 0.0359375
3 0.2140625 0.4359375 0.234375 0.08125
3 0.19296875 0.528125 0.2671875 0.071875
3 0.74140625 0.36875 0.0921875 0.025
2 0.4578125 0.8421875 0.075 0.26875
3 0.52890625 0.14140625 0.1734375 0.0453125
3 0.309375 0.15390625 0.203125 0.0296875
3 0.2984375 0.2234375 0.175 0.028125
3 0.2640625 0.29921875 0.171875 0.0421875
3 0.5296875 0.646875 0.26875 0.046875
3 0.1671875 0.671875 0.278125 0.053125
3 0.1109375 0.821875 0.15 0.10625
2 0.60703125 0.078125 0.0640625 0.096875
2 0.65625 0.2359375 0.059375 0.1375
2 0.6890625 0.390625 0.084375 0.134375
