2 0.159375 0.23671875 0.075 0.1140625
2 0.05 0.45703125 0.059375 0.0859375
2 0.3609375 0.5390625 0.09375 0.2125
3 0.1859375 0.38203125 0.20625 0.0671875
3 0.65078125 0.33984375 0.1828125 0.0671875
3 0.3234375 0.13828125 0.178125 0.0515625
3 0.52109375 0.196875 0.1515625 0.065625
3 0.34765625 0.06328125 0.1390625 0.0671875
2 0.3953125 0.3515625 0.078125 0.13125
2 0.23125 0.125 0.08125 0.103125
2 0.60625 0.071875 0.053125 0.115625
2 0.640625 0.2140625 0.053125 0.1375
2 0.7140625 0.45390625 0.0625 0.1703125
2 0.7671875 0.640625 0.078125 0.178125
