3 0.4953125 0.88984375 0.575 0.1515625
2 0.3609375 0.5375 0.10625 0.296875
2 0.1734375 0.19921875 0.0625 0.0921875
2 0.0921875 0.35234375 0.071875 0.0984375
2 0.02890625 0.4546875 0.0296875 0.096875
2 0.2390625 0.11015625 0.059375 0.1234375
2 0.4140625 0.20703125 0.05625 0.0984375
3 0.78984375 0.66171875 0.1453125 0.0390625
3 0.2390625 0.303125 0.21875 0.0875
3 0.65 0.271875 0.165625 0.065625
3 0.1890625 0.4296875 0.203125 0.065625
3 0.5421875 0.209375 0.1625 0.090625
3 0.30703125 0.1546875 0.1515625 0.0375
3 0.3359375 0.08359375 0.134375 0.0703125
