2 0.315625 0.7421875 0.190625 0.315625
2 0.43125 0.1625 0.109375 0.2375
3 0.17890625 0.5421875 0.2953125 0.071875
3 0.5375 0.28359375 0.215625 0.0765625
3 0.26015625 0.303125 0.1984375 0.0875
2 0.29375 0.065625 0.08125 0.109375
2 0.21015625 0.1890625 0.0796875 0.10625
2 0.11640625 0.34765625 0.0859375 0.1359375
2 0.03671875 0.4671875 0.0609375 0.090625
2 0.37109375 0.45546875 0.1046875 0.1953125
2 0.63046875 0.08984375 0.0484375 0.1609375
2 0.68515625 0.290625 0.0609375 0.190625
2 0.74140625 0.5484375 0.0765625 0.2375
2 0.78359375 0.775 0.0796875 0.16875
