3 0.14609375 0.55703125 0.2921875 0.0953125
3 0.215625 0.31015625 0.315625 0.0859375
2 0.4015625 0.25546875 0.065625 0.1078125
2 0.4359375 0.08671875 0.05 0.0859375
2 0.271875 0.703125 0.08125 0.13125
3 0.3109375 0.178125 0.221875 0.053125
3 0.34296875 0.0875 0.1296875 0.0375
2 0.07265625 0.4 0.1203125 0.13125
2 0.18671875 0.23515625 0.0671875 0.0828125
2 0.2484375 0.128125 0.078125 0.059375
2 0.30703125 0.03203125 0.0515625 0.0453125
2 0.3640625 0.4390625 0.078125 0.178125
2 0.6265625 0.07890625 0.059375 0.1359375
2 0.67109375 0.29296875 0.0484375 0.1984375
2 0.71953125 0.55390625 0.0703125 0.1828125
2 0.78125 0.778125 0.05 0.21875
