3 0.14765625 0.62734375 0.2578125 0.0765625
3 0.25 0.29609375 0.271875 0.0828125
3 0.4703125 0.02421875 0.315625 0.0453125
3 0.54375 0.115625 0.171875 0.0375
3 0.3296875 0.18515625 0.19375 0.0671875
2 0.2828125 0.0953125 0.071875 0.084375
2 0.20234375 0.21640625 0.0578125 0.0796875
2 0.11953125 0.35078125 0.1015625 0.1390625
2 0.03828125 0.48203125 0.0546875 0.0859375
2 0.63828125 0.09453125 0.0515625 0.1203125
2 0.68125 0.27265625 0.059375 0.1796875
2 0.74375 0.51796875 0.06875 0.1671875
2 0.45546875 0.10703125 0.0640625 0.1015625
2 0.43046875 0.26953125 0.0734375 0.1171875
