3 0.30390625 0.12578125 0.2328125 0.0921875
3 0.4328125 0.0234375 0.290625 0.040625
2 0.32265625 0.72734375 0.0859375 0.3984375
3 0.171875 0.49140625 0.16875 0.0609375
3 0.13515625 0.8515625 0.1953125 0.1125
3 0.2453125 0.27890625 0.275 0.0578125
2 0.38203125 0.43984375 0.0828125 0.1390625
2 0.4296875 0.2078125 0.0625 0.10625
2 0.1203125 0.34765625 0.075 0.1140625
2 0.1890625 0.21875 0.0875 0.134375
2 0.25859375 0.09296875 0.0859375 0.1046875
2 0.62421875 0.09296875 0.0453125 0.1171875
2 0.653125 0.22890625 0.053125 0.1296875
2 0.68671875 0.36171875 0.0578125 0.1140625
