3 0.1171875 0.54296875 0.175 0.0640625
2 0.434375 0.103125 0.065625 0.140625
2 0.35234375 0.48046875 0.1296875 0.2921875
3 0.66875 0.36328125 0.11875 0.0265625
3 0.35078125 0.10546875 0.1015625 0.0734375
3 0.4984375 0.7109375 0.3375 0.153125
3 0.15 0.7328125 0.265625 0.06875
3 0.5171875 0.25859375 0.196875 0.0765625
3 0.278125 0.26328125 0.209375 0.0546875
3 0.1296875 0.23984375 0.046875 0.0328125
3 0.6578125 0.23125 0.078125 0.0375
3 0.78671875 0.6765625 0.1515625 0.06875
2 0.3125 0.70078125 0.0625 0.1046875
2 0.40078125 0.2625 0.0734375 0.14375
2 0.2734375 0.06875 0.06875 0.0875
2 0.2 0.1859375 0.078125 0.1125
2 0.10234375 0.34765625 0.0796875 0.1328125
2 0.76484375 0.82265625 0.0828125 0.1703125
