1 0.2234375 0.56171875 0.203125 0.2453125
1 0.178125 0.80234375 0.178125 0.1671875
3 0.51875 0.47109375 0.25 0.1140625
1 0.55390625 0.77890625 0.3453125 0.3953125
1 0.50234375 0.23671875 0.1265625 0.2984375
1 0.29609375 0.3140625 0.1390625 0.203125
3 0.80390625 0.69140625 0.1296875 0.0859375
3 0.79296875 0.77578125 0.0765625 0.0359375
3 0.8234375 0.59765625 0.053125 0.0453125
2 0.34140625 0.55703125 0.0609375 0.2671875
2 0.29375 0.85390625 0.078125 0.2328125
2 0.87265625 0.87265625 0.0765625 0.1234375
2 0.75859375 0.559375 0.0484375 0.075
