2 0.4953125 0.3328125 0.078125 0.465625
2 0.4875 0.77109375 0.1125 0.3765625
2 0.33046875 0.1359375 0.1203125 0.190625
2 0.30390625 0.2828125 0.0484375 0.05625
3 0.6921875 0.2578125 0.2 0.05
1 0.8578125 0.58828125 0.253125 0.3046875
2 0.29609375 0.6640625 0.0734375 0.178125
2 0.3734375 0.26171875 0.0625 0.2078125
2 0.69765625 0.62109375 0.0796875 0.1984375
0 0.89296875 0.2359375 0.1484375 0.11875
2 0.8140625 0.8921875 0.065625 0.171875
2 0.221875 0.90390625 0.053125 0.1265625
1 0.1484375 0.7890625 0.159375 0.31875
1 0.240625 0.44765625 0.15 0.2078125
3 0.11796875 0.5859375 0.2296875 0.040625
3 0.196875 0.29375 0.15 0.025
2 0.57578125 0.13203125 0.0359375 0.1390625
2 0.62734375 0.33984375 0.0234375 0.1109375
