1 0.24765625 0.296875 0.1546875 0.259375
1 0.1796875 0.540625 0.115625 0.146875
1 0.084375 0.76875 0.121875 0.259375
1 0.4125 0.58203125 0.28125 0.2453125
3 0.7828125 0.5875 0.178125 0.05625
3 0.86015625 0.815625 0.2015625 0.06875
3 0.65 0.225 0.125 0.06875
2 0.415625 0.80078125 0.065625 0.3765625
2 0.44921875 0.2578125 0.0765625 0.334375
2 0.56015625 0.1625 0.0734375 0.225
2 0.609375 0.43671875 0.096875 0.2703125
2 0.6578125 0.79609375 0.103125 0.3265625
2 0.19921875 0.74453125 0.1015625 0.1859375
2 0.33671875 0.2875 0.0921875 0.284375
2 0.39765625 0.05390625 0.0421875 0.0671875
