3 0.1578125 0.6328125 0.265625 0.1
3 0.7890625 0.54921875 0.1625 0.0734375
2 0.4859375 0.36875 0.078125 0.634375
2 0.28359375 0.240625 0.1921875 0.3625
2 0.27265625 0.63984375 0.0828125 0.2234375
2 0.37890625 0.2390625 0.0703125 0.246875
1 0.08046875 0.81015625 0.1546875 0.1859375
0 0.71484375 0.684375 0.0703125 0.1375
0 0.8546875 0.86484375 0.140625 0.1265625
2 0.76484375 0.8859375 0.0703125 0.165625
0 0.65625 0.4625 0.05625 0.13125
0 0.63125 0.278125 0.08125 0.178125
0 0.60078125 0.13671875 0.0640625 0.0609375
