3 0.153125 0.5375 0.2375 0.109375
3 0.853125 0.6984375 0.23125 0.13125
3 0.10703125 0.86875 0.1578125 0.1
2 0.4984375 0.5 0.128125 0.915625
2 0.23203125 0.4328125 0.1046875 0.0625
3 0.75859375 0.4078125 0.1015625 0.04375
2 0.140625 0.6953125 0.109375 0.159375
2 0.32109375 0.14140625 0.0921875 0.1328125
2 0.26796875 0.2984375 0.1015625 0.15
2 0.259375 0.69453125 0.05 0.1765625
2 0.30546875 0.5328125 0.0453125 0.071875
2 0.36875 0.27421875 0.078125 0.1765625
2 0.4 0.11171875 0.040625 0.1359375
2 0.6671875 0.43203125 0.0375 0.0609375
0 0.71171875 0.66484375 0.0765625 0.1703125
0 0.69296875 0.51953125 0.0796875 0.0859375
0 0.6265625 0.30234375 0.075 0.1265625
0 0.5953125 0.1703125 0.059375 0.115625
0 0.78359375 0.88671875 0.0984375 0.1765625
