3 0.16796875 0.5765625 0.3140625 0.096875
1 0.2015625 0.3390625 0.2 0.278125
1 0.09140625 0.796875 0.1828125 0.328125
1 0.2875 0.1125 0.13125 0.134375
3 0.78828125 0.434375 0.1765625 0.084375
3 0.70625 0.353125 0.09375 0.06875
1 0.5125 0.76015625 0.259375 0.3640625
2 0.21640625 0.70859375 0.0609375 0.1984375
2 0.32109375 0.346875 0.0421875 0.125
2 0.36640625 0.16796875 0.0734375 0.2296875
0 0.659375 0.52734375 0.05 0.1203125
0 0.71875 0.79296875 0.109375 0.3328125
0 0.6796875 0.21796875 0.178125 0.1671875
2 0.0421875 0.36328125 0.071875 0.1390625
