3 0.4375 0.51328125 0.259375 0.1015625
3 0.2859375 0.19609375 0.190625 0.0296875
3 0.8421875 0.7359375 0.203125 0.071875
3 0.73125 0.42578125 0.11875 0.0734375
3 0.66875 0.278125 0.0875 0.08125
2 0.25 0.6359375 0.10625 0.34375
2 0.39375 0.09609375 0.05 0.1359375
2 0.43515625 0.7671875 0.0796875 0.440625
2 0.46484375 0.16796875 0.0546875 0.2921875
2 0.31640625 0.36171875 0.0609375 0.1359375
2 0.17421875 0.91015625 0.0859375 0.1453125
0 0.68125 0.5953125 0.13125 0.153125
0 0.7078125 0.77578125 0.146875 0.1609375
0 0.75859375 0.92421875 0.1328125 0.1046875
0 0.6265625 0.38671875 0.08125 0.1515625
0 0.5734375 0.15703125 0.065625 0.1453125
