1 0.18828125 0.53046875 0.2234375 0.3640625
1 0.29140625 0.2015625 0.1859375 0.246875
1 0.096875 0.83046875 0.16875 0.2046875
3 0.7984375 0.4625 0.125 0.040625
3 0.82421875 0.54375 0.1640625 0.071875
2 0.49921875 0.47109375 0.0640625 0.8921875
2 0.3828125 0.20703125 0.078125 0.2609375
2 0.29453125 0.6640625 0.0609375 0.190625
2 0.21796875 0.8890625 0.0953125 0.1625
2 0.6046875 0.23828125 0.06875 0.2296875
2 0.78203125 0.8890625 0.0515625 0.1625
0 0.7015625 0.53828125 0.075 0.1296875
0 0.73515625 0.69921875 0.0984375 0.1546875
0 0.6671875 0.4078125 0.103125 0.115625
