3 0.31796875 0.44375 0.5140625 0.14375
2 0.41171875 0.74453125 0.0578125 0.4671875
2 0.453125 0.203125 0.1 0.375
3 0.25546875 0.20078125 0.1546875 0.0453125
3 0.84765625 0.81171875 0.1703125 0.1046875
3 0.703125 0.365625 0.1 0.06875
2 0.21640625 0.68125 0.1109375 0.2375
2 0.321875 0.3140625 0.1 0.2125
2 0.38359375 0.1203125 0.0640625 0.14375
0 0.66640625 0.621875 0.1140625 0.1375
0 0.70390625 0.84453125 0.1421875 0.2484375
0 0.6171875 0.40234375 0.065625 0.1421875
0 0.57890625 0.1859375 0.0796875 0.234375
