0 0.84375 0.56796875 0.246875 0.4171875
1 0.5484375 0.53203125 0.228125 0.3328125
1 0.4859375 0.83125 0.33125 0.259375
1 0.13203125 0.8140625 0.1015625 0.271875
1 0.23984375 0.465625 0.1828125 0.365625
2 0.3421875 0.1546875 0.115625 0.20625
2 0.5140625 0.203125 0.078125 0.31875
2 0.71015625 0.6078125 0.0734375 0.25625
2 0.61796875 0.2328125 0.0953125 0.253125
2 0.3984375 0.196875 0.04375 0.2375
2 0.2109375 0.90234375 0.059375 0.1609375
2 0.21796875 0.18671875 0.0640625 0.1015625
2 0.13359375 0.29765625 0.0859375 0.0984375
2 0.05859375 0.41328125 0.0984375 0.1265625
