3 0.45703125 0.4953125 0.2609375 0.1
3 0.4140625 0.85625 0.40625 0.175
3 0.134375 0.703125 0.2625 0.09375
1 0.24296875 0.28984375 0.2203125 0.3140625
1 0.1578125 0.52421875 0.178125 0.2171875
1 0.475 0.18984375 0.084375 0.2828125
2 0.365625 0.21171875 0.103125 0.3015625
2 0.2875 0.559375 0.0625 0.165625
3 0.75859375 0.46015625 0.1078125 0.0546875
3 0.86875 0.66640625 0.178125 0.0921875
3 0.91796875 0.915625 0.1265625 0.078125
1 0.096875 0.8453125 0.146875 0.19375
2 0.68671875 0.8578125 0.0703125 0.20625
2 0.64296875 0.60703125 0.0546875 0.1640625
2 0.58828125 0.33828125 0.0765625 0.2515625
2 0.44609375 0.6546875 0.0703125 0.1875
