3 0.375 0.3765625 0.49375 0.140625
2 0.496875 0.15390625 0.05625 0.2984375
2 0.359375 0.1015625 0.075 0.159375
2 0.3140625 0.2359375 0.1125 0.05
3 0.43828125 0.92265625 0.4546875 0.1453125
3 0.82109375 0.60859375 0.1578125 0.1265625
2 0.571875 0.0984375 0.04375 0.08125
2 0.315625 0.634375 0.09375 0.25
2 0.48984375 0.67421875 0.0890625 0.3140625
2 0.2046875 0.53515625 0.090625 0.1609375
2 0.10859375 0.7875 0.1671875 0.253125
0 0.79375 0.8796875 0.15 0.2
0 0.72421875 0.6328125 0.1328125 0.221875
0 0.625 0.27734375 0.09375 0.2203125
0 0.6796875 0.45234375 0.084375 0.0828125
