2 0.4703125 0.5203125 0.11875 0.921875
2 0.22109375 0.346875 0.2203125 0.45
2 0.09453125 0.7796875 0.1453125 0.3
3 0.1609375 0.5859375 0.2875 0.05625
3 0.7765625 0.59296875 0.196875 0.0921875
2 0.74453125 0.86953125 0.0578125 0.1921875
2 0.35546875 0.26796875 0.0734375 0.1703125
2 0.26171875 0.61953125 0.0765625 0.2265625
2 0.6359375 0.43828125 0.040625 0.0703125
2 0.57890625 0.271875 0.0453125 0.13125
2 0.56015625 0.1296875 0.0203125 0.090625
2 0.38984375 0.10078125 0.0390625 0.1640625
0 0.71640625 0.70546875 0.0796875 0.0828125
