2 0.28359375 0.14375 0.1453125 0.246875
3 0.18359375 0.71171875 0.3109375 0.0984375
3 0.18671875 0.396875 0.2453125 0.08125
2 0.3609375 0.27265625 0.08125 0.2578125
2 0.2765625 0.65234375 0.084375 0.3140625
1 0.47265625 0.26640625 0.1640625 0.1484375
2 0.07578125 0.85625 0.0671875 0.134375
2 0.73203125 0.86796875 0.0828125 0.1796875
2 0.6859375 0.6390625 0.06875 0.203125
2 0.63359375 0.44453125 0.0609375 0.1296875
2 0.18984375 0.90234375 0.0609375 0.1421875
2 0.40390625 0.0703125 0.0421875 0.13125
2 0.53671875 0.85234375 0.0828125 0.2234375
2 0.17734375 0.55546875 0.0953125 0.1734375
