1 0.51796875 0.121875 0.1359375 0.2125
1 0.515625 0.3296875 0.228125 0.2
1 0.49140625 0.590625 0.2578125 0.271875
3 0.47890625 0.82109375 0.3171875 0.1140625
1 0.34453125 0.10234375 0.1390625 0.1234375
1 0.28203125 0.22890625 0.1796875 0.1140625
3 0.23828125 0.33828125 0.1859375 0.0890625
1 0.165625 0.5390625 0.25625 0.253125
2 0.3171875 0.590625 0.065625 0.253125
2 0.37734375 0.3484375 0.0734375 0.2125
2 0.41875 0.14921875 0.046875 0.1359375
2 0.71328125 0.8703125 0.0640625 0.2
2 0.6796875 0.64453125 0.078125 0.2046875
