1 0.43359375 0.75 0.2921875 0.44375
1 0.4890625 0.41640625 0.209375 0.2171875
1 0.5125 0.1625 0.15625 0.2125
1 0.2890625 0.21015625 0.196875 0.1859375
3 0.20546875 0.4171875 0.2390625 0.06875
3 0.13359375 0.6234375 0.2421875 0.1
2 0.68359375 0.80859375 0.0796875 0.2734375
2 0.653125 0.5640625 0.065625 0.2
2 0.6171875 0.3328125 0.0375 0.24375
2 0.22109375 0.8828125 0.0796875 0.1875
2 0.353125 0.42734375 0.065625 0.1890625
2 0.30078125 0.63515625 0.0421875 0.1390625
2 0.4015625 0.20859375 0.059375 0.1734375
2 0.4484375 0.06171875 0.05 0.1015625
