1 0.44765625 0.7421875 0.2640625 0.478125
3 0.14453125 0.6296875 0.2546875 0.05625
3 0.19375 0.41171875 0.21875 0.0546875
1 0.47109375 0.390625 0.2109375 0.1875
1 0.50234375 0.1640625 0.1390625 0.184375
1 0.29453125 0.2265625 0.1640625 0.2
2 0.23046875 0.88828125 0.0578125 0.2140625
2 0.35 0.41171875 0.075 0.1484375
2 0.3953125 0.2203125 0.05 0.159375
2 0.4375 0.07265625 0.040625 0.1203125
2 0.6765625 0.78984375 0.08125 0.3734375
2 0.6421875 0.4640625 0.078125 0.228125
2 0.6046875 0.23984375 0.04375 0.1921875
