3 0.37421875 0.2109375 0.3578125 0.084375
3 0.17734375 0.421875 0.2515625 0.05
3 0.63671875 0.2 0.1484375 0.0625
2 0.328125 0.32421875 0.08125 0.1359375
2 0.2484375 0.58046875 0.121875 0.2390625
2 0.2109375 0.771875 0.06875 0.115625
2 0.39296875 0.0890625 0.0609375 0.140625
3 0.0734375 0.2125 0.140625 0.059375
3 0.909375 0.83984375 0.1375 0.0796875
2 0.940625 0.70625 0.090625 0.18125
2 0.84453125 0.521875 0.0921875 0.1875
2 0.771875 0.30703125 0.08125 0.1671875
2 0.62734375 0.40078125 0.0953125 0.2453125
2 0.67734375 0.63515625 0.0765625 0.1640625
2 0.72421875 0.83984375 0.0890625 0.1859375
