3 0.40390625 0.075 0.3203125 0.05625
3 0.37734375 0.16015625 0.3953125 0.0828125
3 0.2734375 0.34765625 0.26875 0.0453125
3 0.33046875 0.48671875 0.5890625 0.1453125
3 0.43828125 0.84453125 0.4421875 0.1484375
3 0.6375 0.13984375 0.103125 0.0484375
3 0.715625 0.29453125 0.14375 0.0734375
2 0.38671875 0.2625 0.0359375 0.109375
2 0.30859375 0.65546875 0.0734375 0.2015625
3 0.12265625 0.16484375 0.1140625 0.0484375
3 0.84609375 0.68046875 0.2546875 0.0890625
3 0.05703125 0.3078125 0.0921875 0.046875
2 0.04609375 0.40703125 0.0765625 0.1203125
2 0.159375 0.23125 0.090625 0.1
