3 0.303125 0.221875 0.575 0.0625
3 0.65859375 0.19296875 0.1109375 0.0828125
3 0.5984375 0.05546875 0.10625 0.0546875
2 0.34296875 0.328125 0.0984375 0.153125
2 0.209375 0.77578125 0.125 0.2453125
2 0.3953125 0.09765625 0.096875 0.1328125
3 0.90390625 0.84140625 0.1390625 0.0703125
2 0.89296875 0.66328125 0.0890625 0.1859375
2 0.8234375 0.48125 0.0625 0.14375
2 0.7703125 0.36171875 0.028125 0.0609375
2 0.315625 0.503125 0.08125 0.134375
2 0.62734375 0.359375 0.0453125 0.196875
2 0.671875 0.5828125 0.059375 0.2125
2 0.73984375 0.84609375 0.1046875 0.2265625
