3 0.39609375 0.7921875 0.6421875 0.078125
3 0.44296875 0.103125 0.3515625 0.071875
3 0.7515625 0.35390625 0.134375 0.0828125
3 0.253125 0.4328125 0.090625 0.04375
3 0.3390625 0.33125 0.075 0.034375
3 0.51484375 0.3484375 0.1046875 0.034375
3 0.91953125 0.71953125 0.1515625 0.0734375
3 0.95 0.4078125 0.078125 0.059375
3 0.6921875 0.0890625 0.0875 0.046875
3 0.07578125 0.1328125 0.1078125 0.040625
2 0.77109375 0.5296875 0.1078125 0.290625
2 0.8828125 0.85546875 0.0875 0.1921875
2 0.659375 0.21953125 0.08125 0.1765625
