3 0.2453125 0.25546875 0.25 0.0421875
3 0.1765625 0.434375 0.290625 0.053125
3 0.6828125 0.36484375 0.15 0.0953125
2 0.30234375 0.63203125 0.1140625 0.2578125
2 0.3546875 0.33203125 0.053125 0.1140625
2 0.3984375 0.11171875 0.05625 0.2046875
3 0.42890625 0.8609375 0.3234375 0.0875
3 0.79921875 0.6578125 0.2359375 0.078125
3 0.646875 0.1921875 0.115625 0.059375
3 0.6140625 0.03125 0.103125 0.04375
3 0.203125 0.0515625 0.096875 0.053125
2 0.815625 0.415625 0.0625 0.134375
2 0.86796875 0.5546875 0.0484375 0.103125
2 0.95390625 0.74453125 0.0640625 0.1171875
