3 0.48125 0.4890625 0.3 0.05625
3 0.17265625 0.60703125 0.3203125 0.0953125
3 0.45859375 0.1015625 0.2015625 0.071875
3 0.40546875 0.21875 0.3546875 0.06875
3 0.7125 0.29609375 0.140625 0.0828125
2 0.2828125 0.809375 0.08125 0.30625
3 0.25078125 0.3625 0.1921875 0.08125
3 0.04921875 0.340625 0.0671875 0.0375
3 0.91015625 0.86328125 0.1484375 0.0859375
3 0.62265625 0.09375 0.0828125 0.0375
3 0.59453125 0.009375 0.0703125 0.01875
2 0.665625 0.44921875 0.065625 0.1453125
2 0.70859375 0.69453125 0.1203125 0.2734375
2 0.1234375 0.25234375 0.06875 0.1015625
2 0.2046875 0.1484375 0.05625 0.078125
