3 0.31796875 0.29296875 0.4171875 0.0703125
2 0.65390625 0.765625 0.1109375 0.378125
2 0.61484375 0.334375 0.0765625 0.321875
2 0.2328125 0.80390625 0.13125 0.2890625
2 0.31328125 0.42109375 0.1171875 0.1484375
3 0.46171875 0.50390625 0.1953125 0.0703125
3 0.12578125 0.5734375 0.2390625 0.071875
3 0.51953125 0.040625 0.1046875 0.03125
3 0.48828125 0.18046875 0.1484375 0.0640625
3 0.28046875 0.18984375 0.1078125 0.0515625
3 0.85625 0.29375 0.2625 0.128125
3 0.88359375 0.403125 0.2296875 0.1
3 0.90859375 0.52890625 0.1734375 0.0734375
2 0.290625 0.5890625 0.06875 0.13125
