3 0.40078125 0.29609375 0.3671875 0.0953125
3 0.7359375 0.23984375 0.209375 0.0796875
3 0.82421875 0.44765625 0.3078125 0.0984375
3 0.8671875 0.6359375 0.2375 0.053125
3 0.590625 0.84453125 0.31875 0.0828125
3 0.9234375 0.21640625 0.0875 0.0421875
3 0.51953125 0.4359375 0.1921875 0.05
2 0.35390625 0.47265625 0.0578125 0.1734375
2 0.3171875 0.68046875 0.0625 0.1890625
2 0.29375 0.8796875 0.075 0.184375
2 0.39609375 0.14140625 0.0359375 0.1515625
2 0.93828125 0.31953125 0.0859375 0.1078125
2 0.8234375 0.14296875 0.084375 0.1078125
2 0.7546875 0.046875 0.053125 0.06875
