3 0.32734375 0.66328125 0.5953125 0.1578125
3 0.3703125 0.2453125 0.459375 0.1
3 0.4359375 0.13828125 0.290625 0.0640625
3 0.65 0.2015625 0.121875 0.046875
3 0.621875 0.1203125 0.1 0.053125
3 0.07265625 0.2234375 0.1078125 0.0375
2 0.33671875 0.43515625 0.0796875 0.2484375
2 0.25546875 0.84296875 0.0890625 0.2234375
3 0.9171875 0.85703125 0.134375 0.0734375
2 0.10703125 0.2921875 0.0578125 0.06875
2 0.053125 0.38828125 0.0625 0.0859375
2 0.190625 0.15859375 0.065625 0.0828125
2 0.89609375 0.5609375 0.0578125 0.115625
2 0.96015625 0.684375 0.0609375 0.103125
