3 0.36171875 0.24453125 0.4453125 0.0953125
3 0.39765625 0.07265625 0.3390625 0.0859375
3 0.67265625 0.221875 0.1609375 0.059375
3 0.06328125 0.2484375 0.1234375 0.03125
3 0.19296875 0.08984375 0.0859375 0.0265625
3 0.60859375 0.0546875 0.0859375 0.05
2 0.3 0.51328125 0.109375 0.3578125
2 0.3828125 0.1453125 0.0625 0.1
2 0.221875 0.83671875 0.090625 0.2640625
3 0.7609375 0.5375 0.18125 0.05
2 0.90234375 0.60546875 0.0578125 0.1296875
2 0.96171875 0.74375 0.0578125 0.115625
3 0.875 0.93828125 0.190625 0.0515625
