3 0.38671875 0.24765625 0.6640625 0.0953125
3 0.76015625 0.40234375 0.1953125 0.0734375
3 0.1515625 0.78046875 0.253125 0.1078125
3 0.1375 0.46875 0.115625 0.134375
3 0.87265625 0.68046875 0.2078125 0.0296875
3 0.7859375 0.51015625 0.090625 0.0421875
3 0.65625 0.103125 0.090625 0.04375
3 0.32109375 0.06171875 0.1171875 0.0234375
2 0.1328125 0.3203125 0.046875 0.078125
2 0.70703125 0.53828125 0.0515625 0.1515625
2 0.7546875 0.71015625 0.0625 0.1453125
2 0.8046875 0.90859375 0.059375 0.1640625
2 0.8734375 0.88359375 0.075 0.1671875
2 0.81875 0.75234375 0.03125 0.0828125
2 0.7765625 0.60859375 0.040625 0.1046875
