3 0.36015625 0.19921875 0.4109375 0.0671875
3 0.3875 0.0859375 0.353125 0.059375
1 0.52109375 0.725 0.1953125 0.478125
2 0.31953125 0.45859375 0.1046875 0.3453125
2 0.25234375 0.78984375 0.0859375 0.2796875
3 0.66875 0.22109375 0.128125 0.0734375
3 0.6453125 0.10546875 0.090625 0.0703125
3 0.746875 0.50546875 0.175 0.1046875
3 0.8640625 0.84140625 0.125 0.1265625
2 0.37265625 0.1359375 0.0609375 0.084375
2 0.72109375 0.87421875 0.0640625 0.2109375
2 0.67890625 0.65390625 0.0703125 0.1640625
2 0.63359375 0.43203125 0.0484375 0.2234375
1 0.09765625 0.5890625 0.1703125 0.29375
