3 0.5125 0.72734375 0.2875 0.1015625
3 0.50625 0.3703125 0.203125 0.0625
1 0.35625 0.14765625 0.303125 0.0734375
1 0.16953125 0.40390625 0.2890625 0.4015625
1 0.50546875 0.5390625 0.1734375 0.24375
2 0.33984375 0.3171875 0.0859375 0.23125
2 0.2546875 0.74921875 0.115625 0.3171875
2 0.39765625 0.08359375 0.0671875 0.1265625
3 0.8203125 0.6859375 0.184375 0.13125
3 0.7515625 0.4734375 0.196875 0.16875
3 0.721875 0.359375 0.140625 0.0875
2 0.71875 0.85078125 0.075 0.2359375
2 0.64453125 0.53984375 0.0453125 0.2546875
2 0.59296875 0.24453125 0.0484375 0.1484375
2 0.56875 0.09375 0.05 0.09375
