3 0.36015625 0.21171875 0.4640625 0.0671875
3 0.47265625 0.63046875 0.3015625 0.0640625
3 0.15234375 0.69921875 0.3015625 0.0546875
1 0.159375 0.45546875 0.178125 0.3546875
2 0.384375 0.12109375 0.075 0.1609375
2 0.30078125 0.4515625 0.1078125 0.290625
3 0.803125 0.59296875 0.21875 0.0546875
3 0.6546875 0.1828125 0.10625 0.075
2 0.2203125 0.84609375 0.0875 0.1921875
3 0.91171875 0.865625 0.1328125 0.065625
2 0.4875 0.8109375 0.134375 0.234375
2 0.7 0.8484375 0.05625 0.225
2 0.6609375 0.6328125 0.05625 0.171875
2 0.759375 0.24296875 0.0625 0.1421875
2 0.83125 0.4046875 0.06875 0.121875
2 0.953125 0.65234375 0.053125 0.1296875
2 0.690625 0.0890625 0.053125 0.10625
2 0.621875 0.3765625 0.0375 0.121875
2 0.0453125 0.39140625 0.065625 0.0890625
2 0.09765625 0.3 0.0640625 0.06875
