1 0.18828125 0.3859375 0.1921875 0.25
2 0.3984375 0.09296875 0.046875 0.1421875
2 0.259375 0.65859375 0.109375 0.4640625
2 0.74609375 0.86328125 0.1140625 0.1890625
2 0.69453125 0.6375 0.0953125 0.24375
2 0.64453125 0.41015625 0.0796875 0.1546875
2 0.603125 0.2578125 0.034375 0.109375
3 0.471875 0.15703125 0.13125 0.0765625
3 0.27734375 0.184375 0.1703125 0.059375
2 0.04453125 0.36875 0.0484375 0.109375
1 0.10625 0.13515625 0.1625 0.2296875
1 0.475 0.3703125 0.203125 0.278125
1 0.4515625 0.72734375 0.3 0.3859375
