3 0.37421875 0.1296875 0.3140625 0.05625
3 0.19921875 0.478125 0.3015625 0.078125
1 0.1015625 0.72109375 0.175 0.2296875
2 0.35859375 0.24921875 0.0953125 0.2171875
2 0.24140625 0.71953125 0.1015625 0.3734375
3 0.6859375 0.2984375 0.140625 0.06875
3 0.63828125 0.17109375 0.1078125 0.0734375
3 0.6234375 0.078125 0.075 0.06875
3 0.7484375 0.43203125 0.115625 0.0921875
3 0.840625 0.7125 0.246875 0.13125
3 0.503125 0.34765625 0.15 0.0703125
2 0.68359375 0.8171875 0.0828125 0.25
2 0.89375 0.54140625 0.1125 0.2296875
2 0.8109375 0.35234375 0.046875 0.0859375
2 0.75546875 0.2234375 0.0703125 0.140625
2 0.70625 0.11875 0.040625 0.0875
