3 0.48515625 0.56640625 0.3859375 0.0515625
3 0.15390625 0.64296875 0.2703125 0.0609375
1 0.50703125 0.37734375 0.0765625 0.3078125
1 0.146875 0.41875 0.184375 0.296875
1 0.490625 0.11171875 0.09375 0.1046875
2 0.38671875 0.12265625 0.0609375 0.1453125
2 0.31328125 0.39453125 0.1078125 0.2640625
3 0.89375 0.83125 0.196875 0.071875
3 0.71328125 0.35234375 0.1359375 0.0671875
2 0.25703125 0.73203125 0.1046875 0.2078125
2 0.52421875 0.80859375 0.1296875 0.2765625
2 0.71640625 0.81171875 0.0734375 0.3046875
3 0.47734375 0.1921875 0.2109375 0.05
3 0.26484375 0.2 0.2109375 0.046875
