3 0.16171875 0.51171875 0.3078125 0.0953125
3 0.34765625 0.25 0.4453125 0.06875
1 0.496875 0.134375 0.08125 0.10625
2 0.3875 0.15546875 0.053125 0.2109375
2 0.33671875 0.3875 0.0796875 0.153125
2 0.2875 0.61484375 0.059375 0.1734375
3 0.6875 0.26015625 0.11875 0.0890625
3 0.7421875 0.4640625 0.190625 0.078125
3 0.84765625 0.7109375 0.1953125 0.08125
3 0.85078125 0.9375 0.0859375 0.0625
2 0.72421875 0.85703125 0.0640625 0.2484375
2 0.68046875 0.596875 0.0578125 0.13125
3 0.471875 0.7078125 0.309375 0.115625
3 0.1421875 0.77109375 0.2125 0.0953125
