3 0.17109375 0.37109375 0.2234375 0.0828125
3 0.4796875 0.17734375 0.2 0.0453125
1 0.12421875 0.65859375 0.2203125 0.1703125
2 0.2703125 0.659375 0.06875 0.29375
2 0.35390625 0.22109375 0.0984375 0.2765625
3 0.7984375 0.6234375 0.225 0.109375
3 0.721875 0.3828125 0.19375 0.090625
3 0.69140625 0.2640625 0.1171875 0.071875
3 0.65 0.1296875 0.11875 0.03125
1 0.4921875 0.67734375 0.21875 0.2859375
2 0.47734375 0.2734375 0.0515625 0.1125
2 0.221875 0.90703125 0.075 0.1328125
2 0.71015625 0.81875 0.0921875 0.253125
2 0.65546875 0.55859375 0.0484375 0.1703125
2 0.60625 0.28515625 0.040625 0.1609375
