3 0.371875 0.16875 0.403125 0.103125
1 0.53671875 0.7625 0.2609375 0.459375
1 0.5 0.26171875 0.128125 0.1640625
2 0.25390625 0.815625 0.1265625 0.33125
2 0.33671875 0.3296875 0.0953125 0.2
2 0.41015625 0.0625 0.1015625 0.10625
3 0.81484375 0.58203125 0.1796875 0.0890625
3 0.8625 0.71015625 0.215625 0.0671875
3 0.68984375 0.2578125 0.1109375 0.040625
3 0.6734375 0.18671875 0.084375 0.0390625
2 0.30625 0.5078125 0.0375 0.103125
3 0.4765625 0.45078125 0.284375 0.0703125
3 0.14375 0.58984375 0.26875 0.0453125
