3 0.21875 0.36640625 0.18125 0.0515625
1 0.49921875 0.753125 0.1578125 0.428125
1 0.49453125 0.2140625 0.1109375 0.38125
1 0.28203125 0.20234375 0.0953125 0.1734375
1 0.16640625 0.471875 0.1078125 0.0875
2 0.2859375 0.56796875 0.053125 0.1671875
2 0.240625 0.77421875 0.075 0.1734375
2 0.38203125 0.225 0.0921875 0.275
3 0.059375 0.2203125 0.096875 0.065625
3 0.12578125 0.11875 0.1203125 0.0375
3 0.66640625 0.15390625 0.1265625 0.0421875
3 0.8046875 0.41484375 0.2 0.1453125
3 0.4796875 0.47109375 0.284375 0.0640625
3 0.1359375 0.6171875 0.240625 0.065625
2 0.59609375 0.2234375 0.0671875 0.146875
2 0.6375 0.3890625 0.05625 0.146875
2 0.6875 0.5734375 0.075 0.1875
2 0.7109375 0.7578125 0.071875 0.15
2 0.75703125 0.9140625 0.0796875 0.134375
2 0.15390625 0.225 0.0640625 0.115625
2 0.0640625 0.36796875 0.109375 0.1328125
