3 0.48828125 0.13359375 0.1765625 0.0484375
1 0.225 0.284375 0.171875 0.221875
1 0.5 0.2640625 0.184375 0.196875
1 0.52734375 0.7703125 0.1328125 0.3
2 0.371875 0.2578125 0.078125 0.2375
3 0.86796875 0.71640625 0.1921875 0.1109375
3 0.73515625 0.3546875 0.1390625 0.071875
2 0.42109375 0.0515625 0.0671875 0.103125
2 0.24609375 0.8640625 0.1140625 0.25
0 0.6921875 0.53125 0.115625 0.203125
0 0.6296875 0.309375 0.05 0.10625
3 0.48671875 0.41171875 0.2859375 0.0515625
3 0.1625 0.51171875 0.29375 0.0953125
2 0.853125 0.4171875 0.059375 0.115625
2 0.9203125 0.56171875 0.08125 0.1515625
2 0.76796875 0.24921875 0.0765625 0.1265625
2 0.71015625 0.12578125 0.0640625 0.1046875
