3 0.39453125 0.06640625 0.3359375 0.0359375
3 0.48046875 0.228125 0.1953125 0.09375
3 0.16484375 0.4140625 0.2515625 0.065625
2 0.3515625 0.33984375 0.0875 0.3484375
3 0.746875 0.3796875 0.175 0.084375
3 0.6546875 0.1359375 0.084375 0.05625
3 0.8390625 0.65625 0.259375 0.046875
2 0.54140625 0.83359375 0.0703125 0.1234375
2 0.6125 0.29375 0.04375 0.140625
2 0.65390625 0.48984375 0.0484375 0.2015625
2 0.715625 0.84921875 0.0875 0.1546875
2 0.22890625 0.92578125 0.0671875 0.1203125
3 0.48046875 0.646875 0.3609375 0.075
3 0.12578125 0.7140625 0.2421875 0.06875
