3 0.4609375 0.4484375 0.24375 0.071875
3 0.1640625 0.55546875 0.215625 0.0703125
1 0.10859375 0.76015625 0.1953125 0.3390625
1 0.1734375 0.33359375 0.259375 0.2953125
1 0.48515625 0.1828125 0.1890625 0.2125
2 0.35546875 0.21953125 0.0765625 0.2234375
2 0.2546875 0.72890625 0.103125 0.3859375
3 0.66953125 0.23046875 0.1234375 0.0453125
3 0.7515625 0.37734375 0.1125 0.0765625
3 0.6546875 0.175 0.10625 0.05625
2 0.64609375 0.5515625 0.0546875 0.23125
2 0.69453125 0.8265625 0.1046875 0.25625
2 0.615625 0.3375 0.053125 0.153125
