3 0.36640625 0.2171875 0.4078125 0.06875
1 0.49375 0.38203125 0.10625 0.2703125
1 0.16015625 0.41953125 0.1859375 0.2453125
1 0.48984375 0.1328125 0.0453125 0.134375
2 0.3125 0.43046875 0.090625 0.2921875
2 0.4078125 0.0703125 0.05 0.125
3 0.78984375 0.58671875 0.2015625 0.1015625
3 0.68828125 0.26640625 0.1265625 0.0796875
2 0.50390625 0.85390625 0.1359375 0.2390625
2 0.690625 0.80703125 0.075 0.3046875
2 0.6421875 0.490625 0.046875 0.1875
3 0.47265625 0.6203125 0.3140625 0.071875
3 0.14140625 0.6984375 0.2234375 0.09375
2 0.7953125 0.3140625 0.053125 0.103125
2 0.83671875 0.41171875 0.0390625 0.0578125
2 0.72734375 0.1703125 0.0515625 0.103125
2 0.6703125 0.05703125 0.04375 0.0859375
2 0.10390625 0.27734375 0.0703125 0.1015625
2 0.0375 0.39375 0.06875 0.084375
