3 0.37265625 0.11953125 0.3515625 0.0671875
3 0.39453125 0.24453125 0.3421875 0.0890625
1 0.16875 0.4546875 0.246875 0.26875
2 0.33671875 0.45546875 0.1109375 0.3109375
2 0.23671875 0.8453125 0.0890625 0.228125
2 0.4078125 0.0578125 0.065625 0.084375
3 0.68125 0.2484375 0.15 0.065625
3 0.6984375 0.33125 0.19375 0.046875
3 0.76328125 0.496875 0.1828125 0.075
3 0.63671875 0.13046875 0.0953125 0.0453125
2 0.49609375 0.89921875 0.0703125 0.1421875
2 0.73125 0.83359375 0.09375 0.2578125
2 0.64609375 0.49765625 0.0609375 0.2515625
3 0.4859375 0.66953125 0.35 0.0578125
3 0.14375 0.74609375 0.23125 0.0921875
