3 0.46171875 0.4390625 0.3296875 0.040625
3 0.17578125 0.5625 0.2265625 0.03125
1 0.19921875 0.365625 0.2484375 0.259375
1 0.4828125 0.74921875 0.384375 0.4796875
1 0.07578125 0.72109375 0.1390625 0.1578125
1 0.31875 0.084375 0.071875 0.071875
2 0.3578125 0.3171875 0.071875 0.165625
2 0.409375 0.07109375 0.046875 0.1265625
2 0.24765625 0.81640625 0.0890625 0.3046875
3 0.7765625 0.46640625 0.16875 0.0609375
3 0.6421875 0.16875 0.096875 0.046875
2 0.74765625 0.8375 0.0953125 0.23125
2 0.6859375 0.59921875 0.09375 0.2578125
2 0.628125 0.3375 0.059375 0.196875
3 0.47109375 0.1875 0.1890625 0.065625
3 0.27109375 0.19765625 0.1953125 0.0515625
