3 0.3671875 0.2765625 0.4375 0.084375
1 0.15546875 0.4828125 0.2609375 0.28125
1 0.46796875 0.446875 0.2671875 0.121875
1 0.1046875 0.81875 0.20625 0.2
1 0.53984375 0.9015625 0.2296875 0.1375
2 0.375 0.18359375 0.06875 0.2359375
3 0.66953125 0.25390625 0.1296875 0.0796875
3 0.7609375 0.459375 0.1875 0.065625
3 0.77890625 0.5453125 0.1359375 0.059375
3 0.84765625 0.78671875 0.1953125 0.1078125
2 0.23046875 0.7921875 0.1140625 0.265625
3 0.47109375 0.5734375 0.3296875 0.059375
3 0.12890625 0.65546875 0.2546875 0.0546875
2 0.6921875 0.65859375 0.09375 0.1609375
2 0.72421875 0.8546875 0.0828125 0.196875
2 0.65234375 0.4609375 0.0734375 0.121875
