3 0.38671875 0.246875 0.4234375 0.071875
2 0.32734375 0.475 0.0765625 0.359375
2 0.2578125 0.815625 0.1 0.3
2 0.4125 0.11328125 0.078125 0.1890625
3 0.7375 0.40546875 0.178125 0.0453125
2 0.640625 0.33515625 0.059375 0.1640625
2 0.75703125 0.86015625 0.0796875 0.1703125
2 0.86875 0.13125 0.0875 0.103125
2 0.803125 0.0390625 0.05625 0.078125
2 0.19375 0.3953125 0.096875 0.2
2 0.0875 0.67734375 0.121875 0.2921875
2 0.3109375 0.14765625 0.084375 0.1359375
2 0.0453125 0.43515625 0.059375 0.1109375
2 0.1109375 0.31015625 0.075 0.1015625
