3 0.47890625 0.7015625 0.3578125 0.09375
3 0.37734375 0.2921875 0.5109375 0.065625
3 0.37109375 0.1390625 0.3640625 0.04375
1 0.1484375 0.6453125 0.240625 0.584375
1 0.44296875 0.49453125 0.3265625 0.3140625
2 0.36875 0.234375 0.04375 0.0875
3 0.7203125 0.3390625 0.146875 0.05625
3 0.70078125 0.25703125 0.1140625 0.0546875
3 0.65390625 0.1203125 0.1046875 0.053125
3 0.82265625 0.534375 0.1203125 0.040625
3 0.79921875 0.6453125 0.2453125 0.090625
2 0.71640625 0.85859375 0.0546875 0.2046875
2 0.39765625 0.0671875 0.0703125 0.103125
