3 0.39375 0.16484375 0.384375 0.0734375
3 0.171875 0.565625 0.271875 0.05
1 0.54609375 0.41484375 0.1328125 0.4015625
1 0.5484375 0.80859375 0.23125 0.3390625
1 0.09296875 0.7453125 0.1640625 0.19375
1 0.19140625 0.40546875 0.1515625 0.1578125
2 0.37421875 0.31953125 0.0921875 0.2484375
2 0.27578125 0.753125 0.1109375 0.371875
3 0.7328125 0.36328125 0.128125 0.1140625
3 0.6765625 0.19921875 0.078125 0.0890625
3 0.859375 0.7421875 0.203125 0.09375
2 0.41171875 0.08046875 0.0609375 0.0828125
2 0.88671875 0.4359375 0.0796875 0.153125
2 0.95390625 0.59375 0.0640625 0.10625
2 0.809375 0.2953125 0.06875 0.1
2 0.690625 0.07734375 0.059375 0.0921875
