3 0.46953125 0.66875 0.3734375 0.109375
3 0.18046875 0.37734375 0.2546875 0.0796875
3 0.346875 0.22578125 0.4125 0.0609375
1 0.16015625 0.5046875 0.1484375 0.115625
2 0.35078125 0.3203125 0.0703125 0.115625
2 0.39375 0.15078125 0.071875 0.1265625
2 0.228125 0.8171875 0.1 0.259375
3 0.821875 0.5 0.225 0.0875
3 0.6859375 0.28828125 0.14375 0.0828125
3 0.64296875 0.14921875 0.1453125 0.0421875
2 0.63046875 0.42578125 0.0546875 0.1640625
2 0.68203125 0.6296875 0.0484375 0.190625
2 0.725 0.8609375 0.08125 0.203125
