3 0.38515625 0.08046875 0.3328125 0.0671875
3 0.325 0.68671875 0.6125 0.1234375
1 0.18359375 0.303125 0.1984375 0.284375
2 0.34765625 0.284375 0.0859375 0.275
3 0.70703125 0.35078125 0.1109375 0.1484375
3 0.83984375 0.79375 0.1984375 0.121875
2 0.21796875 0.86015625 0.0828125 0.2453125
2 0.49375 0.86171875 0.096875 0.1921875
2 0.478125 0.471875 0.084375 0.19375
2 0.70390625 0.86796875 0.0984375 0.2296875
2 0.703125 0.11171875 0.046875 0.0796875
2 0.74140625 0.22109375 0.0796875 0.1015625
2 0.821875 0.36640625 0.08125 0.1390625
2 0.8828125 0.5171875 0.046875 0.11875
