1 0.16953125 0.4015625 0.2203125 0.3375
1 0.50625 0.2984375 0.103125 0.28125
1 0.54453125 0.7203125 0.2390625 0.540625
2 0.36953125 0.29453125 0.0859375 0.2203125
2 0.40859375 0.07421875 0.0609375 0.1421875
2 0.253125 0.8 0.078125 0.340625
3 0.78125 0.5015625 0.2125 0.096875
3 0.6734375 0.22421875 0.1125 0.0578125
3 0.63203125 0.10859375 0.0921875 0.0671875
2 0.7265625 0.8203125 0.096875 0.30625
2 0.628125 0.36015625 0.04375 0.1390625
3 0.4890625 0.13125 0.165625 0.053125
3 0.28203125 0.16875 0.2078125 0.059375
2 0.9515625 0.61171875 0.075 0.1359375
