3 0.39296875 0.15 0.3578125 0.0625
3 0.4953125 0.4328125 0.3125 0.053125
3 0.16953125 0.47890625 0.2984375 0.0703125
1 0.0890625 0.66640625 0.1625 0.1671875
1 0.2078125 0.3171875 0.1625 0.234375
1 0.4671875 0.73515625 0.2 0.4296875
2 0.3703125 0.2671875 0.071875 0.178125
2 0.259375 0.74921875 0.090625 0.4046875
3 0.78515625 0.52578125 0.1953125 0.1484375
3 0.69609375 0.30546875 0.1359375 0.1015625
2 0.41640625 0.07578125 0.0578125 0.0890625
2 0.8015625 0.31484375 0.071875 0.1421875
2 0.93125 0.5734375 0.065625 0.16875
