3 0.3953125 0.14140625 0.403125 0.0609375
1 0.234375 0.24375 0.128125 0.125
1 0.525 0.26796875 0.125 0.1734375
1 0.55 0.6765625 0.140625 0.2375
1 0.13671875 0.62578125 0.2515625 0.3359375
2 0.315625 0.50234375 0.090625 0.4109375
3 0.71015625 0.28515625 0.1421875 0.0640625
3 0.78359375 0.47109375 0.1265625 0.0703125
3 0.8453125 0.759375 0.196875 0.11875
3 0.66015625 0.1578125 0.0890625 0.05
2 0.41484375 0.06484375 0.0546875 0.0796875
2 0.89140625 0.91015625 0.1015625 0.1265625
2 0.703125 0.0890625 0.065625 0.1375
2 0.76796875 0.2078125 0.0640625 0.075
2 0.83359375 0.35 0.0734375 0.15
2 0.9234375 0.5296875 0.084375 0.159375
