3 0.1390625 0.46796875 0.240625 0.0671875
3 0.371875 0.1125 0.34375 0.053125
1 0.51484375 0.3625 0.1140625 0.19375
1 0.51015625 0.7734375 0.1671875 0.35625
2 0.2625 0.628125 0.125 0.425
2 0.34921875 0.24375 0.0640625 0.1875
3 0.78359375 0.58359375 0.1859375 0.0734375
3 0.7671875 0.43203125 0.115625 0.0453125
3 0.6984375 0.37421875 0.140625 0.0359375
3 0.690625 0.29296875 0.14375 0.0546875
3 0.6140625 0.0375 0.08125 0.03125
2 0.40546875 0.0421875 0.0515625 0.071875
2 0.625 0.46875 0.046875 0.1625
2 0.64921875 0.63515625 0.0453125 0.1578125
2 0.6921875 0.8546875 0.084375 0.2375
