1 0.1484375 0.60078125 0.275 0.3390625
1 0.2796875 0.1625 0.14375 0.10625
2 0.303125 0.5484375 0.1125 0.3375
2 0.21640625 0.875 0.0609375 0.190625
2 0.36953125 0.178125 0.0953125 0.215625
3 0.76640625 0.4171875 0.1203125 0.059375
3 0.67890625 0.17890625 0.1171875 0.0765625
3 0.1203125 0.14609375 0.0875 0.0265625
2 0.6234375 0.45 0.0625 0.16875
2 0.6671875 0.6734375 0.08125 0.215625
2 0.71015625 0.88984375 0.0796875 0.1796875
3 0.47890625 0.28046875 0.2234375 0.1265625
3 0.20390625 0.34765625 0.2453125 0.0703125
2 0.88359375 0.48671875 0.0609375 0.1296875
2 0.93203125 0.60703125 0.0359375 0.1015625
2 0.77421875 0.275 0.0640625 0.109375
