3 0.23125 0.38828125 0.190625 0.1203125
3 0.45390625 0.14453125 0.3796875 0.0765625
2 0.30859375 0.62578125 0.1265625 0.3171875
2 0.26171875 0.89375 0.0859375 0.153125
2 0.1546875 0.60625 0.08125 0.190625
2 0.15234375 0.22578125 0.1703125 0.1671875
2 0.26640625 0.06171875 0.1078125 0.0734375
2 0.38203125 0.26171875 0.0796875 0.1265625
3 0.775 0.7421875 0.109375 0.065625
3 0.71015625 0.53515625 0.0421875 0.0546875
2 0.65390625 0.85 0.1140625 0.240625
2 0.35390625 0.41171875 0.0828125 0.1296875
2 0.08828125 0.42734375 0.0828125 0.1546875
3 0.140625 0.72890625 0.2125 0.0609375
