3 0.41875 0.071875 0.228125 0.03125
1 0.45 0.83984375 0.26875 0.2203125
1 0.4828125 0.4078125 0.140625 0.11875
2 0.58203125 0.36328125 0.0828125 0.3734375
2 0.19609375 0.821875 0.1515625 0.321875
2 0.303125 0.51328125 0.090625 0.1578125
2 0.34140625 0.32265625 0.0578125 0.1328125
2 0.39765625 0.14296875 0.0765625 0.0796875
2 0.43125 0.01875 0.034375 0.03125
3 0.221875 0.38671875 0.19375 0.0609375
3 0.39296875 0.19375 0.3453125 0.071875
3 0.45234375 0.571875 0.2515625 0.1
3 0.128125 0.62421875 0.24375 0.0734375
