1 0.0703125 0.7609375 0.1 0.171875
3 0.23515625 0.39609375 0.1796875 0.0703125
3 0.41796875 0.0578125 0.1734375 0.04375
2 0.234375 0.834375 0.109375 0.290625
2 0.3625 0.3234375 0.05 0.140625
2 0.4078125 0.10234375 0.0625 0.0796875
3 0.4921875 0.4453125 0.28125 0.046875
3 0.496875 0.6078125 0.315625 0.05
3 0.39921875 0.17421875 0.3421875 0.0703125
2 0.6609375 0.81171875 0.078125 0.2671875
2 0.1921875 0.28515625 0.084375 0.0984375
2 0.09140625 0.4328125 0.0703125 0.1125
2 0.58984375 0.30546875 0.0484375 0.1203125
2 0.49765625 0.80625 0.0734375 0.340625
