3 0.421875 0.1453125 0.35625 0.0875
3 0.48828125 0.27109375 0.1828125 0.0640625
3 0.475 0.41484375 0.30625 0.0765625
3 0.21015625 0.51015625 0.2734375 0.0703125
2 0.35703125 0.57734375 0.0921875 0.2171875
2 0.38125 0.2828125 0.096875 0.15625
2 0.31015625 0.8078125 0.0578125 0.109375
2 0.43046875 0.06796875 0.0609375 0.1234375
2 0.6609375 0.57734375 0.059375 0.1671875
3 0.5546875 0.72734375 0.38125 0.0890625
3 0.5578125 0.8859375 0.434375 0.128125
3 0.1265625 0.8265625 0.2375 0.115625
3 0.078125 0.928125 0.15 0.084375
