3 0.41484375 0.11953125 0.2984375 0.0765625
3 0.390625 0.246875 0.34375 0.071875
3 0.42109375 0.04140625 0.2265625 0.0546875
2 0.32421875 0.46484375 0.1078125 0.3578125
2 0.2 0.89140625 0.121875 0.1640625
2 0.390625 0.190625 0.071875 0.109375
2 0.42265625 0.07109375 0.0421875 0.0578125
3 0.32265625 0.77890625 0.6078125 0.0765625
2 0.590625 0.5109375 0.0875 0.375
2 0.6375 0.88984375 0.05625 0.1921875
2 0.04453125 0.49765625 0.0453125 0.0796875
2 0.0984375 0.415625 0.046875 0.046875
2 0.15234375 0.34609375 0.0703125 0.0609375
