3 0.40703125 0.14921875 0.2890625 0.0859375
3 0.43515625 0.053125 0.2609375 0.040625
3 0.3875 0.28359375 0.43125 0.0796875
2 0.27578125 0.71328125 0.1046875 0.2171875
2 0.34609375 0.4453125 0.0734375 0.203125
2 0.39453125 0.20234375 0.0515625 0.1078125
2 0.4296875 0.0578125 0.0375 0.084375
3 0.16484375 0.5625 0.2921875 0.06875
3 0.4390625 0.8703125 0.4 0.09375
3 0.10546875 0.84140625 0.2046875 0.1453125
3 0.51328125 0.4578125 0.1671875 0.0625
0 0.61953125 0.57890625 0.0515625 0.1328125
0 0.696875 0.57578125 0.053125 0.1265625
0 0.72109375 0.76171875 0.0640625 0.1390625
0 0.64453125 0.74609375 0.0453125 0.1140625
0 0.75 0.91640625 0.096875 0.0828125
0 0.64921875 0.9140625 0.0578125 0.1125
