3 0.42265625 0.12265625 0.2859375 0.0546875
3 0.4203125 0.0421875 0.28125 0.065625
1 0.09296875 0.7015625 0.1515625 0.334375
1 0.24375 0.34296875 0.09375 0.0796875
2 0.290625 0.72109375 0.1125 0.3296875
2 0.396875 0.246875 0.075 0.228125
2 0.428125 0.06171875 0.046875 0.0484375
2 0.65703125 0.8234375 0.0546875 0.259375
2 0.35078125 0.45078125 0.0578125 0.1296875
2 0.6234375 0.54140625 0.05625 0.2359375
2 0.58359375 0.23828125 0.0609375 0.1796875
2 0.19375 0.30078125 0.078125 0.1359375
2 0.25078125 0.1859375 0.0671875 0.040625
