3 0.17265625 0.43671875 0.2265625 0.1453125
3 0.38359375 0.25234375 0.4015625 0.0828125
3 0.3890625 0.159375 0.3375 0.071875
2 0.49296875 0.58828125 0.0578125 0.4109375
2 0.28046875 0.6078125 0.1453125 0.25625
2 0.3296875 0.36796875 0.078125 0.1453125
2 0.38515625 0.20703125 0.0359375 0.0578125
2 0.403125 0.075 0.08125 0.13125
3 0.3078125 0.81796875 0.58125 0.1171875
2 0.60859375 0.65078125 0.0953125 0.2328125
2 0.64296875 0.8984375 0.0484375 0.13125
2 0.19453125 0.91640625 0.0921875 0.1109375
2 0.5875 0.425 0.053125 0.190625
