3 0.41484375 0.04609375 0.2328125 0.0484375
0 0.7546875 0.75625 0.21875 0.4875
0 0.65234375 0.34609375 0.0890625 0.2109375
0 0.6234375 0.184375 0.08125 0.096875
1 0.45859375 0.55078125 0.2359375 0.2921875
1 0.103125 0.5828125 0.18125 0.23125
2 0.571875 0.61171875 0.0875 0.4796875
2 0.271875 0.51484375 0.128125 0.3609375
2 0.35625 0.24375 0.05 0.140625
2 0.39765625 0.09921875 0.0453125 0.1078125
3 0.38984375 0.96953125 0.4015625 0.0578125
3 0.07265625 0.8953125 0.1453125 0.08125
3 0.353125 0.296875 0.384375 0.0625
3 0.4 0.159375 0.3 0.065625
