3 0.36640625 0.81796875 0.6640625 0.1203125
2 0.4078125 0.18359375 0.05 0.0796875
2 0.4390625 0.06484375 0.059375 0.0984375
2 0.3609375 0.36953125 0.08125 0.1734375
2 0.31640625 0.6234375 0.1328125 0.296875
2 0.23515625 0.91484375 0.0796875 0.1296875
3 0.19453125 0.4390625 0.2046875 0.06875
3 0.51171875 0.36484375 0.1703125 0.0796875
3 0.396875 0.2375 0.35625 0.1
3 0.4125 0.13046875 0.29375 0.0734375
2 0.61640625 0.5890625 0.0765625 0.328125
2 0.67265625 0.93125 0.0484375 0.084375
2 0.17109375 0.3265625 0.0890625 0.11875
