3 0.43359375 0.17109375 0.3296875 0.0953125
3 0.43828125 0.07265625 0.2796875 0.0828125
1 0.0953125 0.77578125 0.1875 0.1921875
2 0.67734375 0.73046875 0.1171875 0.4296875
2 0.3 0.69765625 0.0875 0.3640625
2 0.3609375 0.41015625 0.0375 0.0828125
2 0.39609375 0.278125 0.0453125 0.15
2 0.42265625 0.11875 0.0609375 0.08125
3 0.2703125 0.3265625 0.221875 0.065625
3 0.58828125 0.29375 0.1078125 0.05
3 0.4921875 0.46875 0.275 0.06875
3 0.1984375 0.56015625 0.221875 0.0671875
1 0.48515625 0.65859375 0.2578125 0.2359375
