3 0.4125 0.05390625 0.259375 0.0453125
3 0.37265625 0.1546875 0.3671875 0.08125
2 0.434375 0.7921875 0.096875 0.3125
2 0.58359375 0.71875 0.1046875 0.471875
2 0.56875 0.37734375 0.05 0.1046875
2 0.56171875 0.2109375 0.0578125 0.096875
2 0.21640625 0.74296875 0.1359375 0.3859375
2 0.31015625 0.43125 0.0578125 0.19375
2 0.36484375 0.25234375 0.0578125 0.1421875
2 0.403125 0.11171875 0.053125 0.1046875
3 0.1453125 0.5171875 0.275 0.078125
3 0.4375 0.4359375 0.234375 0.059375
3 0.36640625 0.309375 0.4546875 0.06875
