3 0.4140625 0.1390625 0.3125 0.08125
3 0.4328125 0.05390625 0.234375 0.0484375
3 0.44921875 0.4390625 0.3203125 0.090625
1 0.16953125 0.44140625 0.1359375 0.1234375
1 0.07890625 0.68828125 0.1390625 0.2765625
3 0.353125 0.30625 0.375 0.071875
3 0.171875 0.521875 0.278125 0.028125
2 0.39765625 0.2421875 0.0828125 0.134375
2 0.40703125 0.10078125 0.0703125 0.0640625
2 0.26796875 0.71484375 0.1765625 0.4109375
2 0.64921875 0.76015625 0.1046875 0.4203125
1 0.48984375 0.76796875 0.1890625 0.3890625
2 0.3453125 0.37265625 0.059375 0.0828125
