3 0.3859375 0.16875 0.334375 0.059375
1 0.4484375 0.85703125 0.25625 0.2328125
3 0.5 0.3609375 0.15625 0.059375
3 0.22890625 0.3390625 0.1546875 0.065625
2 0.65390625 0.72890625 0.1453125 0.4609375
2 0.59921875 0.3203125 0.0984375 0.25625
2 0.08515625 0.6796875 0.1390625 0.1875
2 0.26796875 0.74140625 0.1453125 0.4203125
2 0.34140625 0.365625 0.0828125 0.284375
2 0.4234375 0.08203125 0.065625 0.1296875
3 0.46328125 0.48828125 0.2328125 0.0734375
1 0.471875 0.61171875 0.203125 0.1546875
2 0.14609375 0.48203125 0.0953125 0.1515625
