3 0.4453125 0.0390625 0.25 0.05625
3 0.428125 0.14921875 0.225 0.0609375
2 0.709375 0.709375 0.15625 0.2875
2 0.4015625 0.2578125 0.096875 0.21875
2 0.33671875 0.70546875 0.1296875 0.2984375
3 0.53203125 0.37734375 0.2234375 0.0359375
3 0.19921875 0.48828125 0.2703125 0.0609375
2 0.6296875 0.484375 0.071875 0.109375
2 0.7265625 0.921875 0.096875 0.103125
2 0.26015625 0.1765625 0.0546875 0.09375
2 0.19609375 0.3 0.0703125 0.09375
2 0.14296875 0.41015625 0.0359375 0.0765625
2 0.06953125 0.55625 0.0765625 0.1125
