1 0.62109375 0.24921875 0.0859375 0.1046875
1 0.6125 0.15234375 0.08125 0.0640625
1 0.26328125 0.26796875 0.0953125 0.1515625
1 0.24296875 0.4046875 0.1859375 0.153125
1 0.17890625 0.53125 0.0984375 0.075
1 0.09921875 0.81015625 0.1828125 0.2171875
1 0.52734375 0.85234375 0.3515625 0.1953125
3 0.44609375 0.140625 0.2921875 0.075
3 0.43671875 0.06875 0.2890625 0.05625
2 0.38203125 0.33046875 0.1203125 0.3078125
2 0.2875 0.78125 0.178125 0.346875
3 0.153125 0.60546875 0.2875 0.0734375
3 0.49453125 0.5328125 0.3140625 0.10625
0 0.7109375 0.415625 0.109375 0.18125
2 0.6234375 0.38125 0.053125 0.128125
