3 0.38359375 0.05859375 0.3078125 0.0640625
3 0.32421875 0.15546875 0.3890625 0.0734375
3 0.1265625 0.5359375 0.2125 0.071875
3 0.346875 0.31328125 0.415625 0.0546875
1 0.44296875 0.709375 0.1890625 0.321875
2 0.54765625 0.77578125 0.0703125 0.3453125
2 0.5609375 0.43515625 0.090625 0.1328125
2 0.53984375 0.23203125 0.0609375 0.1609375
2 0.17265625 0.7734375 0.1453125 0.30625
2 0.3140625 0.39921875 0.078125 0.1234375
2 0.35390625 0.24296875 0.0890625 0.1328125
2 0.38671875 0.1140625 0.0640625 0.084375
3 0.13828125 0.4421875 0.2296875 0.06875
3 0.4078125 0.428125 0.190625 0.034375
2 0.0515625 0.59765625 0.09375 0.0890625
2 0.23828125 0.23359375 0.0984375 0.1015625
2 0.1765625 0.3625 0.065625 0.05625
