3 0.425 0.22421875 0.3375 0.0953125
1 0.4828125 0.70703125 0.221875 0.3796875
1 0.1234375 0.6875 0.20625 0.353125
0 0.7828125 0.59140625 0.059375 0.1421875
0 0.7703125 0.365625 0.153125 0.215625
1 0.275 0.33125 0.1 0.0875
3 0.1671875 0.56328125 0.234375 0.0734375
3 0.428125 0.07890625 0.253125 0.0359375
3 0.4875 0.48984375 0.24375 0.0703125
3 0.23203125 0.396875 0.1796875 0.053125
3 0.69375 0.3375 0.13125 0.05625
2 0.6765625 0.67109375 0.0625 0.2359375
2 0.72265625 0.88515625 0.0859375 0.1671875
0 0.79921875 0.72109375 0.0671875 0.0890625
0 0.846875 0.89921875 0.1 0.1609375
