3 0.425 0.1140625 0.315625 0.078125
1 0.3140625 0.23515625 0.146875 0.2078125
2 0.61875 0.45703125 0.084375 0.2046875
2 0.66015625 0.75625 0.0765625 0.1625
2 0.35625 0.4578125 0.103125 0.296875
2 0.39453125 0.20078125 0.0796875 0.1390625
2 0.4296875 0.05703125 0.05625 0.0765625
2 0.29453125 0.6703125 0.0453125 0.06875
2 0.26171875 0.7890625 0.0546875 0.1125
3 0.5015625 0.60625 0.34375 0.053125
3 0.13515625 0.69296875 0.2546875 0.0890625
3 0.1671875 0.44140625 0.171875 0.0546875
3 0.50859375 0.90703125 0.4890625 0.1078125
3 0.08203125 0.8640625 0.1578125 0.06875
