3 0.42421875 0.05234375 0.2578125 0.0703125
3 0.40703125 0.15703125 0.3296875 0.0671875
3 0.46484375 0.91015625 0.4953125 0.0953125
2 0.265625 0.77578125 0.1125 0.3984375
2 0.3375 0.41796875 0.065625 0.1765625
2 0.3859375 0.18984375 0.0625 0.1703125
2 0.4296875 0.0578125 0.0375 0.078125
3 0.4984375 0.4375 0.253125 0.078125
3 0.18359375 0.52578125 0.2796875 0.0609375
3 0.27734375 0.26875 0.1703125 0.065625
3 0.490625 0.28046875 0.196875 0.0953125
2 0.646875 0.69765625 0.05 0.2984375
0 0.7328125 0.76171875 0.09375 0.1703125
