3 0.42578125 0.159375 0.3453125 0.05625
3 0.4390625 0.071875 0.2625 0.0625
1 0.06640625 0.81953125 0.0828125 0.2796875
2 0.68046875 0.74921875 0.1546875 0.3859375
2 0.615625 0.40078125 0.053125 0.1515625
2 0.42265625 0.13125 0.0453125 0.084375
2 0.39453125 0.29609375 0.0703125 0.1734375
2 0.36328125 0.46953125 0.0609375 0.0984375
2 0.3078125 0.759375 0.128125 0.3875
3 0.50078125 0.5265625 0.2484375 0.040625
3 0.17421875 0.5875 0.3109375 0.05625
3 0.240625 0.375 0.215625 0.06875
3 0.57578125 0.30078125 0.0921875 0.0546875
