3 0.3796875 0.2578125 0.3875 0.05
3 0.50234375 0.12578125 0.1609375 0.0484375
3 0.36875 0.03515625 0.134375 0.0359375
2 0.60859375 0.534375 0.0984375 0.284375
2 0.63125 0.87265625 0.08125 0.1484375
2 0.45703125 0.87890625 0.0921875 0.1328125
2 0.19921875 0.89921875 0.1265625 0.1546875
2 0.278125 0.61484375 0.125 0.2203125
2 0.35 0.33515625 0.06875 0.0921875
2 0.38671875 0.1828125 0.0703125 0.125
2 0.421875 0.06953125 0.053125 0.0609375
3 0.175 0.4796875 0.225 0.05
3 0.2046875 0.37734375 0.190625 0.0546875
3 0.503125 0.3828125 0.2375 0.071875
3 0.44921875 0.76328125 0.3484375 0.0921875
3 0.11953125 0.79140625 0.1890625 0.0828125
