3 0.42890625 0.090625 0.2546875 0.05625
3 0.40546875 0.21171875 0.3609375 0.0890625
3 0.48515625 0.38984375 0.2421875 0.1078125
1 0.4875 0.565625 0.15625 0.209375
1 0.49296875 0.85625 0.1953125 0.2125
2 0.6015625 0.5578125 0.053125 0.175
2 0.56328125 0.26953125 0.0453125 0.1046875
2 0.2359375 0.79296875 0.1375 0.3421875
2 0.33828125 0.4203125 0.1078125 0.359375
2 0.40859375 0.11015625 0.0796875 0.1765625
2 0.63984375 0.85546875 0.0421875 0.2578125
3 0.46171875 0.70625 0.3171875 0.065625
3 0.10625 0.81015625 0.203125 0.0796875
