3 0.496875 0.66640625 0.403125 0.1203125
3 0.16171875 0.61953125 0.2609375 0.0453125
3 0.43359375 0.0953125 0.2734375 0.078125
2 0.6578125 0.509375 0.10625 0.259375
2 0.72421875 0.83125 0.1078125 0.278125
2 0.38046875 0.38984375 0.0671875 0.2234375
2 0.34609375 0.5890625 0.0734375 0.140625
2 0.29921875 0.83515625 0.0859375 0.2703125
2 0.43671875 0.05546875 0.0421875 0.0921875
3 0.2421875 0.3890625 0.19375 0.071875
3 0.51484375 0.2359375 0.1921875 0.053125
3 0.28984375 0.2578125 0.2046875 0.053125
