3 0.85859375 0.7625 0.2640625 0.146875
3 0.78046875 0.50625 0.1828125 0.05625
3 0.6953125 0.26171875 0.146875 0.0484375
3 0.6546875 0.12578125 0.13125 0.0609375
2 0.33359375 0.40234375 0.1171875 0.3140625
2 0.21484375 0.8640625 0.0984375 0.24375
2 0.396875 0.0984375 0.0875 0.16875
2 0.69765625 0.78359375 0.1046875 0.4109375
2 0.6375 0.39921875 0.0625 0.2578125
3 0.45703125 0.5859375 0.3234375 0.078125
3 0.1328125 0.65078125 0.253125 0.0703125
3 0.49296875 0.1921875 0.1828125 0.0625
3 0.2515625 0.209375 0.175 0.05
