3 0.36328125 0.23828125 0.4328125 0.0984375
3 0.4265625 0.8234375 0.40625 0.090625
3 0.79609375 0.590625 0.1890625 0.05625
3 0.77890625 0.4859375 0.2078125 0.06875
3 0.659375 0.21171875 0.15625 0.0609375
1 0.2234375 0.6671875 0.375 0.178125
2 0.653125 0.75390625 0.059375 0.3671875
3 0.08359375 0.22109375 0.1046875 0.0609375
1 0.07734375 0.85078125 0.1421875 0.1390625
3 0.45546875 0.38359375 0.2578125 0.0734375
3 0.14765625 0.45703125 0.2671875 0.1171875
2 0.29609375 0.9359375 0.0828125 0.1
2 0.61328125 0.40078125 0.0578125 0.2703125
2 0.5671875 0.08671875 0.040625 0.1359375
