1 0.45390625 0.73203125 0.2765625 0.4421875
3 0.68203125 0.2859375 0.1203125 0.059375
3 0.871875 0.8046875 0.234375 0.078125
2 0.3703125 0.17734375 0.06875 0.2359375
2 0.30703125 0.4765625 0.0515625 0.121875
2 0.19609375 0.803125 0.1234375 0.328125
3 0.13046875 0.59453125 0.2109375 0.0640625
3 0.47890625 0.48046875 0.2703125 0.0546875
2 0.58984375 0.24453125 0.0921875 0.3578125
2 0.67109375 0.74140625 0.0859375 0.4265625
3 0.090625 0.18359375 0.103125 0.0453125
3 0.1703125 0.0890625 0.09375 0.0375
3 0.2125 0.0265625 0.06875 0.025
3 0.0421875 0.28125 0.059375 0.0625
