3 0.784375 0.50390625 0.175 0.0359375
3 0.72109375 0.37421875 0.1421875 0.0578125
3 0.596875 0.196875 0.240625 0.090625
1 0.32421875 0.11875 0.1328125 0.11875
1 0.26015625 0.27421875 0.1640625 0.1328125
1 0.1546875 0.509375 0.225 0.284375
1 0.0953125 0.77109375 0.184375 0.2359375
1 0.4828125 0.6875 0.30625 0.259375
1 0.40859375 0.32734375 0.1109375 0.1140625
2 0.7046875 0.81015625 0.059375 0.2703125
2 0.66328125 0.54921875 0.0703125 0.2046875
2 0.61875 0.33984375 0.05 0.1484375
2 0.57734375 0.07578125 0.0546875 0.1234375
