3 0.38984375 0.17109375 0.3765625 0.0640625
1 0.4453125 0.7875 0.325 0.4125
3 0.7234375 0.37890625 0.153125 0.1078125
3 0.80234375 0.60234375 0.2328125 0.1203125
3 0.65390625 0.14296875 0.0921875 0.1046875
2 0.23203125 0.78828125 0.1078125 0.3859375
2 0.4078125 0.08203125 0.040625 0.1296875
2 0.68203125 0.73515625 0.0984375 0.4328125
3 0.0625 0.29296875 0.10625 0.0453125
3 0.1453125 0.1546875 0.078125 0.0375
2 0.61171875 0.26796875 0.0484375 0.1796875
2 0.5671875 0.07109375 0.040625 0.1046875
2 0.24921875 0.071875 0.0734375 0.096875
3 0.48125 0.4171875 0.265625 0.078125
3 0.1484375 0.51640625 0.271875 0.0671875
1 0.48046875 0.26796875 0.1640625 0.1765625
1 0.2078125 0.328125 0.153125 0.184375
