3 0.65 0.15078125 0.059375 0.0234375
3 0.08125 0.11015625 0.153125 0.0578125
2 0.309375 0.13828125 0.0875 0.1796875
1 0.3171875 0.34921875 0.125 0.1796875
1 0.25078125 0.546875 0.1734375 0.175
1 0.16328125 0.81484375 0.2015625 0.2921875
1 0.546875 0.66875 0.35 0.571875
1 0.50546875 0.24765625 0.1578125 0.1796875
2 0.1265625 0.59140625 0.075 0.1484375
2 0.2203125 0.3796875 0.053125 0.13125
3 0.76484375 0.503125 0.0953125 0.0625
2 0.06015625 0.2203125 0.1078125 0.109375
0 0.7859375 0.86875 0.10625 0.19375
