3 0.41171875 0.09765625 0.3515625 0.0640625
3 0.18671875 0.44296875 0.2109375 0.0453125
1 0.51484375 0.27421875 0.1921875 0.2578125
1 0.5140625 0.559375 0.325 0.24375
1 0.496875 0.85078125 0.5 0.2890625
1 0.14453125 0.69296875 0.2421875 0.2734375
1 0.25625 0.29140625 0.175 0.1828125
3 0.76015625 0.41875 0.2203125 0.05
3 0.859375 0.6265625 0.240625 0.053125
3 0.721875 0.3046875 0.14375 0.03125
3 0.0640625 0.259375 0.0875 0.06875
2 0.3859375 0.2734375 0.05 0.23125
2 0.43203125 0.03046875 0.0546875 0.0546875
