3 0.81171875 0.59921875 0.2015625 0.0578125
3 0.7390625 0.33203125 0.125 0.0296875
3 0.66640625 0.14375 0.0921875 0.0625
3 0.8546875 0.77734375 0.15625 0.0515625
2 0.33671875 0.4015625 0.0984375 0.284375
2 0.21015625 0.88046875 0.1171875 0.1921875
2 0.41171875 0.134375 0.0578125 0.153125
2 0.721875 0.80703125 0.065625 0.2671875
2 0.64453125 0.415625 0.1078125 0.28125
2 0.6109375 0.16875 0.075 0.1625
3 0.50703125 0.6453125 0.3296875 0.06875
3 0.13515625 0.71328125 0.2171875 0.0796875
2 0.2796875 0.66875 0.05625 0.15
3 0.50546875 0.21875 0.2078125 0.053125
