3 0.409375 0.09921875 0.34375 0.1015625
3 0.7984375 0.45859375 0.14375 0.0671875
3 0.68828125 0.2515625 0.1734375 0.084375
3 0.6921875 0.140625 0.140625 0.071875
3 0.6390625 0.04609375 0.0875 0.0609375
2 0.371875 0.2671875 0.078125 0.190625
3 0.4921875 0.44765625 0.30625 0.0828125
3 0.1546875 0.58515625 0.303125 0.0640625
2 0.075 0.746875 0.1125 0.18125
0 0.76328125 0.86484375 0.1046875 0.2296875
0 0.71640625 0.6546875 0.0921875 0.14375
0 0.6796875 0.496875 0.05 0.128125
0 0.646875 0.3390625 0.059375 0.140625
1 0.17578125 0.42265625 0.1640625 0.1890625
