3 0.78515625 0.3671875 0.1921875 0.078125
2 0.190625 0.17578125 0.071875 0.1140625
2 0.05625 0.403125 0.0625 0.11875
2 0.25546875 0.06015625 0.0640625 0.0859375
3 0.89765625 0.09140625 0.1453125 0.0640625
3 0.49375 0.36328125 0.259375 0.0765625
3 0.16875 0.4734375 0.31875 0.075
2 0.69140625 0.68984375 0.0578125 0.1828125
2 0.72578125 0.88203125 0.0609375 0.1390625
2 0.659375 0.49140625 0.059375 0.1234375
2 0.6140625 0.23125 0.059375 0.159375
2 0.5796875 0.0640625 0.028125 0.103125
0 0.06484375 0.25625 0.1203125 0.175
3 0.4859375 0.11484375 0.15625 0.0421875
3 0.30078125 0.12578125 0.1515625 0.0515625
