1 0.49609375 0.16015625 0.1796875 0.1859375
1 0.28125 0.1953125 0.178125 0.2
1 0.2140625 0.39375 0.225 0.171875
1 0.1234375 0.634375 0.225 0.240625
1 0.503125 0.4578125 0.2375 0.259375
1 0.48359375 0.78046875 0.3328125 0.2671875
3 0.76015625 0.38828125 0.1453125 0.0640625
3 0.809375 0.5984375 0.24375 0.075
3 0.70390625 0.2578125 0.1265625 0.09375
3 0.646875 0.084375 0.08125 0.034375
2 0.24453125 0.81484375 0.0671875 0.2703125
2 0.35234375 0.37109375 0.0609375 0.1578125
2 0.39453125 0.2 0.0703125 0.18125
1 0.87578125 0.78359375 0.1890625 0.1890625
3 0.1015625 0.209375 0.128125 0.04375
0 0.775 0.89609375 0.1 0.1734375
0 0.653125 0.40703125 0.053125 0.1859375
