1 0.4734375 0.29453125 0.1375 0.2453125
1 0.475 0.6203125 0.284375 0.321875
3 0.8734375 0.8203125 0.203125 0.103125
3 0.76796875 0.53671875 0.1859375 0.0890625
3 0.68046875 0.20703125 0.1421875 0.0609375
2 0.36171875 0.2921875 0.0796875 0.23125
2 0.696875 0.77421875 0.06875 0.2921875
2 0.62734375 0.35234375 0.0671875 0.1734375
2 0.5953125 0.171875 0.040625 0.1625
2 0.653125 0.5375 0.053125 0.153125
2 0.25859375 0.68359375 0.0828125 0.1578125
2 0.2125 0.88203125 0.103125 0.1953125
2 0.1546875 0.23203125 0.06875 0.0984375
2 0.0609375 0.37734375 0.11875 0.1421875
3 0.49609375 0.0765625 0.1578125 0.040625
3 0.31484375 0.09765625 0.1890625 0.0484375
