1 0.13515625 0.49765625 0.2359375 0.2890625
3 0.68515625 0.2078125 0.1046875 0.075
3 0.78125 0.5078125 0.2 0.096875
2 0.3796875 0.17890625 0.059375 0.1671875
2 0.68203125 0.7703125 0.0859375 0.384375
3 0.078125 0.228125 0.09375 0.053125
3 0.178125 0.11015625 0.1125 0.0515625
3 0.865625 0.8875 0.234375 0.128125
1 0.4078125 0.80625 0.228125 0.209375
2 0.23125 0.68203125 0.08125 0.2171875
2 0.19296875 0.87734375 0.0859375 0.1546875
2 0.5734375 0.11953125 0.053125 0.1828125
2 0.609375 0.340625 0.04375 0.209375
2 0.62734375 0.51484375 0.0515625 0.1078125
3 0.4640625 0.27890625 0.196875 0.0671875
3 0.22734375 0.26796875 0.2015625 0.0703125
