1 0.49609375 0.234375 0.1859375 0.153125
1 0.26015625 0.24609375 0.1640625 0.1734375
3 0.7484375 0.37578125 0.165625 0.0796875
2 0.34921875 0.390625 0.0671875 0.259375
2 0.428125 0.08359375 0.04375 0.1234375
1 0.15546875 0.43046875 0.1921875 0.2703125
2 0.31640625 0.5953125 0.0421875 0.140625
1 0.78515625 0.58515625 0.1296875 0.2203125
3 0.075 0.2359375 0.134375 0.053125
3 0.6375 0.09375 0.109375 0.053125
3 0.6828125 0.196875 0.10625 0.04375
3 0.2640625 0.05703125 0.246875 0.0453125
1 0.88515625 0.8328125 0.2140625 0.259375
1 0.08671875 0.7359375 0.1421875 0.203125
