3 0.48828125 0.4015625 0.2859375 0.065625
3 0.18046875 0.50078125 0.3359375 0.0578125
1 0.12265625 0.740625 0.2453125 0.371875
3 0.77890625 0.43203125 0.1546875 0.0859375
3 0.67265625 0.16015625 0.1078125 0.0421875
2 0.3921875 0.24375 0.065625 0.165625
2 0.42578125 0.065625 0.0328125 0.109375
2 0.29921875 0.63046875 0.0671875 0.1734375
2 0.2625 0.8484375 0.0875 0.21875
2 0.72578125 0.8703125 0.0515625 0.18125
2 0.69765625 0.6640625 0.0890625 0.178125
2 0.6671875 0.4953125 0.05625 0.08125
3 0.8484375 0.68984375 0.10625 0.0296875
3 0.88984375 0.840625 0.1046875 0.084375
3 0.89609375 0.946875 0.0828125 0.05
