1 0.465625 0.27578125 0.1125 0.1015625
3 0.690625 0.3890625 0.140625 0.065625
2 0.215625 0.6234375 0.090625 0.16875
2 0.29140625 0.35 0.0890625 0.209375
2 0.38671875 0.065625 0.0609375 0.09375
2 0.56875 0.31640625 0.046875 0.3265625
2 0.62890625 0.74609375 0.0953125 0.4421875
3 0.46796875 0.4046875 0.2140625 0.04375
3 0.125 0.49296875 0.221875 0.0578125
3 0.4640625 0.1265625 0.190625 0.05
3 0.27109375 0.13515625 0.1671875 0.0390625
3 0.6125 0.08828125 0.09375 0.0515625
3 0.1390625 0.109375 0.090625 0.059375
