1 0.47734375 0.16875 0.1796875 0.209375
1 0.47109375 0.45703125 0.2890625 0.3296875
1 0.48359375 0.80859375 0.3765625 0.3015625
1 0.16484375 0.4546875 0.2609375 0.284375
1 0.13671875 0.8015625 0.1546875 0.35
3 0.12890625 0.0890625 0.1546875 0.021875
1 0.86015625 0.85546875 0.1046875 0.1421875
2 0.0484375 0.215625 0.078125 0.0875
2 0.1171875 0.1375 0.0625 0.046875
2 0.2015625 0.0375 0.075 0.0625
2 0.6890625 0.71015625 0.05625 0.2390625
2 0.6625 0.503125 0.04375 0.190625
2 0.63125 0.303125 0.04375 0.159375
2 0.240625 0.26328125 0.078125 0.1078125
2 0.3046875 0.12890625 0.071875 0.1015625
2 0.34765625 0.0390625 0.0421875 0.065625
2 0.05 0.67578125 0.084375 0.1578125
