3 0.42265625 0.03125 0.2484375 0.04375
3 0.68125 0.21484375 0.175 0.0796875
3 0.73359375 0.434375 0.1546875 0.1375
3 0.8390625 0.64375 0.225 0.084375
2 0.325 0.4484375 0.1 0.309375
2 0.40859375 0.12265625 0.0484375 0.1109375
3 0.4828125 0.24296875 0.190625 0.0578125
3 0.24921875 0.23828125 0.1703125 0.0421875
3 0.03515625 0.31640625 0.0484375 0.0265625
3 0.49921875 0.82734375 0.4171875 0.2234375
3 0.1265625 0.75859375 0.215625 0.0828125
2 0.26953125 0.7375 0.0671875 0.209375
0 0.75546875 0.85078125 0.0921875 0.2015625
0 0.71328125 0.6609375 0.0984375 0.165625
0 0.63515625 0.29609375 0.0765625 0.1390625
