3 0.35234375 0.653125 0.6640625 0.125
3 0.83203125 0.5859375 0.2140625 0.11875
3 0.7125 0.27578125 0.16875 0.0640625
3 0.68046875 0.16953125 0.1109375 0.0515625
2 0.6421875 0.42265625 0.103125 0.3390625
2 0.7125 0.85859375 0.096875 0.2421875
3 0.11875 0.1578125 0.103125 0.0625
2 0.3546875 0.3140625 0.071875 0.11875
2 0.41875 0.03125 0.053125 0.05625
2 0.5765625 0.08359375 0.046875 0.1359375
2 0.20078125 0.8765625 0.0921875 0.20625
3 0.48046875 0.21484375 0.1609375 0.0703125
1 0.17265625 0.41875 0.1328125 0.275
