3 0.35703125 0.22109375 0.3828125 0.0453125
1 0.19921875 0.41796875 0.2640625 0.2796875
1 0.1453125 0.70703125 0.25 0.2515625
1 0.5015625 0.55546875 0.271875 0.3328125
1 0.30859375 0.10625 0.1953125 0.175
3 0.7265625 0.36875 0.175 0.053125
3 0.6578125 0.1453125 0.109375 0.065625
2 0.35625 0.32734375 0.03125 0.1359375
2 0.29453125 0.540625 0.0921875 0.234375
2 0.403125 0.1140625 0.053125 0.19375
2 0.2328125 0.85390625 0.1 0.2109375
0 0.72109375 0.709375 0.1328125 0.19375
0 0.76015625 0.884375 0.1609375 0.15
