3 0.37578125 0.2734375 0.4640625 0.0875
3 0.38125 0.85546875 0.584375 0.0984375
3 0.815625 0.4484375 0.2125 0.084375
3 0.728125 0.35234375 0.134375 0.0390625
3 0.85390625 0.8046875 0.1640625 0.1125
1 0.4703125 0.57421875 0.203125 0.3703125
2 0.2640625 0.60546875 0.103125 0.3546875
2 0.38359375 0.13984375 0.0859375 0.2046875
2 0.16796875 0.92421875 0.0703125 0.1046875
3 0.66796875 0.21796875 0.1203125 0.0890625
1 0.73203125 0.63046875 0.1546875 0.1984375
1 0.07421875 0.2390625 0.1265625 0.125
1 0.16484375 0.11171875 0.1234375 0.1109375
