3 0.29609375 0.48671875 0.5546875 0.2234375
3 0.36328125 0.146875 0.3765625 0.04375
2 0.15234375 0.75625 0.1484375 0.3875
2 0.63984375 0.77890625 0.0671875 0.3703125
2 0.571875 0.259375 0.04375 0.134375
2 0.36484375 0.134375 0.0609375 0.20625
2 0.2703125 0.446875 0.059375 0.121875
0 0.83125 0.78984375 0.278125 0.2265625
3 0.71796875 0.5 0.1984375 0.1
3 0.6828125 0.3328125 0.140625 0.059375
0 0.6234375 0.14296875 0.125 0.0796875
0 0.65078125 0.23203125 0.1265625 0.0796875
0 0.0828125 0.23125 0.065625 0.053125
