1 0.17421875 0.5328125 0.2734375 0.2625
1 0.50625 0.17578125 0.171875 0.1640625
3 0.7625 0.434375 0.1625 0.1
3 0.83515625 0.63671875 0.1546875 0.0640625
3 0.7 0.26953125 0.134375 0.0765625
3 0.66796875 0.18359375 0.1078125 0.0390625
3 0.6515625 0.1140625 0.075 0.0375
3 0.62578125 0.05 0.0796875 0.05
3 0.0515625 0.32421875 0.075 0.0453125
1 0.28984375 0.1609375 0.1140625 0.19375
2 0.2515625 0.8421875 0.06875 0.24375
2 0.38203125 0.2359375 0.0484375 0.196875
2 0.43125 0.0265625 0.021875 0.04375
1 0.1046875 0.79296875 0.18125 0.2140625
1 0.89375 0.92421875 0.2 0.0921875
3 0.23359375 0.33984375 0.2078125 0.0796875
3 0.55 0.29453125 0.159375 0.0765625
1 0.49921875 0.6359375 0.3109375 0.21875
