1 0.39921875 0.78984375 0.3171875 0.3578125
1 0.4609375 0.2859375 0.20625 0.30625
1 0.24609375 0.26953125 0.1828125 0.2671875
3 0.6859375 0.25859375 0.178125 0.0953125
3 0.7984375 0.51328125 0.1875 0.1046875
3 0.63984375 0.13203125 0.1140625 0.1140625
2 0.3 0.52890625 0.05625 0.1953125
2 0.21171875 0.8515625 0.0578125 0.26875
2 0.396875 0.17421875 0.065625 0.2421875
2 0.68359375 0.73984375 0.0640625 0.4015625
3 0.0578125 0.26953125 0.078125 0.0609375
3 0.1140625 0.16875 0.1375 0.059375
3 0.1828125 0.07109375 0.11875 0.0421875
3 0.47734375 0.51171875 0.3234375 0.0828125
3 0.1390625 0.63125 0.2125 0.071875
2 0.6328125 0.390625 0.05 0.153125
