2 0.3140625 0.32109375 0.109375 0.2703125
2 0.3984375 0.0421875 0.059375 0.084375
3 0.46953125 0.39296875 0.2109375 0.0453125
3 0.1609375 0.61640625 0.290625 0.0765625
3 0.11953125 0.4875 0.2390625 0.0625
3 0.43515625 0.5328125 0.3171875 0.090625
3 0.03984375 0.23984375 0.0515625 0.0453125
2 0.57109375 0.25390625 0.0328125 0.1515625
2 0.56328125 0.10390625 0.0421875 0.1265625
0 0.70078125 0.84453125 0.1578125 0.2953125
0 0.6625 0.553125 0.128125 0.196875
0 0.6203125 0.39140625 0.06875 0.1015625
3 0.8 0.59609375 0.16875 0.0546875
3 0.73671875 0.45078125 0.1515625 0.0578125
3 0.6921875 0.325 0.0875 0.06875
3 0.63203125 0.12265625 0.0890625 0.0578125
