3 0.19140625 0.3984375 0.2796875 0.090625
1 0.45 0.7359375 0.334375 0.49375
3 0.7453125 0.44765625 0.1375 0.0859375
3 0.6890625 0.22421875 0.10625 0.0609375
3 0.62421875 0.053125 0.0796875 0.03125
2 0.3421875 0.328125 0.053125 0.1
0 0.67109375 0.59921875 0.0828125 0.1984375
0 0.69375 0.8375 0.096875 0.221875
0 0.6359375 0.40546875 0.078125 0.1484375
0 0.61328125 0.240625 0.0671875 0.128125
2 0.11796875 0.20859375 0.0421875 0.0578125
2 0.0640625 0.284375 0.040625 0.046875
2 0.0203125 0.34609375 0.021875 0.0515625
