3 0.35703125 0.7890625 0.4984375 0.1375
1 0.25546875 0.15546875 0.1765625 0.2390625
1 0.17109375 0.34765625 0.3109375 0.1015625
3 0.7515625 0.38828125 0.125 0.0453125
3 0.68828125 0.2 0.0640625 0.05
2 0.39375 0.153125 0.059375 0.20625
2 0.32734375 0.4078125 0.0546875 0.20625
2 0.27734375 0.61484375 0.0453125 0.1609375
1 0.13515625 0.51171875 0.2203125 0.1953125
2 0.215625 0.88203125 0.11875 0.1265625
0 0.71875 0.8046875 0.1 0.146875
0 0.75234375 0.9296875 0.0953125 0.08125
0 0.67578125 0.50859375 0.0796875 0.1078125
