1 0.4796875 0.8203125 0.434375 0.33125
1 0.503125 0.48359375 0.3 0.3546875
1 0.51015625 0.175 0.1203125 0.221875
2 0.40546875 0.16015625 0.0609375 0.2109375
2 0.31484375 0.55859375 0.0765625 0.2921875
2 0.28359375 0.8421875 0.1140625 0.28125
3 0.790625 0.42734375 0.171875 0.0515625
3 0.828125 0.5578125 0.1875 0.071875
3 0.72734375 0.290625 0.1484375 0.075
1 0.184375 0.42265625 0.221875 0.1953125
2 0.7484375 0.80703125 0.075 0.2578125
2 0.7 0.546875 0.053125 0.184375
1 0.2421875 0.25078125 0.221875 0.1765625
