3 0.35703125 0.29765625 0.4578125 0.1109375
3 0.4203125 0.86328125 0.5 0.1046875
3 0.7796875 0.465625 0.18125 0.06875
3 0.7140625 0.36015625 0.175 0.0546875
3 0.6796875 0.21796875 0.125 0.0265625
2 0.26640625 0.60546875 0.1171875 0.3890625
2 0.38984375 0.1265625 0.0796875 0.209375
3 0.84609375 0.81171875 0.2265625 0.1203125
1 0.4796875 0.58125 0.175 0.334375
1 0.74609375 0.63125 0.1515625 0.171875
2 0.1703125 0.91796875 0.05625 0.0921875
1 0.0859375 0.24453125 0.121875 0.1390625
1 0.1671875 0.1203125 0.115625 0.10625
