3 0.40390625 0.06953125 0.3171875 0.0734375
3 0.19296875 0.33984375 0.2328125 0.0796875
1 0.46171875 0.58125 0.2453125 0.29375
3 0.70625 0.34921875 0.190625 0.0546875
3 0.65546875 0.2765625 0.1296875 0.040625
2 0.25078125 0.60859375 0.1328125 0.3859375
2 0.65390625 0.58046875 0.0828125 0.3515625
2 0.6953125 0.8578125 0.053125 0.128125
2 0.3875 0.1296875 0.028125 0.090625
0 0.84609375 0.89375 0.1921875 0.165625
0 0.82890625 0.62265625 0.2484375 0.2296875
0 0.65703125 0.15703125 0.1328125 0.1359375
