3 0.41640625 0.15625 0.3859375 0.03125
3 0.47578125 0.46640625 0.3390625 0.0453125
3 0.17109375 0.546875 0.3328125 0.071875
1 0.50390625 0.29453125 0.2328125 0.1984375
1 0.2171875 0.3234375 0.259375 0.28125
3 0.778125 0.41796875 0.21875 0.0671875
1 0.13671875 0.74765625 0.1671875 0.2890625
2 0.26171875 0.7734375 0.0953125 0.3625
2 0.40859375 0.1171875 0.0578125 0.190625
1 0.4921875 0.74140625 0.284375 0.4078125
2 0.34296875 0.38828125 0.0484375 0.0984375
1 0.28984375 0.0703125 0.1171875 0.090625
