3 0.43125 0.1703125 0.33125 0.0625
3 0.4328125 0.04765625 0.309375 0.0671875
2 0.47890625 0.82578125 0.1546875 0.2890625
3 0.74375 0.30703125 0.1375 0.0796875
3 0.67421875 0.13671875 0.0703125 0.0640625
2 0.35546875 0.428125 0.0734375 0.125
2 0.28828125 0.75625 0.1015625 0.3625
2 0.421875 0.10859375 0.053125 0.1359375
3 0.5125 0.5359375 0.315625 0.059375
3 0.146875 0.63671875 0.275 0.0703125
3 0.81171875 0.590625 0.0953125 0.05
3 0.91953125 0.9140625 0.1140625 0.0875
3 0.20625 0.359375 0.190625 0.0625
3 0.1640625 0.48125 0.3 0.04375
