3 0.6875 0.209375 0.10625 0.065625
3 0.73828125 0.3875 0.1484375 0.153125
3 0.8375 0.66640625 0.215625 0.0921875
3 0.6640625 0.12265625 0.121875 0.0671875
1 0.49296875 0.16640625 0.1828125 0.1515625
1 0.51171875 0.3859375 0.2421875 0.253125
1 0.4875 0.7484375 0.365625 0.446875
1 0.2921875 0.17421875 0.175 0.1859375
1 0.2328125 0.42421875 0.221875 0.2734375
1 0.1171875 0.7015625 0.228125 0.290625
3 0.875 0.9421875 0.10625 0.0625
3 0.05234375 0.290625 0.0890625 0.090625
2 0.72265625 0.7984375 0.0859375 0.35
2 0.66640625 0.51640625 0.0515625 0.1921875
2 0.61171875 0.2703125 0.0609375 0.171875
2 0.37109375 0.27734375 0.0609375 0.1859375
2 0.42734375 0.0328125 0.0609375 0.059375
2 0.23359375 0.87421875 0.0703125 0.2046875
