3 0.7296875 0.34921875 0.128125 0.0640625
3 0.65234375 0.1234375 0.0859375 0.065625
2 0.40625 0.11875 0.046875 0.171875
2 0.35 0.35859375 0.0625 0.0984375
2 0.24921875 0.8421875 0.0578125 0.25625
3 0.16796875 0.10703125 0.0953125 0.0296875
3 0.04140625 0.309375 0.0515625 0.05625
3 0.49921875 0.2140625 0.1828125 0.084375
3 0.2546875 0.2296875 0.19375 0.071875
3 0.496875 0.63828125 0.346875 0.0546875
3 0.14375 0.690625 0.2125 0.090625
3 0.828125 0.665625 0.13125 0.046875
0 0.95390625 0.66640625 0.0859375 0.0734375
0 0.76171875 0.74921875 0.1515625 0.1015625
0 0.765625 0.88515625 0.15 0.1453125
0 0.70546875 0.59296875 0.0953125 0.1609375
0 0.68984375 0.45078125 0.0828125 0.1109375
0 0.815625 0.3359375 0.04375 0.046875
