3 0.340625 0.74453125 0.659375 0.1609375
3 0.36484375 0.2265625 0.4578125 0.146875
3 0.86796875 0.73984375 0.2328125 0.1078125
3 0.75625 0.4125 0.178125 0.096875
3 0.66640625 0.13203125 0.1015625 0.0296875
3 0.62578125 0.021875 0.0671875 0.009375
2 0.325 0.50703125 0.1 0.3203125
3 0.084375 0.1890625 0.115625 0.025
2 0.0609375 0.36015625 0.1125 0.1390625
2 0.21875 0.1296875 0.0875 0.10625
2 0.71875 0.86171875 0.08125 0.2203125
2 0.65390625 0.55625 0.0546875 0.171875
2 0.62890625 0.35 0.0546875 0.1875
2 0.58046875 0.08984375 0.0578125 0.1234375
2 0.40703125 0.08125 0.0578125 0.103125
1 0.14453125 0.4828125 0.1953125 0.278125
