3 0.3984375 0.21171875 0.425 0.1046875
3 0.36171875 0.67890625 0.6609375 0.1609375
1 0.4859375 0.421875 0.20625 0.20625
3 0.4421875 0.06171875 0.390625 0.0921875
3 0.84296875 0.62890625 0.2171875 0.0484375
3 0.69765625 0.29609375 0.1390625 0.0671875
3 0.6890625 0.18984375 0.103125 0.0421875
3 0.75703125 0.43828125 0.1453125 0.0921875
3 0.171875 0.10390625 0.096875 0.0265625
3 0.89453125 0.86015625 0.1421875 0.0953125
2 0.89609375 0.52265625 0.0734375 0.0984375
2 0.80859375 0.3578125 0.0515625 0.0875
2 0.96796875 0.71015625 0.0609375 0.0640625
2 0.75546875 0.8953125 0.0765625 0.178125
2 0.66640625 0.4890625 0.0765625 0.15625
2 0.13203125 0.26484375 0.0703125 0.0953125
2 0.046875 0.4 0.0875 0.128125
