3 0.76796875 0.4390625 0.1828125 0.075
1 0.4921875 0.2765625 0.2 0.159375
1 0.50234375 0.49921875 0.2828125 0.2421875
1 0.47421875 0.82890625 0.4046875 0.3421875
1 0.14609375 0.55 0.2296875 0.29375
1 0.2703125 0.246875 0.2125 0.2375
3 0.8765625 0.784375 0.2 0.084375
3 0.88203125 0.9546875 0.0953125 0.05625
3 0.69921875 0.20625 0.1359375 0.05
3 0.15546875 0.13125 0.0828125 0.0625
2 0.3078125 0.515625 0.090625 0.259375
2 0.2140625 0.85859375 0.15625 0.2796875
2 0.40390625 0.11953125 0.0671875 0.2078125
2 0.74140625 0.87421875 0.0640625 0.1765625
