1 0.26171875 0.24921875 0.1984375 0.2171875
1 0.1625 0.53515625 0.296875 0.2890625
1 0.14609375 0.81171875 0.2421875 0.2609375
3 0.77265625 0.39765625 0.1328125 0.0703125
3 0.80390625 0.51484375 0.2046875 0.0859375
3 0.88203125 0.61484375 0.1765625 0.0640625
3 0.67890625 0.2015625 0.1265625 0.0625
3 0.6390625 0.0796875 0.103125 0.04375
2 0.33984375 0.51328125 0.0515625 0.2203125
2 0.28046875 0.8015625 0.0890625 0.31875
2 0.41015625 0.16484375 0.0703125 0.2390625
1 0.8890625 0.83203125 0.178125 0.2546875
2 0.7578125 0.87421875 0.06875 0.2140625
2 0.709375 0.62421875 0.078125 0.2265625
3 0.05390625 0.2953125 0.0859375 0.034375
