3 0.25859375 0.36875 0.3578125 0.121875
3 0.76328125 0.52421875 0.2359375 0.0359375
1 0.478125 0.6890625 0.271875 0.49375
2 0.36796875 0.1828125 0.0734375 0.196875
2 0.2421875 0.68984375 0.159375 0.4921875
3 0.06328125 0.21171875 0.1015625 0.0484375
3 0.1875 0.06484375 0.078125 0.0234375
2 0.678125 0.69453125 0.040625 0.1953125
2 0.7171875 0.909375 0.04375 0.159375
2 0.63515625 0.42421875 0.0484375 0.1328125
2 0.60078125 0.2703125 0.0265625 0.146875
0 0.6578125 0.1734375 0.121875 0.09375
0 0.68984375 0.29453125 0.1390625 0.1171875
0 0.73671875 0.41953125 0.1453125 0.1078125
