3 0.525 0.45234375 0.15 0.0359375
1 0.47421875 0.74296875 0.3796875 0.4984375
1 0.153125 0.5328125 0.2375 0.325
1 0.496875 0.2828125 0.215625 0.315625
1 0.26484375 0.225 0.2046875 0.315625
3 0.72421875 0.34453125 0.1140625 0.0859375
3 0.6734375 0.1421875 0.075 0.053125
3 0.06015625 0.25703125 0.1046875 0.0484375
3 0.77109375 0.50078125 0.1546875 0.0671875
3 0.890625 0.8703125 0.140625 0.1125
2 0.703125 0.665625 0.071875 0.178125
2 0.7390625 0.88203125 0.103125 0.2140625
2 0.23515625 0.84140625 0.1046875 0.2640625
2 0.309375 0.540625 0.09375 0.240625
2 0.415625 0.10234375 0.046875 0.1546875
