3 0.83046875 0.83125 0.2671875 0.09375
3 0.753125 0.59296875 0.18125 0.1265625
3 0.7109375 0.43984375 0.18125 0.0734375
3 0.6515625 0.27734375 0.115625 0.0734375
3 0.60234375 0.0984375 0.0859375 0.046875
2 0.30546875 0.32890625 0.1390625 0.3578125
3 0.353125 0.14140625 0.365625 0.0953125
2 0.15 0.85703125 0.046875 0.1890625
3 0.08984375 0.49140625 0.1171875 0.0359375
3 0.0828125 0.17890625 0.084375 0.0578125
2 0.64453125 0.81484375 0.0734375 0.3484375
2 0.61015625 0.51796875 0.0453125 0.2203125
2 0.57734375 0.253125 0.0421875 0.184375
