3 0.80703125 0.459375 0.1453125 0.046875
3 0.85859375 0.81171875 0.2015625 0.0984375
3 0.71875 0.27890625 0.146875 0.1328125
3 0.6765625 0.1171875 0.090625 0.015625
3 0.63046875 0.06015625 0.0921875 0.0296875
3 0.1875 0.30703125 0.3375 0.0953125
1 0.50234375 0.809375 0.3734375 0.334375
1 0.12734375 0.6015625 0.2328125 0.375
1 0.45859375 0.1640625 0.1265625 0.15625
1 0.79375 0.62578125 0.125 0.2234375
2 0.7015625 0.7296875 0.06875 0.265625
2 0.74765625 0.93203125 0.0484375 0.0984375
3 0.5640625 0.303125 0.103125 0.04375
