3 0.78046875 0.66171875 0.2234375 0.1015625
3 0.61953125 0.06015625 0.1109375 0.0609375
3 0.334375 0.77421875 0.590625 0.1203125
2 0.378125 0.13125 0.0625 0.14375
2 0.27578125 0.43359375 0.0578125 0.0953125
3 0.6953125 0.41796875 0.153125 0.0453125
3 0.7734375 0.453125 0.090625 0.046875
2 0.1296875 0.88671875 0.075 0.1359375
3 0.22734375 0.21171875 0.1953125 0.0359375
3 0.46484375 0.24765625 0.2234375 0.0796875
3 0.65546875 0.2078125 0.1234375 0.0375
3 0.66953125 0.2640625 0.1390625 0.046875
3 0.1859375 0.2875 0.221875 0.05
