3 0.41796875 0.11328125 0.3828125 0.0546875
3 0.76484375 0.3875 0.1359375 0.0875
2 0.36015625 0.44765625 0.1109375 0.3953125
3 0.04921875 0.30234375 0.0953125 0.0515625
3 0.11484375 0.22734375 0.1046875 0.0484375
3 0.64375 0.12734375 0.175 0.0546875
1 0.27109375 0.271875 0.1671875 0.18125
1 0.1765625 0.5109375 0.240625 0.26875
1 0.11484375 0.77734375 0.2109375 0.2171875
2 0.40625 0.1890625 0.040625 0.075
2 0.43046875 0.040625 0.0546875 0.075
0 0.634375 0.2828125 0.08125 0.153125
0 0.65859375 0.44609375 0.0640625 0.1390625
0 0.6953125 0.62265625 0.1 0.1578125
0 0.72734375 0.86015625 0.0890625 0.2546875
2 0.275 0.83671875 0.075 0.2859375
