3 0.34921875 0.29921875 0.4921875 0.1078125
3 0.4359375 0.90078125 0.59375 0.1453125
1 0.45625 0.58828125 0.271875 0.4265625
3 0.6625 0.18984375 0.11875 0.1015625
3 0.7125 0.32578125 0.146875 0.1109375
3 0.88671875 0.775 0.2046875 0.15
2 0.26796875 0.7078125 0.0765625 0.29375
2 0.3859375 0.19765625 0.084375 0.2171875
3 0.4234375 0.03515625 0.290625 0.0515625
2 0.67578125 0.6078125 0.1078125 0.4
3 0.11640625 0.1953125 0.1140625 0.04375
2 0.57890625 0.125 0.0359375 0.159375
1 0.11484375 0.6359375 0.2234375 0.3875
