1 0.4984375 0.2953125 0.171875 0.228125
1 0.165625 0.48828125 0.175 0.3578125
3 0.765625 0.46328125 0.13125 0.0515625
3 0.68203125 0.2 0.1046875 0.04375
3 0.884375 0.84296875 0.165625 0.0953125
3 0.64140625 0.05859375 0.1046875 0.0609375
2 0.31875 0.50859375 0.084375 0.3390625
2 0.4171875 0.0578125 0.05 0.103125
2 0.63984375 0.3640625 0.0671875 0.278125
2 0.6921875 0.75390625 0.109375 0.4015625
2 0.36171875 0.25546875 0.0546875 0.1265625
3 0.49375 0.11875 0.1625 0.075
3 0.30390625 0.13359375 0.1578125 0.0421875
