1 0.3640625 0.13125 0.109375 0.15
1 0.27890625 0.3296875 0.0953125 0.175
1 0.23359375 0.55390625 0.2140625 0.2015625
1 0.09765625 0.7828125 0.1265625 0.18125
1 0.54375 0.26015625 0.23125 0.1171875
3 0.7421875 0.37265625 0.059375 0.0515625
3 0.11953125 0.225 0.0953125 0.0375
1 0.6578125 0.46328125 0.11875 0.1953125
1 0.72109375 0.7171875 0.1265625 0.190625
1 0.765625 0.90546875 0.103125 0.1421875
1 0.4203125 0.84921875 0.165625 0.2046875
2 0.18046875 0.3625 0.0734375 0.1
2 0.078125 0.6078125 0.059375 0.125
2 0.2765625 0.1671875 0.046875 0.06875
2 0.14765625 0.1078125 0.1203125 0.128125
2 0.03671875 0.2265625 0.0640625 0.084375
