1 0.50859375 0.43359375 0.1828125 0.2015625
1 0.48828125 0.67421875 0.2390625 0.2328125
1 0.56328125 0.8875 0.2703125 0.196875
1 0.19921875 0.4890625 0.2671875 0.16875
1 0.1421875 0.7703125 0.2 0.29375
1 0.50390625 0.1984375 0.1359375 0.2125
1 0.2921875 0.178125 0.13125 0.18125
3 0.878125 0.7921875 0.215625 0.0875
3 0.825 0.53046875 0.18125 0.0265625
3 0.75703125 0.31953125 0.1484375 0.0328125
3 0.715625 0.24375 0.084375 0.065625
3 0.2390625 0.334375 0.234375 0.05625
3 0.56328125 0.3015625 0.1171875 0.040625
