3 0.68515625 0.3015625 0.1609375 0.071875
3 0.78125 0.44140625 0.221875 0.0765625
3 0.671875 0.1671875 0.08125 0.065625
3 0.1296875 0.434375 0.25 0.0625
2 0.3171875 0.46171875 0.05625 0.1953125
3 0.06015625 0.23828125 0.1109375 0.0609375
1 0.48515625 0.24609375 0.1734375 0.2109375
1 0.46953125 0.534375 0.2359375 0.234375
1 0.3546875 0.84296875 0.175 0.2578125
2 0.0921875 0.31171875 0.084375 0.1203125
2 0.1734375 0.18671875 0.06875 0.1265625
2 0.62890625 0.459375 0.0703125 0.184375
2 0.67109375 0.675 0.0671875 0.18125
2 0.70625 0.89140625 0.071875 0.1765625
3 0.49296875 0.09375 0.1421875 0.05
3 0.30234375 0.109375 0.1546875 0.053125
2 0.35625 0.2703125 0.071875 0.146875
2 0.4203125 0.0546875 0.05 0.078125
