3 0.3390625 0.31328125 0.5 0.0859375
1 0.5015625 0.52109375 0.25 0.2578125
1 0.16875 0.46484375 0.24375 0.1703125
1 0.1234375 0.7484375 0.21875 0.346875
1 0.27734375 0.17265625 0.1734375 0.1828125
3 0.76484375 0.4296875 0.1359375 0.065625
3 0.90859375 0.81640625 0.1640625 0.0703125
3 0.7109375 0.2515625 0.109375 0.059375
2 0.325 0.48515625 0.0875 0.2359375
2 0.42265625 0.06015625 0.0515625 0.0953125
2 0.36953125 0.26015625 0.0453125 0.1484375
0 0.7453125 0.846875 0.04375 0.190625
1 0.52734375 0.8359375 0.3609375 0.290625
3 0.040625 0.290625 0.0625 0.034375
0 0.72890625 0.5859375 0.1484375 0.2
0 0.6515625 0.34921875 0.0875 0.1859375
