3 0.36171875 0.30859375 0.4859375 0.0890625
1 0.4890625 0.6921875 0.284375 0.509375
1 0.46796875 0.184375 0.1921875 0.146875
3 0.66484375 0.18984375 0.1203125 0.0703125
3 0.7390625 0.37890625 0.175 0.0546875
3 0.8578125 0.790625 0.2125 0.1125
3 0.6203125 0.0609375 0.084375 0.0625
2 0.378125 0.18359375 0.1 0.2484375
2 0.284375 0.57109375 0.090625 0.3609375
2 0.6921875 0.753125 0.10625 0.4375
2 0.6421875 0.41875 0.053125 0.19375
2 0.57265625 0.14453125 0.0421875 0.1515625
3 0.07109375 0.2484375 0.1296875 0.046875
2 0.05 0.415625 0.0625 0.128125
