1 0.47578125 0.7 0.2796875 0.56875
2 0.38671875 0.1375 0.0796875 0.153125
2 0.2671875 0.49609375 0.11875 0.3203125
3 0.63828125 0.1921875 0.1140625 0.05625
3 0.6890625 0.35234375 0.115625 0.0671875
3 0.640625 0.12734375 0.096875 0.0546875
1 0.0640625 0.2125 0.109375 0.13125
2 0.171875 0.8390625 0.115625 0.16875
2 0.66640625 0.78984375 0.0671875 0.3484375
3 0.4765625 0.634375 0.259375 0.071875
3 0.07109375 0.7046875 0.1328125 0.06875
3 0.84296875 0.75703125 0.2671875 0.0859375
3 0.46484375 0.22578125 0.1984375 0.0796875
3 0.24765625 0.225 0.1984375 0.05
