3 0.48515625 0.4109375 0.2015625 0.084375
3 0.7859375 0.453125 0.121875 0.0625
3 0.8484375 0.66796875 0.15625 0.1046875
3 0.8640625 0.82734375 0.209375 0.0671875
1 0.49609375 0.58828125 0.2734375 0.2390625
1 0.27421875 0.18671875 0.1671875 0.1890625
3 0.69921875 0.28046875 0.1078125 0.0765625
3 0.684375 0.20234375 0.078125 0.0296875
3 0.66484375 0.1359375 0.1171875 0.05
3 0.10859375 0.190625 0.1140625 0.053125
3 0.2421875 0.02890625 0.078125 0.0328125
1 0.48984375 0.2515625 0.1703125 0.221875
1 0.134375 0.47421875 0.253125 0.3484375
1 0.08671875 0.7375 0.1546875 0.140625
1 0.37734375 0.834375 0.1859375 0.20625
