3 0.38125 0.19375 0.4125 0.053125
1 0.45546875 0.45078125 0.2734375 0.4140625
1 0.49921875 0.8421875 0.4203125 0.265625
3 0.7671875 0.42578125 0.184375 0.1140625
3 0.8609375 0.74140625 0.228125 0.1109375
3 0.66875 0.153125 0.11875 0.065625
1 0.125 0.725 0.221875 0.2
2 0.27109375 0.59375 0.1109375 0.39375
2 0.6953125 0.76953125 0.09375 0.3453125
2 0.62734375 0.40546875 0.0671875 0.2453125
2 0.40703125 0.09765625 0.0796875 0.1390625
2 0.196875 0.36875 0.115625 0.215625
2 0.11796875 0.5546875 0.0671875 0.125
2 0.3046875 0.11875 0.078125 0.11875
2 0.56796875 0.09296875 0.0671875 0.1703125
