3 0.471875 0.48125 0.33125 0.09375
3 0.1609375 0.59296875 0.321875 0.0703125
1 0.19453125 0.36015625 0.2359375 0.2078125
3 0.73984375 0.39921875 0.1515625 0.0578125
3 0.765625 0.55234375 0.1375 0.0640625
3 0.67578125 0.184375 0.1015625 0.040625
1 0.54375 0.75625 0.359375 0.396875
2 0.23515625 0.8046875 0.1109375 0.2875
2 0.365625 0.31484375 0.05 0.1671875
2 0.403125 0.109375 0.046875 0.121875
1 0.10234375 0.73671875 0.2046875 0.1890625
1 0.815625 0.74375 0.146875 0.278125
1 0.696875 0.290625 0.15 0.134375
3 0.4859375 0.16875 0.165625 0.059375
3 0.28203125 0.1765625 0.1671875 0.0375
3 0.11875 0.1640625 0.09375 0.0375
1 0.4859375 0.27890625 0.15625 0.1359375
