1 0.528125 0.790625 0.434375 0.396875
1 0.48671875 0.36484375 0.1921875 0.2515625
3 0.36953125 0.19609375 0.3796875 0.0734375
3 0.428125 0.546875 0.421875 0.0375
3 0.12265625 0.665625 0.2109375 0.1375
3 0.7984375 0.53359375 0.178125 0.0828125
3 0.7375 0.38515625 0.16875 0.0578125
3 0.65625 0.18671875 0.140625 0.0546875
3 0.646875 0.0984375 0.1125 0.021875
2 0.2390625 0.77890625 0.128125 0.3921875
2 0.334375 0.36640625 0.096875 0.2421875
2 0.4015625 0.13046875 0.0625 0.1234375
3 0.89140625 0.73515625 0.1796875 0.0796875
1 0.1734375 0.40078125 0.25625 0.2671875
