3 0.17421875 0.36640625 0.2515625 0.0703125
3 0.46015625 0.6125 0.4015625 0.075
3 0.62890625 0.1390625 0.1296875 0.059375
3 0.06484375 0.20625 0.0890625 0.04375
2 0.51484375 0.83671875 0.0765625 0.2546875
2 0.6046875 0.28203125 0.059375 0.1734375
2 0.63984375 0.5046875 0.0609375 0.184375
2 0.67578125 0.80546875 0.0765625 0.2859375
3 0.8375 0.75859375 0.209375 0.0796875
3 0.725 0.37890625 0.125 0.0765625
2 0.21953125 0.6984375 0.0515625 0.159375
3 0.49296875 0.046875 0.1078125 0.03125
3 0.16484375 0.07109375 0.0828125 0.0296875
3 0.62109375 0.04921875 0.0578125 0.0359375
