3 0.74140625 0.46171875 0.1515625 0.0734375
3 0.6953125 0.2765625 0.10625 0.05625
3 0.64296875 0.13671875 0.0796875 0.0453125
2 0.28984375 0.5015625 0.0859375 0.275
2 0.2046875 0.790625 0.10625 0.309375
2 0.62265625 0.4625 0.0578125 0.2375
2 0.66328125 0.7671875 0.0828125 0.30625
3 0.11796875 0.4328125 0.2046875 0.065625
3 0.03671875 0.28828125 0.0703125 0.0609375
3 0.0703125 0.20625 0.084375 0.040625
2 0.4171875 0.04140625 0.059375 0.0765625
3 0.48984375 0.2484375 0.2078125 0.08125
3 0.228125 0.2453125 0.225 0.05
3 0.29921875 0.11640625 0.1734375 0.0515625
2 0.78515625 0.7796875 0.1046875 0.3125
2 0.35546875 0.25078125 0.0546875 0.2015625
