3 0.35546875 0.23203125 0.4171875 0.0859375
1 0.44453125 0.41171875 0.2640625 0.2546875
1 0.46640625 0.76875 0.3703125 0.34375
1 0.128125 0.584375 0.221875 0.4625
3 0.66171875 0.23828125 0.1359375 0.1421875
3 0.71015625 0.3796875 0.1453125 0.10625
3 0.8375 0.62578125 0.259375 0.0984375
3 0.87734375 0.91171875 0.1453125 0.0890625
3 0.0578125 0.23125 0.1125 0.06875
2 0.38984375 0.153125 0.0640625 0.15
2 0.30234375 0.49296875 0.0796875 0.2703125
2 0.21640625 0.80703125 0.1015625 0.3109375
2 0.684375 0.809375 0.090625 0.284375
2 0.64296875 0.49375 0.1015625 0.284375
2 0.59140625 0.19375 0.0609375 0.225
