3 0.37890625 0.81328125 0.6328125 0.1328125
3 0.790625 0.48046875 0.15625 0.0515625
3 0.07421875 0.234375 0.1453125 0.06875
3 0.68515625 0.18125 0.0984375 0.059375
1 0.14296875 0.5953125 0.2046875 0.228125
2 0.3171875 0.5484375 0.09375 0.334375
2 0.40390625 0.12890625 0.0796875 0.2171875
2 0.659375 0.48984375 0.121875 0.4171875
2 0.59296875 0.12578125 0.0609375 0.1671875
1 0.46640625 0.59921875 0.1609375 0.1734375
2 0.22109375 0.9171875 0.0953125 0.125
2 0.75078125 0.9171875 0.0609375 0.1375
3 0.5015625 0.2609375 0.20625 0.06875
3 0.27265625 0.26953125 0.1765625 0.0546875
