3 0.35703125 0.7703125 0.6296875 0.11875
3 0.3765625 0.2390625 0.453125 0.059375
3 0.86953125 0.66953125 0.2359375 0.0515625
2 0.40234375 0.14140625 0.0859375 0.1640625
2 0.3109375 0.51015625 0.13125 0.4265625
2 0.20859375 0.88828125 0.1078125 0.1828125
3 0.784375 0.4296875 0.103125 0.0625
2 0.7265625 0.90703125 0.04375 0.1265625
2 0.65 0.50390625 0.059375 0.2109375
0 0.74765625 0.76328125 0.1203125 0.1296875
0 0.80625 0.8953125 0.05 0.0875
1 0.08984375 0.209375 0.1328125 0.125
1 0.20546875 0.08515625 0.1140625 0.0828125
