3 0.71484375 0.2765625 0.1296875 0.046875
3 0.80546875 0.50390625 0.2078125 0.0796875
3 0.84765625 0.69921875 0.2234375 0.0765625
3 0.6828125 0.15390625 0.125 0.0546875
1 0.321875 0.17890625 0.15625 0.1578125
1 0.20859375 0.45625 0.2640625 0.3125
1 0.125 0.765625 0.23125 0.259375
1 0.51015625 0.7515625 0.3671875 0.409375
1 0.4828125 0.31953125 0.209375 0.2203125
3 0.0578125 0.271875 0.090625 0.05625
3 0.16875 0.11328125 0.10625 0.0515625
3 0.625 0.06015625 0.11875 0.0453125
2 0.72578125 0.8515625 0.0515625 0.20625
2 0.6625 0.4984375 0.053125 0.178125
2 0.3546875 0.3546875 0.05625 0.171875
2 0.42890625 0.059375 0.0703125 0.071875
