3 0.67734375 0.26171875 0.1265625 0.0453125
3 0.71640625 0.3828125 0.1421875 0.05
3 0.728125 0.496875 0.165625 0.075
3 0.7875 0.69453125 0.20625 0.0546875
2 0.24921875 0.6078125 0.1546875 0.55
2 0.36796875 0.17578125 0.0546875 0.1140625
3 0.81796875 0.83203125 0.2046875 0.1015625
3 0.47578125 0.04453125 0.1453125 0.0421875
3 0.31328125 0.0625 0.1546875 0.053125
2 0.65859375 0.86640625 0.0421875 0.1859375
2 0.63671875 0.6609375 0.0609375 0.1625
2 0.609375 0.4390625 0.0375 0.159375
2 0.5859375 0.275 0.040625 0.084375
