1 0.12890625 0.7890625 0.2546875 0.328125
3 0.7078125 0.321875 0.1375 0.078125
3 0.85390625 0.71484375 0.2296875 0.0421875
2 0.409375 0.11796875 0.059375 0.2296875
2 0.36640625 0.315625 0.0359375 0.10625
2 0.3234375 0.5078125 0.053125 0.215625
3 0.79140625 0.43828125 0.0796875 0.0546875
1 0.2734375 0.1609375 0.2125 0.14375
1 0.19453125 0.340625 0.2515625 0.190625
1 0.159375 0.54453125 0.271875 0.1796875
0 0.72109375 0.85078125 0.0765625 0.1765625
0 0.68515625 0.63125 0.0953125 0.175
0 0.66484375 0.45 0.1109375 0.15
0 0.61953125 0.27421875 0.0453125 0.1265625
0 0.60234375 0.14453125 0.0734375 0.1140625
