1 0.4515625 0.31484375 0.13125 0.2640625
1 0.4953125 0.71328125 0.303125 0.5140625
3 0.80234375 0.64140625 0.2359375 0.1015625
3 0.7390625 0.353125 0.1375 0.10625
3 0.13046875 0.4640625 0.2109375 0.078125
3 0.66875 0.13359375 0.13125 0.0515625
3 0.08359375 0.24453125 0.1453125 0.0765625
2 0.40859375 0.10234375 0.0515625 0.1859375
2 0.303125 0.5296875 0.10625 0.2625
2 0.625 0.36015625 0.034375 0.1828125
2 0.734375 0.8625 0.071875 0.271875
2 0.2328125 0.83203125 0.096875 0.3046875
2 0.07109375 0.35078125 0.0796875 0.1046875
2 0.5796875 0.09453125 0.034375 0.1453125
2 0.5890625 0.22421875 0.059375 0.0859375
1 0.07890625 0.69140625 0.1421875 0.2640625
