3 0.48359375 0.16796875 0.2046875 0.0859375
3 0.42734375 0.06171875 0.2890625 0.0609375
3 0.7265625 0.31171875 0.146875 0.0453125
3 0.78828125 0.446875 0.1609375 0.05625
3 0.82734375 0.5484375 0.2296875 0.0625
2 0.684375 0.5390625 0.103125 0.29375
2 0.74921875 0.81875 0.0765625 0.196875
2 0.33515625 0.44921875 0.0703125 0.2984375
3 0.9078125 0.88359375 0.146875 0.0921875
3 0.6609375 0.12578125 0.090625 0.0390625
3 0.63125 0.03828125 0.084375 0.0578125
3 0.04296875 0.31171875 0.0703125 0.0421875
1 0.11328125 0.71171875 0.2203125 0.3796875
