2 0.62734375 0.64140625 0.1078125 0.7046875
2 0.37734375 0.15546875 0.0828125 0.2453125
2 0.2828125 0.496875 0.10625 0.340625
2 0.16875 0.84140625 0.13125 0.2765625
1 0.10703125 0.47734375 0.1578125 0.2109375
1 0.20625 0.309375 0.09375 0.1375
1 0.52421875 0.2578125 0.1765625 0.159375
3 0.06953125 0.23984375 0.1140625 0.0703125
3 0.17578125 0.08203125 0.1265625 0.0640625
3 0.659375 0.1984375 0.075 0.028125
3 0.76171875 0.43203125 0.0890625 0.0515625
2 0.0453125 0.34375 0.090625 0.109375
0 0.81640625 0.63046875 0.1203125 0.1484375
0 0.85859375 0.7984375 0.1546875 0.146875
0 0.7421875 0.81953125 0.08125 0.2796875
