3 0.675 0.27734375 0.171875 0.0671875
3 0.8140625 0.653125 0.228125 0.06875
1 0.48046875 0.25234375 0.1734375 0.1484375
2 0.36328125 0.2375 0.0734375 0.203125
2 0.65078125 0.50625 0.0828125 0.29375
3 0.17578125 0.41328125 0.2546875 0.1140625
3 0.1765625 0.090625 0.10625 0.021875
3 0.64375 0.07578125 0.096875 0.0421875
2 0.69375 0.82421875 0.103125 0.2828125
2 0.29609375 0.52421875 0.0890625 0.1703125
2 0.21796875 0.7953125 0.1390625 0.33125
3 0.49140625 0.07890625 0.1390625 0.0453125
3 0.31953125 0.09765625 0.1265625 0.0359375
1 0.4625 0.5578125 0.23125 0.275
