3 0.73828125 0.41796875 0.1546875 0.0546875
3 0.77734375 0.5390625 0.1859375 0.065625
3 0.82734375 0.78125 0.1984375 0.0625
3 0.65 0.1421875 0.1125 0.05
2 0.31796875 0.3765625 0.0984375 0.303125
2 0.409375 0.0921875 0.0625 0.15625
2 0.23125 0.88359375 0.096875 0.1890625
2 0.57421875 0.07734375 0.0265625 0.1203125
2 0.62265625 0.36640625 0.0828125 0.3296875
2 0.6859375 0.765625 0.0875 0.3875
3 0.15078125 0.11953125 0.1140625 0.0453125
3 0.47421875 0.52890625 0.2921875 0.0703125
3 0.12421875 0.6265625 0.1859375 0.1
3 0.48046875 0.1875 0.1828125 0.06875
3 0.27578125 0.18671875 0.1671875 0.0515625
1 0.4671875 0.84765625 0.31875 0.3015625
