3 0.1515625 0.5125 0.259375 0.046875
3 0.4703125 0.3953125 0.25 0.040625
3 0.471875 0.13046875 0.23125 0.0421875
1 0.53125 0.728125 0.3125 0.50625
1 0.128125 0.69296875 0.234375 0.3265625
3 0.809375 0.515625 0.175 0.046875
2 0.28515625 0.66796875 0.0546875 0.1796875
2 0.3515625 0.37421875 0.05625 0.1953125
2 0.428125 0.0421875 0.040625 0.071875
2 0.38984375 0.21796875 0.0359375 0.0890625
1 0.203125 0.315625 0.178125 0.190625
2 0.25625 0.87421875 0.05625 0.1734375
2 0.74296875 0.8484375 0.0796875 0.23125
2 0.6609375 0.378125 0.0625 0.1875
