3 0.159375 0.50703125 0.225 0.0453125
3 0.4921875 0.409375 0.309375 0.034375
1 0.25078125 0.315625 0.2265625 0.19375
1 0.53671875 0.58828125 0.2640625 0.2546875
1 0.515625 0.8328125 0.30625 0.196875
2 0.3921875 0.28359375 0.06875 0.2078125
2 0.278125 0.74375 0.121875 0.4
2 0.41796875 0.07578125 0.0484375 0.1140625
1 0.0984375 0.7875 0.15625 0.271875
3 0.875 0.8078125 0.1875 0.065625
3 0.66875 0.18359375 0.134375 0.0546875
3 0.0515625 0.3046875 0.065625 0.046875
3 0.1765625 0.10234375 0.1 0.0546875
3 0.3875 0.15625 0.315625 0.053125
2 0.73984375 0.8359375 0.0703125 0.24375
0 0.63828125 0.31171875 0.0703125 0.1515625
