3 0.76328125 0.45078125 0.1328125 0.0421875
3 0.85625 0.821875 0.1625 0.034375
3 0.1078125 0.17109375 0.171875 0.0578125
1 0.5359375 0.50078125 0.3125 0.3078125
1 0.565625 0.82578125 0.396875 0.2953125
1 0.35390625 0.134375 0.1234375 0.134375
1 0.309375 0.35390625 0.096875 0.2078125
1 0.22890625 0.621875 0.1265625 0.196875
1 0.15078125 0.84140625 0.1265625 0.1953125
2 0.20234375 0.3984375 0.0921875 0.171875
2 0.09453125 0.64609375 0.0984375 0.1796875
1 0.4828125 0.225 0.128125 0.15
2 0.05078125 0.26328125 0.0796875 0.0796875
2 0.178125 0.09296875 0.084375 0.1109375
