3 0.728125 0.52265625 0.196875 0.0765625
2 0.24453125 0.5078125 0.1453125 0.325
2 0.36171875 0.1265625 0.0671875 0.171875
2 0.15 0.7921875 0.121875 0.2125
3 0.4140625 0.94609375 0.428125 0.0703125
3 0.88671875 0.89921875 0.1671875 0.0859375
3 0.64453125 0.17890625 0.1140625 0.0546875
3 0.66328125 0.2515625 0.1203125 0.059375
3 0.44921875 0.28828125 0.2203125 0.0828125
3 0.21875 0.2375 0.19375 0.040625
3 0.178125 0.3015625 0.21875 0.05625
3 0.05390625 0.22265625 0.0796875 0.0265625
2 0.634375 0.8390625 0.03125 0.146875
