3 0.7453125 0.415625 0.159375 0.075
3 0.82734375 0.57421875 0.1765625 0.0546875
3 0.71796875 0.2546875 0.1234375 0.06875
3 0.1953125 0.07265625 0.084375 0.0359375
3 0.9484375 0.859375 0.09375 0.071875
2 0.24765625 0.78828125 0.0734375 0.1859375
0 0.7796875 0.88984375 0.128125 0.1984375
2 0.62890625 0.3453125 0.0328125 0.1375
2 0.675 0.51953125 0.065625 0.1546875
2 0.7078125 0.6875 0.075 0.146875
3 0.48984375 0.48671875 0.2796875 0.0515625
3 0.1265625 0.63125 0.209375 0.059375
1 0.1640625 0.3875 0.203125 0.184375
1 0.0578125 0.821875 0.096875 0.18125
