1 0.39140625 0.39921875 0.4015625 0.2171875
1 0.48515625 0.84296875 0.3296875 0.2921875
2 0.2765625 0.7328125 0.11875 0.403125
2 0.36484375 0.30078125 0.0578125 0.1265625
2 0.403125 0.13046875 0.053125 0.1421875
1 0.69609375 0.2578125 0.1328125 0.2625
1 0.80546875 0.50625 0.1984375 0.20625
1 0.0828125 0.25390625 0.146875 0.1859375
3 0.50078125 0.57578125 0.2984375 0.0671875
3 0.1296875 0.66640625 0.259375 0.0765625
3 0.49609375 0.20390625 0.1828125 0.0671875
3 0.28515625 0.215625 0.1859375 0.065625
