3 0.4375 0.69375 0.23125 0.053125
2 0.35078125 0.159375 0.1171875 0.296875
2 0.225 0.48359375 0.134375 0.2734375
2 0.1109375 0.79453125 0.13125 0.3328125
2 0.50625 0.18359375 0.05 0.2921875
1 0.54375 0.859375 0.40625 0.2375
3 0.084375 0.309375 0.06875 0.05
3 0.23984375 0.06640625 0.0515625 0.0453125
3 0.13984375 0.08125 0.0796875 0.0625
3 0.796875 0.5453125 0.08125 0.034375
1 0.55 0.53203125 0.303125 0.2578125
1 0.6734375 0.70625 0.14375 0.071875
1 0.3078125 0.4359375 0.1 0.13125
1 0.26015625 0.5703125 0.1203125 0.128125
1 0.1828125 0.8203125 0.10625 0.19375
2 0.10859375 0.20078125 0.1046875 0.1203125
2 0.03515625 0.29609375 0.0515625 0.0703125
