3 0.3421875 0.3234375 0.478125 0.0625
1 0.13515625 0.4875 0.2390625 0.225
1 0.28125 0.18671875 0.190625 0.1921875
3 0.7921875 0.59921875 0.215625 0.0640625
3 0.7078125 0.3328125 0.14375 0.084375
3 0.684375 0.21953125 0.1375 0.0640625
3 0.65 0.146875 0.109375 0.040625
2 0.31484375 0.490625 0.0703125 0.175
2 0.25546875 0.70078125 0.0734375 0.2015625
2 0.21015625 0.90625 0.0734375 0.14375
2 0.40625 0.09453125 0.065625 0.1609375
2 0.3640625 0.24609375 0.059375 0.1015625
1 0.10390625 0.703125 0.1953125 0.175
1 0.76953125 0.69921875 0.0984375 0.1015625
1 0.7984375 0.87890625 0.13125 0.1515625
