1 0.1203125 0.50234375 0.16875 0.1015625
2 0.35546875 0.25078125 0.0734375 0.1859375
2 0.26484375 0.60078125 0.0953125 0.1734375
3 0.59921875 0.2265625 0.1484375 0.0375
2 0.19453125 0.86328125 0.1171875 0.2078125
3 0.4625 0.65234375 0.29375 0.0859375
3 0.1 0.73359375 0.19375 0.0828125
3 0.14921875 0.36875 0.2796875 0.065625
3 0.63515625 0.315625 0.1453125 0.046875
3 0.70703125 0.40078125 0.0984375 0.0484375
3 0.6953125 0.51015625 0.146875 0.0421875
3 0.74140625 0.58828125 0.1671875 0.0421875
3 0.83828125 0.76953125 0.1328125 0.0828125
3 0.5125 0.11484375 0.23125 0.0546875
3 0.2484375 0.14296875 0.21875 0.0515625
