3 0.34921875 0.27421875 0.6765625 0.1265625
3 0.13515625 0.4671875 0.2359375 0.0875
3 0.3765625 0.13671875 0.49375 0.0953125
3 0.68515625 0.365625 0.1359375 0.10625
3 0.5578125 0.9171875 0.278125 0.121875
2 0.36484375 0.21875 0.0484375 0.128125
2 0.31640625 0.37265625 0.0734375 0.1234375
2 0.25234375 0.60390625 0.0828125 0.2015625
2 0.2015625 0.86796875 0.115625 0.2078125
3 0.4125 0.640625 0.19375 0.06875
3 0.44921875 0.53203125 0.2109375 0.0859375
2 0.04921875 0.54609375 0.0984375 0.1140625
2 0.6484375 0.528125 0.06875 0.134375
2 0.70234375 0.7671875 0.1078125 0.2625
3 0.12109375 0.74296875 0.1765625 0.1390625
