3 0.42265625 0.15546875 0.4578125 0.1453125
3 0.19140625 0.41015625 0.2203125 0.1015625
3 0.6890625 0.3328125 0.171875 0.103125
3 0.6421875 0.240625 0.140625 0.08125
2 0.36875 0.28828125 0.09375 0.1984375
3 0.1375 0.68984375 0.2625 0.0671875
3 0.5015625 0.6328125 0.340625 0.08125
3 0.76640625 0.55546875 0.1734375 0.0546875
2 0.26171875 0.85390625 0.1390625 0.2578125
2 0.33046875 0.52734375 0.1109375 0.1109375
2 0.0359375 0.4140625 0.059375 0.096875
2 0.12109375 0.29921875 0.0921875 0.1140625
2 0.19140625 0.18984375 0.0640625 0.0765625
2 0.27265625 0.06953125 0.0796875 0.1203125
