3 0.14921875 0.41171875 0.2453125 0.0984375
2 0.315625 0.33203125 0.09375 0.1296875
2 0.38984375 0.14140625 0.0640625 0.1734375
3 0.77890625 0.64765625 0.1609375 0.0828125
3 0.66328125 0.34921875 0.1578125 0.0671875
1 0.5125 0.56640625 0.353125 0.2046875
2 0.2828125 0.58046875 0.075 0.2828125
3 0.5015625 0.82890625 0.521875 0.1453125
3 0.1140625 0.8578125 0.209375 0.071875
3 0.121875 0.73046875 0.18125 0.0703125
3 0.5390625 0.20703125 0.2 0.0828125
3 0.1765625 0.23671875 0.315625 0.0578125
3 0.2390625 0.13515625 0.21875 0.0390625
3 0.28515625 0.04140625 0.1734375 0.0546875
