3 0.39140625 0.05625 0.2546875 0.05625
3 0.71015625 0.38515625 0.0984375 0.0546875
3 0.65078125 0.23984375 0.1015625 0.0640625
2 0.2953125 0.52734375 0.0875 0.3671875
2 0.38046875 0.178125 0.0765625 0.20625
3 0.77734375 0.63203125 0.1640625 0.0515625
3 0.91171875 0.865625 0.1421875 0.084375
3 0.04921875 0.3046875 0.0984375 0.04375
3 0.6046875 0.16640625 0.06875 0.0328125
2 0.1859375 0.9078125 0.09375 0.13125
3 0.14765625 0.45 0.2484375 0.071875
3 0.50234375 0.271875 0.1640625 0.06875
3 0.4890625 0.1953125 0.134375 0.06875
3 0.178125 0.20546875 0.2 0.0265625
3 0.16796875 0.16484375 0.1109375 0.0296875
3 0.1890625 0.29765625 0.146875 0.0515625
2 0.175 0.3640625 0.059375 0.0875
3 0.49140625 0.73671875 0.3515625 0.0953125
3 0.09921875 0.81796875 0.1921875 0.1171875
