2 0.2265625 0.7421875 0.096875 0.196875
2 0.35703125 0.196875 0.0421875 0.15
3 0.79453125 0.71484375 0.1015625 0.0609375
3 0.5328125 0.2546875 0.265625 0.078125
3 0.1375 0.275 0.265625 0.053125
3 0.65234375 0.3421875 0.0921875 0.05
3 0.49453125 0.07890625 0.2046875 0.0546875
3 0.26953125 0.09921875 0.2109375 0.0359375
3 0.51015625 0.15703125 0.2015625 0.0546875
1 0.11015625 0.4234375 0.2078125 0.18125
2 0.30078125 0.453125 0.0921875 0.246875
3 0.51015625 0.49140625 0.2828125 0.0859375
3 0.12265625 0.59609375 0.2078125 0.0828125
