3 0.42421875 0.0703125 0.4421875 0.075
3 0.16796875 0.6109375 0.2265625 0.0875
3 0.8234375 0.69375 0.234375 0.071875
3 0.8390625 0.90390625 0.19375 0.1234375
2 0.40078125 0.2328125 0.1421875 0.215625
2 0.2890625 0.778125 0.096875 0.315625
3 0.7328125 0.4046875 0.115625 0.040625
3 0.746875 0.50859375 0.171875 0.0453125
3 0.16875 0.4796875 0.3 0.059375
3 0.43203125 0.37265625 0.1015625 0.0265625
2 0.36484375 0.534375 0.1296875 0.13125
2 0.05546875 0.37734375 0.0671875 0.0984375
2 0.13984375 0.26953125 0.0734375 0.0796875
