3 0.41484375 0.0796875 0.4265625 0.06875
3 0.75625 0.41875 0.146875 0.046875
3 0.64453125 0.21796875 0.1109375 0.0484375
2 0.39609375 0.21953125 0.0984375 0.2515625
2 0.3171875 0.7515625 0.128125 0.453125
3 0.23515625 0.5046875 0.2109375 0.046875
3 0.5265625 0.38125 0.23125 0.05625
3 0.90234375 0.86796875 0.1609375 0.1109375
2 0.35234375 0.44140625 0.0484375 0.1140625
2 0.85703125 0.52734375 0.0578125 0.1203125
2 0.93203125 0.68671875 0.0953125 0.1640625
2 0.73359375 0.25078125 0.0296875 0.0671875
2 0.78125 0.33828125 0.0625 0.0828125
