1 0.1484375 0.52578125 0.146875 0.2328125
2 0.40234375 0.12890625 0.0734375 0.2328125
2 0.278125 0.51015625 0.1 0.2796875
2 0.20234375 0.8359375 0.1015625 0.271875
2 0.66328125 0.571875 0.1046875 0.19375
2 0.68515625 0.76953125 0.0921875 0.1671875
2 0.63359375 0.334375 0.0765625 0.140625
2 0.63125 0.17421875 0.10625 0.1296875
2 0.70703125 0.93125 0.0921875 0.096875
2 0.03125 0.37109375 0.05 0.0546875
2 0.0796875 0.31015625 0.0625 0.0484375
2 0.13359375 0.2390625 0.0546875 0.053125
2 0.16640625 0.1859375 0.0484375 0.05625
2 0.21640625 0.12109375 0.0546875 0.0484375
