2 0.2984375 0.56953125 0.140625 0.4796875
2 0.42734375 0.10703125 0.0734375 0.1703125
0 0.753125 0.82421875 0.140625 0.2328125
0 0.68359375 0.53515625 0.1078125 0.2546875
0 0.653125 0.31328125 0.084375 0.1390625
0 0.61171875 0.096875 0.0546875 0.1125
3 0.4953125 0.203125 0.215625 0.053125
3 0.278125 0.2125 0.196875 0.059375
3 0.7140625 0.17890625 0.128125 0.0296875
2 0.07109375 0.34765625 0.0640625 0.0765625
2 0.128125 0.25234375 0.059375 0.0890625
2 0.18515625 0.16484375 0.0359375 0.0546875
2 0.22109375 0.121875 0.0421875 0.0625
2 0.27578125 0.05546875 0.0546875 0.0796875
