1 0.3265625 0.209375 0.090625 0.15
1 0.29140625 0.38046875 0.1046875 0.1296875
3 0.3765625 0.83984375 0.6875 0.0984375
3 0.8375 0.696875 0.29375 0.09375
2 0.3984375 0.159375 0.075 0.25
2 0.30625 0.45078125 0.1 0.3109375
2 0.1640625 0.92109375 0.09375 0.1203125
2 0.64296875 0.43203125 0.0546875 0.1640625
2 0.6171875 0.25234375 0.046875 0.1734375
3 0.51640625 0.60546875 0.2609375 0.0546875
3 0.11796875 0.653125 0.1859375 0.053125
2 0.2390625 0.1046875 0.0625 0.065625
2 0.1671875 0.196875 0.0625 0.071875
2 0.10546875 0.29296875 0.0546875 0.0703125
2 0.0421875 0.38515625 0.065625 0.0828125
