1 0.1265625 0.48046875 0.240625 0.2171875
1 0.1 0.784375 0.165625 0.3
1 0.3046875 0.11484375 0.165625 0.1046875
1 0.23671875 0.265625 0.2015625 0.171875
3 0.46484375 0.77109375 0.2578125 0.0984375
2 0.3859375 0.17578125 0.109375 0.2859375
2 0.2796875 0.51796875 0.103125 0.3390625
2 0.17578125 0.83359375 0.1078125 0.2765625
2 0.6703125 0.59609375 0.134375 0.3109375
2 0.70625 0.89453125 0.053125 0.1734375
2 0.615625 0.28984375 0.040625 0.1859375
2 0.059375 0.328125 0.05 0.06875
2 0.11171875 0.26484375 0.0296875 0.0578125
2 0.18984375 0.153125 0.0515625 0.05625
