3 0.8484375 0.68125 0.196875 0.090625
3 0.18984375 0.60703125 0.2703125 0.0765625
3 0.51328125 0.5421875 0.3078125 0.075
2 0.35078125 0.31953125 0.1609375 0.3703125
2 0.22734375 0.7984375 0.1234375 0.24375
1 0.10703125 0.48828125 0.1328125 0.1609375
0 0.71015625 0.6640625 0.1015625 0.13125
0 0.74609375 0.85703125 0.1265625 0.2078125
0 0.66796875 0.42421875 0.0796875 0.1546875
3 0.65234375 0.03359375 0.1234375 0.0265625
3 0.72578125 0.278125 0.1390625 0.04375
3 0.33203125 0.05078125 0.1765625 0.0359375
3 0.3203125 0.09921875 0.1875 0.0359375
2 0.17890625 0.17734375 0.0484375 0.0859375
2 0.1046875 0.28359375 0.06875 0.0828125
2 0.0390625 0.378125 0.053125 0.071875
