3 0.171875 0.4 0.278125 0.109375
2 0.2390625 0.6984375 0.146875 0.440625
2 0.3890625 0.20859375 0.1375 0.3734375
3 0.90078125 0.9359375 0.1765625 0.075
2 0.68125 0.83125 0.078125 0.228125
2 0.66015625 0.6140625 0.0734375 0.178125
2 0.62578125 0.42109375 0.0578125 0.1359375
2 0.0375 0.37421875 0.0625 0.0609375
2 0.08359375 0.3125 0.0609375 0.06875
2 0.13828125 0.234375 0.0328125 0.05625
2 0.17734375 0.17890625 0.0546875 0.0609375
2 0.2171875 0.11953125 0.040625 0.0578125
2 0.253125 0.053125 0.053125 0.075
