3 0.71015625 0.2375 0.1640625 0.06875
2 0.19296875 0.5546875 0.1234375 0.2
2 0.11953125 0.83046875 0.0828125 0.1859375
2 0.4109375 0.11171875 0.0875 0.1890625
2 0.3078125 0.553125 0.075 0.275
2 0.2078125 0.85390625 0.115625 0.2765625
2 0.72265625 0.825 0.0671875 0.246875
2 0.60546875 0.1015625 0.0671875 0.171875
3 0.50078125 0.25703125 0.2234375 0.0609375
3 0.25078125 0.25078125 0.2078125 0.0421875
3 0.23515625 0.32421875 0.2390625 0.0765625
2 0.6625 0.38828125 0.078125 0.1578125
2 0.6875 0.5953125 0.090625 0.178125
