3 0.18828125 0.38359375 0.2859375 0.1390625
2 0.3625 0.3828125 0.08125 0.159375
2 0.41640625 0.1515625 0.0890625 0.259375
2 0.27265625 0.740625 0.1296875 0.45625
2 0.684375 0.6109375 0.053125 0.159375
2 0.71328125 0.7671875 0.0515625 0.115625
2 0.75234375 0.88828125 0.0578125 0.1140625
2 0.6578125 0.37734375 0.05625 0.2234375
2 0.62421875 0.17265625 0.0484375 0.1296875
2 0.03203125 0.43046875 0.0515625 0.0796875
2 0.12734375 0.29140625 0.0546875 0.0640625
2 0.1765625 0.20625 0.0375 0.06875
2 0.23359375 0.1359375 0.0546875 0.05625
2 0.265625 0.0671875 0.040625 0.05
