1 0.14140625 0.50078125 0.2421875 0.2828125
1 0.24765625 0.2390625 0.1953125 0.2
3 0.334375 0.79140625 0.59375 0.1109375
3 0.80625 0.63515625 0.30625 0.0421875
2 0.2875 0.57890625 0.1 0.2953125
2 0.35859375 0.25078125 0.1015625 0.3265625
2 0.225 0.7078125 0.059375 0.1125
2 0.1515625 0.928125 0.059375 0.103125
2 0.04453125 0.35546875 0.0578125 0.0765625
2 0.10234375 0.2953125 0.0484375 0.071875
2 0.14765625 0.20859375 0.0421875 0.0703125
2 0.196875 0.15078125 0.059375 0.0921875
2 0.25 0.0703125 0.065625 0.071875
0 0.68046875 0.884375 0.0734375 0.140625
0 0.65234375 0.71953125 0.0734375 0.1609375
0 0.64140625 0.53984375 0.0546875 0.1453125
0 0.62890625 0.37109375 0.0703125 0.1171875
