3 0.790625 0.48515625 0.1625 0.0671875
3 0.4671875 0.46640625 0.36875 0.0671875
3 0.1546875 0.55703125 0.303125 0.0984375
1 0.20546875 0.28671875 0.2109375 0.1484375
2 0.1953125 0.7703125 0.1375 0.3625
2 0.35625 0.2625 0.0875 0.284375
3 0.490625 0.34140625 0.134375 0.0703125
1 0.13046875 0.43359375 0.1578125 0.0765625
2 0.6578125 0.65625 0.05 0.125
2 0.6765625 0.853125 0.06875 0.259375
3 0.65390625 0.04921875 0.1015625 0.0234375
3 0.50078125 0.0546875 0.1421875 0.028125
3 0.33046875 0.06875 0.1609375 0.04375
3 0.715625 0.37265625 0.15625 0.0578125
