3 0.76484375 0.28984375 0.1453125 0.0578125
3 0.3984375 0.08984375 0.353125 0.0796875
1 0.1828125 0.5140625 0.215625 0.26875
2 0.36171875 0.41171875 0.1109375 0.4203125
2 0.26953125 0.80859375 0.0515625 0.2484375
2 0.75078125 0.44140625 0.0859375 0.2078125
2 0.115625 0.328125 0.06875 0.08125
2 0.040625 0.44375 0.05625 0.09375
0 0.72265625 0.63359375 0.0859375 0.1203125
0 0.746875 0.76015625 0.128125 0.0859375
0 0.78203125 0.9125 0.1109375 0.140625
0 0.68359375 0.1546875 0.0640625 0.13125
0 0.61015625 0.09140625 0.0609375 0.0890625
