3 0.80078125 0.4625 0.2171875 0.059375
2 0.3765625 0.19375 0.125 0.353125
2 0.328125 0.46484375 0.084375 0.1640625
2 0.21796875 0.84296875 0.0734375 0.2484375
1 0.090625 0.88046875 0.121875 0.1421875
0 0.74609375 0.7890625 0.1328125 0.18125
0 0.6515625 0.3296875 0.09375 0.159375
3 0.49140625 0.56171875 0.2890625 0.0765625
3 0.13828125 0.6296875 0.2453125 0.0375
2 0.0546875 0.3578125 0.0875 0.121875
2 0.128125 0.25703125 0.06875 0.0859375
2 0.1875 0.16015625 0.040625 0.0546875
2 0.2421875 0.090625 0.05625 0.090625
