3 0.22890625 0.39296875 0.3140625 0.2203125
1 0.1515625 0.67734375 0.215625 0.2515625
2 0.41328125 0.2078125 0.0671875 0.225
2 0.32734375 0.6140625 0.0765625 0.25
2 0.0953125 0.915625 0.090625 0.096875
2 0.80859375 0.4984375 0.0671875 0.165625
2 0.8640625 0.6890625 0.10625 0.14375
2 0.90078125 0.84296875 0.0828125 0.1140625
2 0.73828125 0.290625 0.0703125 0.196875
2 0.684375 0.09765625 0.034375 0.0578125
2 0.684375 0.53828125 0.059375 0.1671875
2 0.70078125 0.70390625 0.0546875 0.1234375
2 0.7515625 0.88359375 0.065625 0.1546875
2 0.26875 0.8984375 0.10625 0.140625
0 0.75234375 0.5234375 0.0515625 0.190625
0 0.65703125 0.3171875 0.0546875 0.18125
