1 0.15078125 0.4015625 0.2890625 0.153125
1 0.121875 0.60703125 0.234375 0.2390625
2 0.39921875 0.12421875 0.0890625 0.2203125
2 0.30234375 0.4640625 0.0984375 0.290625
2 0.19296875 0.790625 0.1140625 0.33125
2 0.7078125 0.6265625 0.175 0.240625
2 0.68828125 0.87109375 0.0609375 0.1921875
2 0.628125 0.40859375 0.04375 0.1328125
3 0.690625 0.21875 0.18125 0.046875
3 0.4734375 0.24921875 0.215625 0.0703125
3 0.23515625 0.28359375 0.2234375 0.0515625
2 0.08515625 0.290625 0.0453125 0.05
2 0.03203125 0.36171875 0.0515625 0.0546875
2 0.1515625 0.215625 0.05625 0.071875
2 0.19921875 0.14375 0.0484375 0.04375
