1 0.2671875 0.2765625 0.25 0.153125
1 0.1203125 0.565625 0.190625 0.375
1 0.34609375 0.10078125 0.1015625 0.1328125
2 0.31796875 0.51171875 0.0734375 0.2671875
2 0.25390625 0.83203125 0.0640625 0.2765625
2 0.41328125 0.1390625 0.0640625 0.246875
3 0.740625 0.31015625 0.15 0.0359375
3 0.659375 0.0671875 0.103125 0.065625
2 0.6390625 0.2015625 0.0875 0.15
2 0.6734375 0.43515625 0.075 0.2046875
2 0.7265625 0.68984375 0.10625 0.2484375
2 0.76640625 0.89453125 0.1453125 0.1265625
3 0.4875 0.2875 0.159375 0.10625
