1 0.13125 0.49921875 0.1875 0.2078125
1 0.090625 0.7734375 0.153125 0.296875
1 0.240625 0.2359375 0.234375 0.175
1 0.33046875 0.08984375 0.1359375 0.1109375
1 0.79921875 0.540625 0.2546875 0.334375
1 0.6515625 0.1921875 0.06875 0.128125
2 0.346875 0.3046875 0.11875 0.25
2 0.23828125 0.64453125 0.1171875 0.3234375
0 0.78359375 0.7640625 0.1515625 0.090625
0 0.640625 0.6 0.040625 0.271875
0 0.68203125 0.86328125 0.1078125 0.2140625
2 0.08984375 0.2875 0.0421875 0.046875
2 0.0390625 0.34765625 0.053125 0.0609375
2 0.14921875 0.19765625 0.0453125 0.0546875
2 0.2109375 0.12578125 0.046875 0.0546875
2 0.26328125 0.046875 0.0546875 0.065625
0 0.6171875 0.321875 0.06875 0.190625
