3 0.79140625 0.57890625 0.2078125 0.1203125
3 0.76171875 0.38828125 0.1328125 0.0609375
1 0.146875 0.440625 0.24375 0.215625
1 0.11328125 0.70234375 0.2046875 0.2765625
2 0.29375 0.51640625 0.14375 0.3828125
2 0.18203125 0.85625 0.1265625 0.21875
2 0.4046875 0.128125 0.05 0.178125
0 0.6921875 0.70859375 0.1125 0.1703125
0 0.7203125 0.853125 0.11875 0.11875
0 0.64765625 0.4390625 0.0765625 0.21875
3 0.490625 0.23515625 0.228125 0.0734375
3 0.2671875 0.2015625 0.171875 0.05625
3 0.2359375 0.2671875 0.215625 0.053125
2 0.11640625 0.25 0.0515625 0.071875
2 0.1703125 0.1703125 0.05 0.059375
2 0.22734375 0.1 0.0578125 0.065625
2 0.2734375 0.03515625 0.040625 0.0515625
2 0.04765625 0.35 0.0609375 0.06875
