1 0.2015625 0.35390625 0.26875 0.1734375
1 0.13515625 0.59921875 0.2609375 0.2765625
3 0.39140625 0.16015625 0.4484375 0.0703125
3 0.484375 0.26953125 0.190625 0.0515625
2 0.38515625 0.26484375 0.0484375 0.0984375
2 0.421875 0.0953125 0.059375 0.178125
2 0.6796875 0.63984375 0.053125 0.3203125
2 0.34453125 0.4109375 0.0546875 0.146875
2 0.28828125 0.61171875 0.0640625 0.2046875
2 0.2265625 0.86015625 0.084375 0.2296875
2 0.7203125 0.878125 0.053125 0.125
2 0.6390625 0.3359375 0.05625 0.134375
2 0.17421875 0.2046875 0.0671875 0.06875
