1 0.1375 0.5671875 0.2625 0.340625
1 0.24140625 0.28984375 0.2984375 0.2609375
1 0.315625 0.11015625 0.190625 0.1453125
1 0.42421875 0.84140625 0.2578125 0.2109375
2 0.29609375 0.60078125 0.0890625 0.2734375
2 0.22734375 0.8671875 0.0890625 0.225
2 0.3984375 0.23203125 0.090625 0.3859375
3 0.69375 0.1203125 0.121875 0.053125
2 0.63828125 0.21640625 0.1546875 0.1734375
2 0.68828125 0.43984375 0.0859375 0.2109375
2 0.7453125 0.6875 0.165625 0.2125
2 0.76640625 0.89765625 0.1609375 0.0859375
3 0.06484375 0.8234375 0.0890625 0.075
