3 0.68203125 0.18046875 0.1609375 0.0484375
1 0.1625 0.3546875 0.296875 0.26875
2 0.32421875 0.43125 0.0953125 0.25
2 0.4109375 0.13046875 0.10625 0.2296875
2 0.2203125 0.78359375 0.1 0.2671875
3 0.50390625 0.3921875 0.2296875 0.059375
0 0.69375 0.69375 0.065625 0.14375
0 0.71953125 0.8625 0.0734375 0.159375
0 0.65234375 0.44453125 0.0546875 0.1234375
0 0.63515625 0.29140625 0.0578125 0.1359375
3 0.81171875 0.51875 0.2484375 0.04375
3 0.5015625 0.53359375 0.265625 0.0671875
3 0.14375 0.60078125 0.25 0.0515625
