3 0.13671875 0.47890625 0.2046875 0.0640625
1 0.2296875 0.32265625 0.225 0.1765625
2 0.159375 0.74140625 0.184375 0.4265625
2 0.40390625 0.2125 0.0796875 0.246875
2 0.32265625 0.57265625 0.1046875 0.3859375
2 0.2515625 0.8828125 0.071875 0.175
2 0.74375 0.85 0.0625 0.196875
2 0.69453125 0.6515625 0.0546875 0.25
2 0.7015625 0.20625 0.078125 0.140625
2 0.74453125 0.35390625 0.0921875 0.1296875
2 0.79609375 0.49296875 0.1390625 0.1328125
2 0.93671875 0.89609375 0.0765625 0.0953125
0 0.66484375 0.3765625 0.0921875 0.121875
