1 0.09609375 0.77421875 0.1515625 0.3171875
1 0.14921875 0.4078125 0.2640625 0.340625
1 0.29765625 0.15 0.1953125 0.14375
1 0.3671875 0.03984375 0.140625 0.0640625
2 0.3390625 0.39296875 0.125 0.4171875
2 0.21875 0.78515625 0.11875 0.3484375
2 0.42734375 0.096875 0.0578125 0.190625
3 0.84296875 0.69765625 0.2453125 0.1453125
2 0.7015625 0.72578125 0.1 0.1984375
2 0.6625 0.4609375 0.084375 0.13125
2 0.62421875 0.2125 0.0984375 0.171875
2 0.6125 0.07890625 0.1 0.1203125
3 0.45546875 0.809375 0.2890625 0.153125
