1 0.1390625 0.54609375 0.25 0.2640625
1 0.35546875 0.07734375 0.1421875 0.1078125
3 0.21875 0.3703125 0.278125 0.103125
3 0.7953125 0.4140625 0.221875 0.084375
3 0.29921875 0.1828125 0.3859375 0.1
3 0.36328125 0.271875 0.3828125 0.05625
2 0.2640625 0.68046875 0.140625 0.4609375
2 0.3578125 0.3046875 0.0625 0.178125
2 0.43203125 0.08515625 0.0578125 0.1390625
2 0.7 0.771875 0.103125 0.45625
2 0.65 0.4296875 0.05 0.175
2 0.1078125 0.2828125 0.053125 0.059375
2 0.0515625 0.36640625 0.059375 0.0765625
