3 0.75546875 0.475 0.1953125 0.10625
1 0.1984375 0.30546875 0.25 0.2109375
2 0.128125 0.66875 0.203125 0.428125
2 0.34375 0.32890625 0.11875 0.3203125
2 0.21484375 0.7625 0.1359375 0.39375
3 0.4875 0.078125 0.14375 0.0625
3 0.29140625 0.0984375 0.1734375 0.05625
3 0.45390625 0.15390625 0.2203125 0.0703125
2 0.6921875 0.87265625 0.05 0.1890625
2 0.65234375 0.66171875 0.0578125 0.1796875
2 0.63359375 0.47421875 0.0421875 0.1859375
2 0.12265625 0.2359375 0.0453125 0.071875
2 0.18828125 0.14375 0.0609375 0.084375
2 0.253125 0.04765625 0.0625 0.0703125
