2 0.28359375 0.6875 0.1171875 0.4125
2 0.64609375 0.3 0.0546875 0.1375
2 0.68046875 0.47734375 0.0484375 0.1640625
2 0.7171875 0.6859375 0.053125 0.184375
2 0.7515625 0.90390625 0.075 0.1515625
3 0.51328125 0.14140625 0.1734375 0.0546875
3 0.3109375 0.16015625 0.2 0.0546875
3 0.35625 0.09375 0.165625 0.03125
3 0.53046875 0.075 0.1390625 0.03125
3 0.6859375 0.0890625 0.084375 0.034375
2 0.378125 0.33359375 0.0875 0.2421875
1 0.12109375 0.659375 0.2203125 0.246875
1 0.19375 0.425 0.26875 0.2
1 0.27109375 0.25859375 0.2015625 0.1015625
