1 0.14921875 0.51796875 0.2546875 0.2765625
1 0.30078125 0.16328125 0.1265625 0.1390625
2 0.41171875 0.1421875 0.1078125 0.21875
2 0.32890625 0.49765625 0.0515625 0.1859375
2 0.234375 0.7625 0.1125 0.290625
3 0.721875 0.26953125 0.21875 0.0609375
3 0.2453125 0.3015625 0.290625 0.090625
3 0.078125 0.8890625 0.146875 0.15
2 0.6625 0.40390625 0.071875 0.1640625
2 0.69453125 0.584375 0.0984375 0.15625
2 0.7234375 0.75234375 0.1125 0.1453125
2 0.7453125 0.8953125 0.128125 0.13125
2 0.16171875 0.20546875 0.1046875 0.1203125
2 0.04921875 0.36796875 0.0859375 0.1390625
