3 0.8140625 0.45625 0.165625 0.0875
3 0.66953125 0.1375 0.1484375 0.046875
2 0.121875 0.71484375 0.178125 0.3640625
2 0.2921875 0.21015625 0.096875 0.2359375
2 0.20625 0.76640625 0.140625 0.3796875
2 0.33671875 0.30078125 0.0671875 0.2015625
2 0.41015625 0.1 0.0796875 0.165625
3 0.14140625 0.465625 0.2671875 0.075
3 0.47578125 0.425 0.3140625 0.04375
2 0.68359375 0.86171875 0.0640625 0.2078125
2 0.6421875 0.61015625 0.053125 0.2203125
2 0.60703125 0.29296875 0.0515625 0.1546875
2 0.2046875 0.121875 0.04375 0.071875
2 0.1421875 0.21328125 0.065625 0.0796875
2 0.06015625 0.32578125 0.0890625 0.1171875
