3 0.81640625 0.3453125 0.1046875 0.040625
3 0.7546875 0.2359375 0.09375 0.053125
1 0.1421875 0.64375 0.246875 0.375
2 0.37109375 0.296875 0.0734375 0.21875
2 0.2921875 0.5859375 0.084375 0.303125
0 0.67890625 0.353125 0.1421875 0.271875
0 0.740625 0.67890625 0.26875 0.3359375
0 0.7703125 0.93046875 0.134375 0.1171875
3 0.340625 0.078125 0.146875 0.025
3 0.32421875 0.11953125 0.1921875 0.0265625
3 0.5140625 0.11484375 0.159375 0.0359375
3 0.4953125 0.0625 0.121875 0.025
2 0.225 0.8703125 0.09375 0.203125
