3 0.8484375 0.77890625 0.203125 0.0984375
1 0.12421875 0.50703125 0.2015625 0.3046875
1 0.25 0.2328125 0.1625 0.190625
2 0.38125 0.20625 0.0875 0.20625
2 0.29140625 0.5171875 0.1046875 0.265625
0 0.6734375 0.48984375 0.128125 0.1640625
0 0.68828125 0.6703125 0.1140625 0.159375
0 0.71015625 0.86328125 0.1296875 0.2046875
0 0.63828125 0.2640625 0.0828125 0.1625
3 0.1125 0.71171875 0.221875 0.0609375
3 0.42578125 0.7625 0.3890625 0.084375
3 0.09375 0.83984375 0.15625 0.0796875
2 0.1015625 0.29296875 0.08125 0.0921875
2 0.1671875 0.17265625 0.06875 0.1078125
2 0.22890625 0.09453125 0.0484375 0.0703125
