3 0.78203125 0.41328125 0.1953125 0.0609375
1 0.284375 0.11171875 0.253125 0.2046875
1 0.18125 0.3671875 0.278125 0.253125
1 0.11015625 0.7390625 0.2078125 0.4125
3 0.41015625 0.10546875 0.3890625 0.0734375
2 0.32890625 0.47109375 0.1140625 0.3640625
1 0.39453125 0.8234375 0.2265625 0.20625
1 0.85546875 0.65234375 0.2046875 0.2984375
1 0.92265625 0.88125 0.1359375 0.134375
3 0.784375 0.28671875 0.134375 0.0765625
1 0.06796875 0.2 0.1140625 0.125
2 0.23359375 0.828125 0.0953125 0.284375
1 0.6890625 0.10859375 0.11875 0.1109375
