3 0.23125 0.2796875 0.328125 0.08125
3 0.18984375 0.49296875 0.2515625 0.0796875
1 0.29921875 0.13515625 0.1296875 0.1515625
2 0.33515625 0.40625 0.0671875 0.175
2 0.234375 0.7640625 0.159375 0.4
2 0.41640625 0.11953125 0.0953125 0.2359375
3 0.72734375 0.27421875 0.1640625 0.0703125
3 0.08046875 0.9 0.1359375 0.11875
2 0.65703125 0.41796875 0.0953125 0.1453125
2 0.690625 0.5765625 0.090625 0.16875
2 0.734375 0.78359375 0.0875 0.1953125
2 0.75703125 0.93671875 0.0953125 0.0828125
2 0.05625 0.38203125 0.075 0.1265625
2 0.18359375 0.1984375 0.0578125 0.0875
2 0.24765625 0.1078125 0.0609375 0.06875
2 0.05078125 0.62734375 0.0578125 0.1484375
