3 0.17890625 0.53359375 0.3296875 0.1078125
1 0.31875 0.15078125 0.140625 0.2171875
2 0.23671875 0.76328125 0.1546875 0.3640625
2 0.4125 0.15546875 0.109375 0.2828125
3 0.76484375 0.3609375 0.1828125 0.06875
3 0.47890625 0.41640625 0.2515625 0.1015625
3 0.165625 0.43046875 0.1875 0.0828125
3 0.5359375 0.3265625 0.171875 0.028125
2 0.7453125 0.925 0.065625 0.1375
2 0.6296875 0.31640625 0.04375 0.1203125
2 0.20625 0.1515625 0.071875 0.08125
2 0.14453125 0.24296875 0.0546875 0.0890625
2 0.06953125 0.36484375 0.0859375 0.1171875
0 0.62421875 0.15390625 0.0609375 0.1515625
2 0.35234375 0.36796875 0.0296875 0.0984375
2 0.321875 0.484375 0.03125 0.115625
0 0.72265625 0.69765625 0.0859375 0.1609375
