1 0.17734375 0.40234375 0.2484375 0.2046875
1 0.09453125 0.696875 0.1359375 0.359375
1 0.30546875 0.1234375 0.1171875 0.178125
2 0.30078125 0.45703125 0.1171875 0.2953125
2 0.1984375 0.7859375 0.1 0.3375
2 0.40625 0.1171875 0.075 0.221875
2 0.6984375 0.621875 0.153125 0.28125
2 0.68359375 0.88671875 0.0640625 0.1921875
2 0.6203125 0.36640625 0.053125 0.1828125
2 0.60234375 0.10859375 0.0484375 0.1171875
3 0.69765625 0.19921875 0.1703125 0.0484375
3 0.4796875 0.24453125 0.203125 0.0671875
3 0.2515625 0.2328125 0.1875 0.05625
2 0.0328125 0.3859375 0.053125 0.071875
2 0.0796875 0.31953125 0.04375 0.0828125
2 0.11015625 0.25 0.0390625 0.078125
