3 0.190625 0.3984375 0.2625 0.09375
3 0.765625 0.38828125 0.21875 0.0546875
1 0.11640625 0.603125 0.2328125 0.309375
1 0.321875 0.10390625 0.16875 0.1421875
1 0.2625 0.2703125 0.175 0.153125
2 0.27578125 0.63828125 0.1203125 0.3546875
2 0.38203125 0.246875 0.0859375 0.16875
2 0.43046875 0.0796875 0.0703125 0.140625
1 0.07265625 0.871875 0.1359375 0.18125
0 0.640625 0.26171875 0.0875 0.1703125
0 0.6828125 0.484375 0.09375 0.159375
0 0.72109375 0.66015625 0.1578125 0.1390625
0 0.7484375 0.8625 0.134375 0.234375
0 0.6125 0.06171875 0.071875 0.1078125
3 0.5015625 0.3265625 0.20625 0.053125
2 0.20546875 0.89609375 0.0609375 0.1671875
