3 0.7234375 0.215625 0.178125 0.071875
2 0.2171875 0.509375 0.065625 0.184375
2 0.11484375 0.79296875 0.1328125 0.2796875
2 0.3109375 0.52265625 0.09375 0.2140625
2 0.2296875 0.8234375 0.134375 0.325
2 0.41640625 0.14140625 0.1078125 0.2109375
2 0.59453125 0.10234375 0.0546875 0.1421875
2 0.6734375 0.52578125 0.05625 0.2203125
2 0.71484375 0.8203125 0.0671875 0.2625
3 0.49921875 0.259375 0.2265625 0.078125
3 0.2640625 0.2609375 0.215625 0.053125
3 0.22734375 0.32734375 0.2328125 0.0890625
2 0.6625 0.3359375 0.071875 0.11875
