1 0.1859375 0.3890625 0.2375 0.2125
1 0.27890625 0.2046875 0.1484375 0.196875
1 0.3421875 0.0375 0.121875 0.0625
3 0.49375 0.41640625 0.278125 0.0921875
3 0.16171875 0.61015625 0.2453125 0.0796875
2 0.3921875 0.20703125 0.090625 0.3140625
2 0.3109375 0.5 0.053125 0.190625
2 0.23671875 0.81484375 0.1078125 0.2953125
2 0.69375 0.7390625 0.103125 0.521875
3 0.87109375 0.7796875 0.2046875 0.146875
2 0.6375 0.3703125 0.034375 0.109375
2 0.0828125 0.31796875 0.046875 0.0859375
2 0.02578125 0.40703125 0.0515625 0.0765625
