1 0.203125 0.35390625 0.209375 0.2046875
1 0.1265625 0.540625 0.24375 0.13125
1 0.078125 0.753125 0.15 0.271875
3 0.4359375 0.87265625 0.390625 0.1359375
2 0.37890625 0.2125 0.1296875 0.315625
2 0.246875 0.64296875 0.128125 0.3484375
3 0.83203125 0.71640625 0.2640625 0.1546875
2 0.13828125 0.94140625 0.0796875 0.0984375
2 0.65546875 0.6203125 0.0765625 0.2375
2 0.27265625 0.0453125 0.0421875 0.065625
2 0.21640625 0.12265625 0.0671875 0.0640625
2 0.1546875 0.203125 0.05625 0.078125
2 0.09296875 0.29609375 0.0453125 0.0609375
2 0.04296875 0.37265625 0.0546875 0.0640625
