3 0.484375 0.93046875 0.48125 0.1046875
3 0.86015625 0.75234375 0.2578125 0.1171875
2 0.3984375 0.18828125 0.10625 0.2515625
2 0.2859375 0.60859375 0.140625 0.4390625
1 0.209375 0.2625 0.190625 0.290625
3 0.10859375 0.85703125 0.1734375 0.1078125
2 0.68671875 0.55703125 0.0984375 0.2453125
2 0.734375 0.83359375 0.0625 0.1421875
2 0.27890625 0.03984375 0.0203125 0.0328125
2 0.25625 0.07890625 0.021875 0.0328125
2 0.2078125 0.13203125 0.028125 0.0390625
2 0.171875 0.18125 0.040625 0.046875
2 0.134375 0.25234375 0.034375 0.0453125
2 0.090625 0.3078125 0.040625 0.046875
2 0.040625 0.40078125 0.05625 0.0828125
