3 0.7828125 0.37421875 0.19375 0.0953125
3 0.178125 0.43046875 0.28125 0.0671875
1 0.15078125 0.62421875 0.2578125 0.2515625
2 0.4046875 0.25390625 0.078125 0.2984375
2 0.29296875 0.69453125 0.0921875 0.3796875
0 0.646875 0.24765625 0.05625 0.2109375
1 0.2703125 0.28984375 0.18125 0.2296875
0 0.70390625 0.47265625 0.0984375 0.1546875
0 0.76015625 0.6859375 0.1546875 0.265625
0 0.82421875 0.9125 0.1546875 0.1625
2 0.10625 0.3171875 0.078125 0.096875
2 0.0359375 0.440625 0.040625 0.096875
2 0.17890625 0.22265625 0.0765625 0.0859375
2 0.25390625 0.11171875 0.0546875 0.0640625
2 0.23203125 0.9453125 0.0609375 0.078125
