1 0.13671875 0.48671875 0.2390625 0.2578125
3 0.353125 0.7703125 0.6625 0.0875
2 0.40234375 0.11328125 0.0734375 0.2234375
2 0.31875 0.42265625 0.090625 0.3484375
2 0.25390625 0.6828125 0.0390625 0.11875
3 0.8328125 0.6359375 0.246875 0.128125
2 0.64609375 0.57734375 0.0671875 0.2078125
2 0.65078125 0.340625 0.1015625 0.221875
2 0.6140625 0.153125 0.08125 0.10625
2 0.17109375 0.8859375 0.1046875 0.16875
2 0.69921875 0.88046875 0.0484375 0.1703125
2 0.0890625 0.31953125 0.0625 0.0609375
2 0.13828125 0.26015625 0.0515625 0.0671875
2 0.1828125 0.1875 0.0625 0.04375
