1 0.18828125 0.3625 0.2328125 0.190625
2 0.21875 0.7015625 0.09375 0.1875
1 0.07734375 0.815625 0.1421875 0.296875
2 0.3953125 0.178125 0.071875 0.15625
0 0.6875 0.3765625 0.146875 0.18125
1 0.79296875 0.59140625 0.1703125 0.1921875
2 0.67890625 0.73359375 0.0640625 0.1390625
2 0.68046875 0.90234375 0.0703125 0.1796875
3 0.49140625 0.49609375 0.2390625 0.0453125
3 0.153125 0.5671875 0.3 0.053125
2 0.23359375 0.10625 0.0515625 0.059375
2 0.16328125 0.196875 0.0640625 0.08125
2 0.1 0.28125 0.05625 0.065625
2 0.0421875 0.36875 0.053125 0.078125
