1 0.084375 0.7734375 0.140625 0.321875
2 0.284375 0.53125 0.153125 0.39375
2 0.16953125 0.85859375 0.0765625 0.2171875
2 0.41328125 0.10859375 0.0640625 0.1734375
2 0.6734375 0.64609375 0.075 0.2390625
2 0.69921875 0.88671875 0.0671875 0.1984375
3 0.70390625 0.21953125 0.1453125 0.0421875
3 0.48828125 0.2640625 0.2109375 0.053125
3 0.521875 0.184375 0.16875 0.046875
3 0.25 0.2640625 0.228125 0.053125
3 0.3203125 0.1921875 0.090625 0.03125
2 0.1 0.29375 0.05 0.059375
2 0.04375 0.3765625 0.06875 0.096875
2 0.15625 0.2 0.053125 0.053125
2 0.21953125 0.115625 0.0796875 0.071875
2 0.27890625 0.03515625 0.0578125 0.0453125
