2 0.296875 0.4765625 0.134375 0.434375
2 0.4125 0.13125 0.075 0.109375
3 0.7125 0.21875 0.121875 0.046875
1 0.090625 0.71953125 0.153125 0.3390625
2 0.62578125 0.37734375 0.0734375 0.2046875
0 0.78515625 0.8734375 0.1609375 0.215625
3 0.496875 0.22265625 0.2125 0.0703125
3 0.27734375 0.19609375 0.1640625 0.0796875
2 0.05625 0.33671875 0.0625 0.0515625
2 0.10625 0.26640625 0.04375 0.0484375
2 0.15625 0.20390625 0.040625 0.0671875
2 0.21484375 0.13125 0.0515625 0.071875
2 0.26953125 0.0546875 0.0484375 0.065625
