3 0.88125 0.8390625 0.146875 0.121875
3 0.734375 0.265625 0.165625 0.06875
1 0.30390625 0.109375 0.1296875 0.16875
1 0.1703125 0.32734375 0.20625 0.2296875
1 0.1125 0.59140625 0.221875 0.2640625
2 0.39375 0.21171875 0.084375 0.2484375
2 0.27265625 0.61484375 0.1140625 0.3578125
2 0.1484375 0.09375 0.115625 0.1375
2 0.03828125 0.23359375 0.0671875 0.1265625
2 0.184375 0.8890625 0.084375 0.1625
0 0.66171875 0.409375 0.0921875 0.15625
0 0.690625 0.57109375 0.109375 0.1578125
0 0.7109375 0.728125 0.121875 0.11875
0 0.7359375 0.88359375 0.1125 0.1484375
0 0.62109375 0.15390625 0.0859375 0.1234375
2 0.0328125 0.39609375 0.046875 0.0546875
2 0.109375 0.259375 0.06875 0.090625
2 0.18828125 0.146875 0.0859375 0.08125
