3 0.67109375 0.090625 0.1234375 0.04375
3 0.81640625 0.55390625 0.1296875 0.0484375
1 0.25 0.28046875 0.203125 0.2734375
1 0.14140625 0.5546875 0.2390625 0.2375
1 0.125 0.8109375 0.11875 0.1875
2 0.3671875 0.2890625 0.078125 0.3
2 0.2890625 0.59453125 0.078125 0.2421875
0 0.65234375 0.23046875 0.0921875 0.1828125
0 0.68359375 0.42578125 0.0953125 0.1765625
0 0.69765625 0.596875 0.1296875 0.140625
0 0.7078125 0.7671875 0.125 0.140625
0 0.7609375 0.92265625 0.128125 0.1328125
3 0.51484375 0.09296875 0.1578125 0.0328125
3 0.32890625 0.10390625 0.1703125 0.0296875
2 0.2125 0.85390625 0.084375 0.2421875
2 0.43359375 0.034375 0.0296875 0.06875
