3 0.33984375 0.13515625 0.2203125 0.0578125
1 0.109375 0.7390625 0.2 0.259375
2 0.3984375 0.2265625 0.046875 0.159375
2 0.2734375 0.746875 0.15625 0.45
3 0.84453125 0.521875 0.1890625 0.053125
3 0.8953125 0.6609375 0.165625 0.0625
0 0.7984375 0.8390625 0.178125 0.240625
0 0.72265625 0.58203125 0.1015625 0.1703125
0 0.69296875 0.38125 0.1390625 0.159375
0 0.65234375 0.23203125 0.0796875 0.1046875
3 0.2421875 0.30390625 0.246875 0.0578125
3 0.184375 0.43828125 0.29375 0.0765625
2 0.3578125 0.4109375 0.06875 0.159375
2 0.440625 0.05859375 0.046875 0.1171875
