3 0.86875 0.8203125 0.15 0.221875
3 0.42890625 0.11640625 0.3046875 0.0578125
1 0.22421875 0.29296875 0.2296875 0.1609375
1 0.16328125 0.5015625 0.2546875 0.190625
2 0.25390625 0.678125 0.1671875 0.45625
2 0.35078125 0.315625 0.1265625 0.29375
0 0.703125 0.50390625 0.16875 0.2234375
0 0.73046875 0.753125 0.1515625 0.190625
0 0.628125 0.26640625 0.084375 0.1609375
0 0.61640625 0.07421875 0.0953125 0.1171875
2 0.240625 0.1 0.065625 0.103125
2 0.1734375 0.1875 0.04375 0.05
2 0.11328125 0.278125 0.0703125 0.096875
2 0.0390625 0.38125 0.046875 0.06875
2 0.059375 0.1984375 0.065625 0.084375
2 0.153125 0.09453125 0.078125 0.0890625
