     0/199     20.1G   0.09527    0.1063   0.06413    0.2657       119       640 3.804e-05   0.01039 4.144e-06 5.403e-07    0.0866   0.07506   0.06188
     1/199       20G    0.0916    0.1089   0.05797    0.2585       151       640 3.068e-05  0.008379  3.22e-06  4.12e-07   0.08647   0.07532   0.05938
     2/199       20G   0.09102    0.1097   0.05558    0.2563       105       640 3.497e-05  0.009553 5.054e-06 6.515e-07    0.0862   0.07594   0.05822
     3/199       20G   0.08922    0.1091   0.05432    0.2526       152       640  0.002547   0.01699 0.0004853 8.778e-05   0.08271   0.07688    0.0568
     4/199       20G   0.08194    0.1114   0.04802    0.2414       125       640    0.3551   0.09097   0.01364  0.002566   0.07624   0.07792   0.05478
     5/199       20G   0.07561    0.1093   0.03882    0.2238       134       640    0.1773    0.1131   0.02689  0.005552   0.06997   0.08458   0.05207
     6/199       20G   0.07016    0.1048   0.02951    0.2044       108       640    0.1038     0.245   0.09022   0.01986   0.06457   0.07571    0.0362
     7/199       20G   0.06688    0.1024   0.02391    0.1932        99       640   0.08535    0.2411   0.06551   0.01379   0.06568   0.07326   0.04716
     8/199       20G   0.06472    0.1006   0.02049    0.1858       120       640    0.1074    0.2168    0.0851   0.02013   0.06259   0.07946   0.03587
     9/199       20G   0.06263   0.09828   0.01824    0.1792       131       640    0.1279    0.2658    0.0968   0.02351   0.06134   0.07713   0.03561
    10/199       20G   0.06174   0.09812   0.01647    0.1763       140       640    0.1603    0.2786    0.1137   0.02787   0.06028   0.07345   0.04113
    11/199       20G    0.0603   0.09826   0.01572    0.1743       109       640    0.1743    0.2733    0.1347   0.03531   0.06016   0.07568   0.03426
    12/199       20G   0.05921   0.09794   0.01495    0.1721       101       640     0.143    0.2642   0.08248    0.0203   0.06404   0.07768   0.05141
    13/199       20G   0.05854   0.09711   0.01437      0.17       130       640    0.1873    0.2394    0.1296   0.02992   0.06384   0.07966   0.03531
    14/199       20G   0.05757   0.09781   0.01341    0.1688       107       640    0.2331    0.2659    0.1413   0.03706   0.06111   0.07417   0.04319
    15/199       20G   0.05664   0.09911   0.01254    0.1683        96       640    0.2413    0.2832    0.1823   0.04879   0.05691   0.07306   0.03057
    16/199       20G   0.05654   0.09755   0.01241    0.1665        71       640    0.1878    0.3146    0.1457   0.03855   0.05919   0.07319   0.03269
    17/199       20G   0.05591   0.09567   0.01189    0.1635        91       640    0.2346     0.346    0.2098   0.05708   0.05658    0.0716   0.02225
    18/199       20G   0.05544   0.09591   0.01176    0.1631       143       640    0.3215    0.2288    0.1875   0.04766   0.05792   0.07127   0.03941
    19/199       20G   0.05511   0.09919   0.01126    0.1656       209       640    0.2002    0.2818    0.1269   0.03312   0.06182   0.07373   0.04307
    20/199       20G   0.05455   0.09666   0.01113    0.1623       134       640    0.2753    0.3078    0.2021   0.05429   0.05805   0.07161    0.0263
    21/199       20G   0.05436   0.09474   0.01067    0.1598        99       640    0.2257    0.3738    0.1875   0.04768   0.05766   0.07137   0.03411
    22/199       20G   0.05386   0.09408   0.01061    0.1586        87       640    0.2604     0.322    0.2091   0.05665   0.05687    0.0704   0.02673
    23/199       20G    0.0537   0.09476   0.01035    0.1588       127       640     0.273    0.3289    0.2371   0.06376   0.05514   0.07141   0.02967
    24/199       20G   0.05379   0.09436    0.0107    0.1589       112       640    0.2518    0.3258    0.1868   0.04995   0.05616   0.07194   0.03203
    25/199       20G   0.05351   0.09503   0.01005    0.1586       192       640    0.1692    0.4288    0.1796   0.04823   0.05688   0.07166   0.02968
    26/199       20G   0.05289    0.0946  0.009748    0.1572       118       640    0.2484    0.3279    0.2055   0.05511   0.05733    0.0711   0.02725
    27/199       20G   0.05314   0.09436   0.01025    0.1577        95       640    0.2946    0.3164    0.2223   0.06055   0.05439   0.07054   0.02918
    28/199       20G   0.05288   0.09481  0.009698    0.1574       118       640    0.2569    0.3202    0.2072   0.06023   0.05664   0.07274   0.02705
    29/199       20G   0.05252   0.09163  0.009604    0.1537       110       640    0.2629    0.3843    0.2215   0.06393   0.05545   0.07108   0.02696
    30/199       20G   0.05211   0.09461  0.009158    0.1559       140       640    0.2447     0.385    0.2223   0.06367   0.05668   0.07302    0.0236
    31/199       20G   0.05232   0.09408  0.009276    0.1557       198       640    0.2865    0.3299    0.2315   0.06398   0.05568   0.07174   0.03001
    32/199       20G   0.05218   0.09594  0.009109    0.1572       132       640    0.2521    0.3228    0.2189   0.06389   0.05459   0.07113   0.02554
    33/199       20G   0.05196   0.09301  0.008841    0.1538       120       640     0.258    0.3285     0.199   0.05642   0.05648   0.07364   0.02757
    34/199       20G   0.05176    0.0933  0.009082    0.1541       114       640    0.2748    0.3517    0.2396   0.06829   0.05551   0.07214    0.0257
    35/199       20G   0.05177   0.09182  0.008741    0.1523       122       640    0.2386     0.318    0.2068   0.06035   0.05502   0.07308   0.02817
    36/199       20G   0.05125   0.09227  0.008427    0.1519       129       640      0.38     0.347    0.2355   0.06878   0.05408   0.07108   0.02476
    37/199       20G   0.05146   0.09422  0.008427    0.1541       132       640    0.2549    0.2953    0.2115      0.06   0.05503   0.07108   0.02867
    38/199       20G   0.05139   0.09418   0.00865    0.1542       104       640    0.2311    0.2953    0.1819      0.05   0.05671   0.07456    0.0329
    39/199       20G   0.05071    0.0908  0.008143    0.1497        96       640     0.293    0.3658    0.2233   0.06184   0.05448   0.07118   0.03128
    40/199       20G   0.05122   0.09433  0.008248    0.1538       136       640    0.2318    0.3211    0.1947   0.05597   0.05692   0.07476   0.03221
    41/199       20G   0.05097   0.09232  0.008342    0.1516       114       640    0.2362    0.3376    0.2237   0.06506   0.05418    0.0723    0.0291
    42/199       20G   0.05089   0.09232  0.008335    0.1516        74       640    0.2365    0.2972    0.1899   0.05413   0.05566   0.07496    0.0354
    43/199       20G   0.05048   0.08941  0.008052    0.1479       127       640    0.2541    0.3863    0.2222   0.06458   0.05628     0.071   0.02527
    44/199       20G   0.05035   0.08937  0.007701    0.1474       103       640    0.2812    0.3271    0.2262   0.06602   0.05555   0.07372   0.02739
    45/199       20G    0.0504   0.09251   0.00774    0.1507       150       640    0.2974    0.3305    0.2277   0.06505   0.05496   0.07359   0.02984
    46/199       20G   0.05029   0.09138  0.007625    0.1493        88       640    0.2459    0.3175    0.2079   0.06017    0.0562   0.07313   0.02543
    47/199       20G   0.05002   0.09062  0.007768    0.1484       127       640    0.2472    0.3069    0.2061   0.05855   0.05614   0.07485   0.02912
    48/199       20G   0.04981   0.09075  0.007453     0.148       154       640    0.3838      0.31    0.2266   0.06471   0.05494   0.07368   0.02661
    49/199       20G   0.04975   0.09186  0.007275    0.1489       128       640     0.253    0.3416    0.2253    0.0653   0.05541   0.07383   0.02638
    50/199       20G   0.04962   0.09026   0.00699    0.1469        84       640    0.2655    0.3123    0.2171   0.06318   0.05517   0.07411   0.02749
    51/199       20G   0.04914   0.09011  0.006953    0.1462       113       640    0.3584    0.2782    0.1842   0.05181    0.0554   0.07453   0.03262
    52/199       20G   0.04935    0.0883  0.006895    0.1445       179       640    0.2547    0.2938    0.1947   0.05565   0.05518   0.07462    0.0286
    53/199       20G   0.04917   0.08982  0.006841    0.1458       101       640    0.2582    0.2834    0.1993   0.05635   0.05686    0.0765   0.03124
    54/199       20G   0.04902   0.08859  0.007339     0.145       107       640     0.242    0.2909    0.1942   0.05487   0.05544   0.07438   0.02983
    55/199       20G    0.0489   0.08818  0.006881     0.144       110       640    0.2304    0.3568    0.2051   0.05785   0.05532   0.07445   0.02689
    56/199       20G    0.0489   0.09056   0.00659    0.1461       141       640    0.2587    0.3206    0.2189   0.06387   0.05536   0.07515    0.0276
    57/199       20G   0.04853    0.0884  0.006701    0.1436       110       640    0.2779    0.2993     0.217    0.0631     0.056   0.07513   0.02736
    58/199       20G   0.04852   0.08928  0.006611    0.1444       127       640    0.2456    0.3039    0.2021   0.05673   0.05631   0.07529   0.02915
    59/199       20G   0.04853   0.08925  0.006682    0.1445        92       640    0.2298    0.3931    0.2104   0.05885   0.05613   0.07512   0.03195
    60/199       20G   0.04833   0.08717  0.006552     0.142       157       640    0.2707    0.3633    0.2186   0.06381   0.05532   0.07631   0.03065
    61/199       20G   0.04813   0.08902  0.006368    0.1435       105       640    0.3926    0.3159    0.2303   0.06914   0.05488   0.07344   0.02498
    62/199       20G   0.04802   0.08857  0.006268    0.1429       145       640    0.2243      0.37    0.1954   0.05616   0.05656   0.07559   0.03035
    63/199       20G    0.0479   0.08742   0.00642    0.1417       139       640    0.2591    0.3053    0.2035   0.05842   0.05556   0.07472   0.03085
    64/199       20G   0.04782   0.08755  0.006391    0.1418       144       640    0.2682    0.3323    0.2101   0.06064   0.05506   0.07544   0.03086
    65/199       20G   0.04758   0.08805  0.006001    0.1416       148       640    0.2496    0.3109    0.2051   0.05924   0.05522     0.076   0.03222
    66/199       20G   0.04744   0.08685  0.006266    0.1406       147       640    0.2576    0.3009    0.2067   0.06029   0.05641    0.0772   0.02894
    67/199       20G   0.04739   0.08791  0.006224    0.1415       150       640    0.2442    0.2836    0.1884   0.05367   0.05684   0.07695   0.03172
    68/199       20G   0.04728   0.08578  0.006211    0.1393       118       640     0.263    0.3026    0.2125   0.06192   0.05563   0.07648   0.02689
    69/199       20G   0.04703   0.08714    0.0057    0.1399       121       640    0.2249     0.342    0.1817   0.05216   0.05614   0.07736   0.03644
    70/199       20G   0.04678   0.08723  0.005798    0.1398       147       640    0.2497    0.2978    0.1998   0.05806   0.05674   0.07926   0.03102
    71/199       20G   0.04683   0.08774  0.005999    0.1406        83       640    0.2544    0.3072    0.1891    0.0547   0.05675   0.07855   0.03136
    72/199       20G   0.04674   0.08515  0.005541    0.1374       125       640    0.2369    0.2972    0.1874   0.05301   0.05647   0.07695   0.03358
    73/199       20G   0.04656   0.08381  0.005501    0.1359       141       640    0.2321    0.2998     0.186   0.05279   0.05629   0.07855   0.03482
    74/199       20G   0.04625    0.0854  0.005827    0.1375       113       640    0.2442    0.3097    0.1958   0.05591   0.05615   0.07868   0.03235
    75/199       20G   0.04637   0.08555  0.005471    0.1374       118       640    0.2312    0.2941    0.1912   0.05498   0.05618   0.07809   0.03072
    76/199       20G   0.04615   0.08386  0.005459    0.1355        99       640     0.234    0.3103    0.1937   0.05489   0.05626   0.07827   0.03302
    77/199       20G    0.0459   0.08359  0.005543     0.135        97       640    0.2529    0.2932    0.2026   0.05886   0.05576   0.07895   0.03082
    78/199       20G   0.04575   0.08339  0.005657    0.1348       152       640    0.2195    0.3083    0.1798    0.0502   0.05622   0.07937   0.03236
    79/199       20G   0.04576   0.08365  0.005297    0.1347       123       640     0.255    0.2673    0.1904   0.05513   0.05624   0.07901   0.03459
    80/199       20G   0.04567    0.0838  0.005223    0.1347       117       640    0.2406    0.2963    0.1948   0.05635   0.05709   0.07982   0.03211
    81/199       20G    0.0453   0.08233  0.005103    0.1327       112       640     0.239    0.2597    0.1668    0.0467   0.05717   0.07997   0.03799
    82/199       20G   0.04524   0.08316  0.005095    0.1335       117       640    0.2421    0.2996    0.1908   0.05464   0.05656    0.0796   0.03138
    83/199       20G   0.04495   0.08321  0.005061    0.1332       166       640    0.2421    0.2797    0.1773   0.04995   0.05695   0.08034   0.03608
    84/199       20G   0.04487   0.08021  0.005101    0.1302       154       640    0.2433     0.288    0.1906   0.05521   0.05654    0.0793   0.03139
    85/199       20G   0.04468   0.08125  0.004935    0.1309       130       640    0.2468    0.3021    0.1962   0.05618   0.05688   0.08057   0.03034
    86/199       20G   0.04474   0.08233  0.004807    0.1319       115       640    0.2277     0.287    0.1733   0.04901   0.05718   0.08114   0.03486
    87/199       20G   0.04445    0.0809  0.004925    0.1303       116       640    0.2373    0.2989    0.1893    0.0548   0.05622   0.08025   0.03277
    88/199       20G   0.04446   0.08247  0.004736    0.1317       160       640    0.2227    0.2892    0.1753    0.0504   0.05707   0.08083   0.03881
    89/199       20G   0.04412   0.08066  0.004735    0.1295        59       640    0.2194    0.2825     0.168   0.04746   0.05706   0.08173   0.03651
    90/199       20G    0.0441    0.0795   0.00481    0.1284        66       640    0.2186    0.2866    0.1723   0.04908    0.0573   0.08243    0.0356
    91/199       20G   0.04381   0.08088  0.004598    0.1293       111       640    0.2225    0.2812    0.1654   0.04671   0.05731   0.08338    0.0384
    92/199       20G   0.04389   0.07908  0.004658    0.1276        75       640    0.2397     0.277    0.1776   0.05074   0.05699   0.08183   0.03275
    93/199       20G   0.04374   0.08104  0.004648    0.1294       111       640    0.2268    0.2923    0.1796   0.05169   0.05693   0.08179   0.03378
    94/199       20G   0.04336   0.07876  0.004397    0.1265       125       640    0.2199    0.2795    0.1661   0.04712   0.05763   0.08376   0.03716
    95/199       20G   0.04355   0.08112  0.004394    0.1291       126       640    0.2261    0.2591    0.1621   0.04641   0.05743    0.0835   0.03608
    96/199       20G   0.04313   0.07891  0.004324    0.1264        99       640    0.2292    0.2778    0.1706   0.04875   0.05728   0.08432   0.03535
    97/199       20G   0.04296   0.07994  0.004314    0.1272       110       640    0.2259    0.2692    0.1647    0.0462   0.05754   0.08453   0.03877
    98/199       20G   0.04299   0.07936  0.004194    0.1265       148       640    0.3479    0.2736    0.1746   0.05011   0.05758   0.08529   0.03541
    99/199       20G   0.04278   0.07963  0.004146    0.1266       111       640     0.234    0.2848    0.1738   0.04964   0.05746   0.08441   0.03446
   100/199       20G   0.04257   0.07967  0.004143    0.1264       154       640    0.2206    0.2839    0.1673   0.04727    0.0582   0.08489   0.03676
   101/199       20G   0.04225   0.07866  0.004031    0.1249       111       640    0.2333    0.2698    0.1707   0.04862   0.05768   0.08511   0.03756
   102/199       20G   0.04207   0.07631  0.004012    0.1224       119       640    0.2378    0.2673     0.173   0.04901   0.05774   0.08564   0.03802
   103/199       20G   0.04215   0.07875   0.00417    0.1251       113       640    0.2397    0.3001    0.1754   0.04929   0.05788   0.08545   0.03364
   104/199       20G   0.04214   0.07684  0.004144    0.1231       102       640    0.3295    0.2822    0.1668   0.04644   0.05816   0.08665   0.03662
   105/199       20G   0.04183   0.07787  0.003923    0.1236       138       640    0.2482    0.3361    0.1717   0.04729   0.05837    0.0869   0.03704
   106/199       20G   0.04155   0.07522  0.004012    0.1208        92       640    0.2328    0.2723    0.1737   0.04962   0.05802    0.0868   0.03427
   107/199       20G   0.04173   0.07551  0.003896    0.1211        91       640    0.2039    0.3512    0.1699   0.04743   0.05842   0.08606   0.03624
   108/199       20G    0.0411   0.07548  0.003982    0.1206       137       640    0.2734    0.2824    0.1796   0.04918   0.05839   0.08674   0.03324
   109/199       20G   0.04124   0.07608  0.003715     0.121       106       640     0.228    0.3333    0.1773   0.04935   0.05845   0.08684   0.03452
   110/199       20G   0.04101   0.07508  0.003674    0.1198        91       640    0.2244    0.3435    0.1761   0.04852   0.05822   0.08722   0.03514
   111/199       20G    0.0408   0.07622  0.003481    0.1205       118       640    0.2562    0.2764    0.1753   0.04655   0.05812   0.08701   0.03884
   112/199       20G   0.04074   0.07382  0.003572    0.1181       137       640    0.2783    0.2837    0.1703   0.04629    0.0582   0.08788   0.04083
   113/199       20G   0.04069    0.0748  0.003665    0.1192       141       640    0.1943    0.3557    0.1703   0.04855   0.05851   0.08885     0.039
   114/199       20G   0.04029   0.07385  0.003575    0.1177       113       640    0.2224    0.2787    0.1628   0.04494    0.0585   0.08857   0.03984
   115/199       20G    0.0402   0.07362  0.003577    0.1174       144       640    0.2295    0.2686    0.1622   0.04446   0.05833   0.08828   0.03901
   116/199       20G   0.04009   0.07456  0.003378     0.118       111       640    0.3398    0.2635    0.1604    0.0438   0.05848   0.08833   0.03807
   117/199       20G   0.03983    0.0727  0.003418    0.1159       140       640    0.3313    0.2791    0.1628   0.04451   0.05826   0.08845   0.03733
   118/199       20G   0.03969   0.07423  0.003433    0.1174       125       640    0.3428    0.2832    0.1733   0.04806   0.05809   0.08843    0.0357
   119/199       20G   0.03977   0.07271  0.003451    0.1159       108       640     0.345    0.2854    0.1783   0.04967   0.05813   0.08875   0.03459
   120/199       20G   0.03958   0.07269  0.003414    0.1157       117       640     0.353    0.2682    0.1784   0.05012   0.05825   0.08964   0.03565
   121/199       20G   0.03942   0.07365  0.003395    0.1165       117       640    0.3299    0.2895    0.1697   0.04761   0.05848   0.09016    0.0361
   122/199       20G   0.03918   0.07237  0.003254    0.1148       145       640    0.3352    0.2693     0.165    0.0448   0.05874   0.09035   0.03722
   123/199       20G    0.0389   0.07311   0.00319    0.1152       139       640    0.3442    0.2623    0.1659   0.04539   0.05854    0.0908   0.03762
   124/199       20G   0.03879   0.07225  0.003438    0.1145       110       640    0.3401    0.2755    0.1686   0.04675   0.05874   0.09116    0.0368
   125/199       20G   0.03872   0.07035  0.003125    0.1122       134       640    0.3419    0.2754    0.1732   0.04825   0.05875   0.09142   0.03566
   126/199       20G   0.03862   0.07183  0.003226    0.1137       152       640    0.2389     0.264     0.171   0.04784   0.05893   0.09184    0.0359
   127/199       20G    0.0382   0.07084  0.003184    0.1122       104       640     0.233    0.2599    0.1646   0.04617   0.05897   0.09273   0.03692
   128/199       20G   0.03839   0.07065  0.003199    0.1122       138       640    0.2258    0.2726    0.1645   0.04582   0.05884   0.09295   0.03726
   129/199       20G    0.0379   0.07138   0.00318    0.1125       150       640    0.2213    0.2738    0.1642   0.04572   0.05905    0.0933   0.03741
   130/199       20G   0.03801   0.07181  0.002933    0.1128       123       640     0.347    0.2656    0.1694   0.04677   0.05912   0.09332   0.03706
   131/199       20G   0.03755    0.0704   0.00321    0.1112        91       640    0.3472    0.2696    0.1705   0.04691   0.05917   0.09361    0.0365
   132/199       20G   0.03773   0.06961  0.003113    0.1104       120       640    0.3434    0.2763    0.1703   0.04695   0.05912   0.09361   0.03707
   133/199       20G   0.03754   0.07091  0.002911    0.1114       145       640    0.3436    0.2696    0.1684   0.04688   0.05919    0.0942   0.03686
   134/199       20G   0.03711   0.07076  0.002824    0.1107       135       640     0.331    0.2826    0.1697   0.04716   0.05947   0.09464   0.03733
   135/199       20G   0.03721   0.06879  0.003104    0.1091       121       640    0.3362    0.2732    0.1671   0.04638   0.05944   0.09496   0.03916
   136/199       20G   0.03687   0.06941  0.002916    0.1092       124       640    0.3345    0.2807    0.1685   0.04617   0.05931   0.09486   0.03923
   137/199       20G   0.03681   0.06712   0.00294    0.1069       123       640    0.2322    0.2673    0.1673   0.04664    0.0593   0.09462    0.0384
   138/199       20G   0.03669   0.06804  0.002919    0.1076       125       640    0.2393    0.2631    0.1706   0.04737   0.05921   0.09483   0.03807
   139/199       20G   0.03658   0.06775  0.002689     0.107       147       640    0.3538    0.2548    0.1671   0.04636   0.05932   0.09565   0.03837
   140/199       20G   0.03632   0.06827  0.002735    0.1073       121       640     0.345    0.2718    0.1665   0.04609   0.05934   0.09623    0.0383
   141/199       20G   0.03608   0.06838  0.002731    0.1072        95       640    0.2212    0.2848    0.1658   0.04606   0.05939   0.09657   0.03818
   142/199       20G   0.03594    0.0658  0.002726    0.1045        79       640    0.2232    0.2814    0.1652   0.04599   0.05936   0.09709   0.03817
   143/199       20G   0.03574   0.06735  0.002583    0.1057        86       640    0.3321    0.2824    0.1648   0.04561   0.05944   0.09686   0.03879
   144/199       20G   0.03597   0.06487  0.002744    0.1036       143       640    0.3415    0.2656    0.1613   0.04432   0.05962   0.09703   0.03974
   145/199       20G   0.03564   0.06679  0.002743    0.1052       135       640    0.3314    0.2763    0.1595   0.04372   0.05964   0.09716    0.0395
   146/199       20G   0.03526   0.06585  0.002725    0.1038        93       640    0.2328    0.2585    0.1598   0.04391   0.05962   0.09738   0.03872
   147/199       20G   0.03542   0.06704  0.002662    0.1051        96       640    0.3451    0.2577    0.1605   0.04438   0.05961   0.09785    0.0385
   148/199       20G   0.03507   0.06462  0.002531    0.1022       123       640     0.341    0.2669    0.1619   0.04487   0.05962   0.09813   0.03843
   149/199       20G   0.03505   0.06582  0.002609    0.1035       121       640    0.3314    0.2767    0.1583   0.04345   0.05968   0.09852    0.0392
   150/199       20G   0.03507   0.06493  0.002673    0.1027        74       640    0.2262    0.2638    0.1574   0.04308   0.05974   0.09887   0.03954
   151/199       20G   0.03461   0.06473  0.002543    0.1019       127       640    0.2226    0.2678    0.1553   0.04259   0.05979   0.09897    0.0402
   152/199       20G   0.03468    0.0662  0.002615    0.1035       133       640    0.2185    0.2802    0.1573   0.04337   0.05985   0.09919   0.03973
   153/199       20G    0.0346   0.06479  0.002516    0.1019       100       640    0.2247    0.2693    0.1556   0.04285   0.05998   0.09951   0.04001
   154/199       20G   0.03425   0.06484  0.002511    0.1016        65       640    0.2189    0.2736    0.1548   0.04239      0.06    0.0996   0.04017
   155/199       20G   0.03409   0.06578  0.002497    0.1024       151       640    0.2229    0.2705    0.1561   0.04279   0.05998   0.09996   0.03993
   156/199       20G   0.03402   0.06455  0.002608    0.1012       128       640    0.2212    0.2737     0.157   0.04304      0.06    0.1001   0.03951
   157/199       20G   0.03389   0.06335   0.00251   0.09976        67       640    0.2296    0.2592    0.1555   0.04242   0.06007    0.1003    0.0402
   158/199       20G   0.03377   0.06352  0.002342   0.09964       106       640    0.2271    0.2613    0.1537   0.04208   0.06017    0.1004   0.04022
   159/199       20G   0.03357   0.06366  0.002376   0.09961       154       640     0.223    0.2701    0.1546   0.04215   0.06023    0.1008   0.04031
   160/199       20G   0.03315   0.06266  0.002482   0.09829        94       640    0.2235    0.2687    0.1566   0.04256    0.0602     0.101    0.0403
   161/199       20G   0.03351   0.06377  0.002368   0.09964       118       640    0.2197    0.2698    0.1547   0.04219   0.06024    0.1013   0.04042
   162/199       20G   0.03305   0.06314  0.002381   0.09858       198       640    0.2222    0.2662     0.155   0.04209   0.06024    0.1017   0.04055
   163/199       20G   0.03314   0.06253  0.002446   0.09812        65       640    0.2187    0.2732    0.1563   0.04215   0.06028     0.102   0.04032
   164/199       20G   0.03296   0.06273  0.002287   0.09798       113       640    0.2154    0.2747    0.1525   0.04148   0.06028    0.1023   0.04073
   165/199       20G   0.03298   0.06291  0.002356   0.09825       129       640     0.219    0.2671    0.1536   0.04156    0.0603    0.1024    0.0408
   166/199       20G   0.03251   0.06155  0.002283   0.09635        97       640    0.2335    0.2502    0.1523   0.04146   0.06025    0.1027   0.04072
   167/199       20G   0.03252   0.06139  0.002282   0.09619       102       640    0.2309    0.2511    0.1524   0.04133   0.06025    0.1028   0.04074
   168/199       20G   0.03211   0.06137  0.002159   0.09563       168       640    0.2062    0.2864    0.1519   0.04124   0.06027     0.103   0.04063
   169/199       20G   0.03232   0.06266  0.002254   0.09723       132       640    0.2038    0.2882    0.1513   0.04118   0.06029    0.1031   0.04064
   170/199       20G   0.03219   0.06109  0.002216   0.09549       112       640    0.2162    0.2684    0.1517   0.04139    0.0603    0.1033   0.04069
   171/199       20G   0.03206   0.06002  0.002233   0.09432       146       640    0.3374    0.2524     0.151    0.0413   0.06033    0.1036   0.04084
   172/199       20G   0.03172   0.06033  0.002181   0.09423       113       640    0.2182    0.2646    0.1505   0.04115   0.06037    0.1038   0.04095
   173/199       20G   0.03193   0.06038  0.002096   0.09441       111       640    0.3219    0.2726    0.1503   0.04096   0.06039     0.104   0.04083
   174/199       20G   0.03202    0.0606  0.002161   0.09478       212       640    0.3224    0.2688    0.1498   0.04087   0.06044    0.1042   0.04106
   175/199       20G    0.0315    0.0605  0.002151   0.09415        95       640    0.3292    0.2599    0.1489   0.04071   0.06047    0.1045   0.04124
   176/199       20G   0.03145   0.05831  0.002173   0.09193       109       640    0.3342    0.2535    0.1496   0.04079   0.06051    0.1047   0.04124
   177/199       20G   0.03142   0.05915  0.002041    0.0926       205       640     0.331    0.2605    0.1494   0.04079   0.06052    0.1049   0.04143
   178/199       20G   0.03127   0.06149  0.002191   0.09495       100       640     0.331    0.2606    0.1491   0.04064   0.06054     0.105   0.04135
   179/199       20G   0.03103    0.0597  0.002099   0.09283       102       640    0.3357     0.255    0.1488   0.04034   0.06059     0.105   0.04142
   180/199       20G   0.03106   0.06021  0.002094   0.09337       117       640    0.2207    0.2586    0.1491   0.04055   0.06061    0.1052   0.04138
   181/199       20G    0.0311   0.05783  0.002202   0.09112        92       640    0.2183     0.262     0.149   0.04058   0.06063    0.1054   0.04138
   182/199       20G   0.03091   0.05939  0.002007   0.09231       118       640    0.2105    0.2717    0.1487   0.04041   0.06067    0.1057   0.04143
   183/199       20G   0.03108   0.06109  0.002202   0.09437       119       640    0.2263     0.252    0.1483   0.04023    0.0607    0.1059   0.04133
   184/199       20G   0.03081   0.05866  0.002058   0.09153        89       640    0.2139    0.2661     0.148   0.04006   0.06074    0.1062   0.04121
   185/199       20G   0.03051   0.05832  0.002149   0.09097       174       640    0.2179    0.2601    0.1479   0.04008   0.06074    0.1063   0.04128
   186/199       20G   0.03073   0.05941  0.002021   0.09217       118       640     0.327    0.2624    0.1476   0.03989   0.06076    0.1064   0.04133
   187/199       20G    0.0304   0.05941  0.002032   0.09184       126       640    0.3288    0.2594     0.147   0.03963   0.06079    0.1065    0.0414
   188/199       20G   0.03036   0.05888    0.0019   0.09115       175       640    0.3258    0.2638    0.1471   0.03955   0.06083    0.1067   0.04148
   189/199       20G   0.03025   0.05817  0.002032   0.09046        81       640    0.3261    0.2616     0.146    0.0394   0.06085     0.107   0.04143
   190/199       20G   0.02976   0.05868  0.001939   0.09038       146       640    0.3231    0.2657    0.1451   0.03926   0.06087    0.1071   0.04146
   191/199       20G   0.03016   0.05726   0.00213   0.08955       166       640    0.3238    0.2641    0.1448   0.03923   0.06088    0.1073   0.04142
   192/199       20G   0.03014   0.05809  0.001923   0.09016       120       640    0.3238    0.2663    0.1448   0.03914   0.06089    0.1075   0.04149
   193/199       20G   0.02996   0.05853  0.001986   0.09048       146       640    0.3286    0.2608    0.1449   0.03919    0.0609    0.1077   0.04144
   194/199       20G   0.02973   0.05874  0.001971   0.09045       121       640    0.3301    0.2597    0.1448    0.0391   0.06091    0.1079   0.04137
   195/199       20G   0.02951   0.05956  0.001881   0.09096       152       640    0.3379     0.249    0.1445   0.03907   0.06093     0.108   0.04137
   196/199       20G   0.02994   0.05717  0.001949   0.08906       112       640     0.335     0.251    0.1442   0.03898   0.06095    0.1081    0.0414
   197/199       20G   0.02946   0.05662   0.00185   0.08793        82       640    0.3264    0.2626    0.1439   0.03896   0.06095    0.1081   0.04138
   198/199       20G   0.02975   0.05779  0.002017   0.08956        95       640     0.324    0.2662    0.1438   0.03895   0.06096    0.1083   0.04149
   199/199       20G    0.0296   0.05931  0.001956   0.09086       221       640    0.3249    0.2655    0.1435   0.03888   0.06097    0.1084   0.04145
