     0/499     17.2G   0.09581    0.1045   0.06402    0.2643       351       640 3.088e-05  0.008435  3.67e-06 4.472e-07   0.08575    0.0751    0.0616
     1/499     20.9G   0.09156    0.1092    0.0575    0.2583       310       640 3.599e-05  0.009832 5.537e-06  6.79e-07   0.08616   0.07525   0.05919
     2/499     20.9G   0.08912    0.1085   0.05339     0.251       349       640    0.2288   0.02571  0.002096 0.0003918   0.08222   0.07534   0.05746
     3/499     20.9G   0.08466    0.1088   0.04804    0.2415       429       640    0.2317   0.08098  0.007296  0.001307   0.07672   0.07769   0.05217
     4/499     20.9G   0.07899    0.1094   0.04334    0.2317       315       640    0.2472   0.07454   0.01513  0.002471   0.07843   0.07165    0.0464
     5/499     20.9G   0.07388    0.1048   0.03649    0.2152       399       640    0.2938    0.1252   0.04025  0.008294   0.06994   0.07575   0.04272
     6/499     20.9G   0.06967    0.1029   0.02933    0.2019       368       640    0.2161    0.1256   0.06043    0.0145    0.0702   0.08091   0.04019
     7/499     20.9G    0.0669    0.1032   0.02497     0.195       365       640    0.2529    0.1473   0.07901   0.01984   0.06728   0.07982   0.03928
     8/499     20.9G   0.06492    0.1015   0.02182    0.1883       339       640    0.2424    0.2255    0.1032   0.02427   0.06522   0.07098   0.04374
     9/499     20.9G   0.06365   0.09979   0.02025    0.1837       401       640    0.1131    0.2138   0.08264   0.01916   0.06578    0.0811   0.04618
    10/499     20.9G   0.06233   0.09985   0.01846    0.1806       340       640    0.2782    0.2182    0.1294    0.0336   0.06248   0.07442   0.03486
    11/499     20.9G   0.06131   0.09789   0.01768    0.1769       261       640    0.1756    0.2673    0.1462   0.03856   0.06099   0.07307   0.03504
    12/499     20.9G   0.06044    0.0984   0.01684    0.1757       360       640     0.311    0.2079    0.1292   0.03458   0.06163   0.07753   0.03852
    13/499     20.9G   0.05938   0.09823   0.01604    0.1737       314       640    0.2804    0.3099    0.1654   0.04205   0.06025   0.07042   0.02853
    14/499     20.9G   0.05849   0.09825   0.01484    0.1716       347       640    0.3776    0.2472    0.1659   0.04269   0.06045   0.07565   0.02463
    15/499     20.9G   0.05758   0.09804   0.01437      0.17       365       640    0.2464    0.2334    0.1538   0.04096   0.06093   0.07473   0.02781
    16/499     20.9G   0.05677   0.09902   0.01398    0.1698       376       640    0.2475    0.2721    0.1792   0.04647   0.06007   0.07194   0.02294
    17/499     20.9G   0.05654   0.09632   0.01337    0.1662       275       640    0.2615    0.2595    0.1739    0.0478   0.06031   0.07521   0.03095
    18/499     20.9G   0.05609    0.0975   0.01296    0.1666       381       640    0.2587    0.2879    0.1949   0.05432   0.05742    0.0725   0.02978
    19/499     20.9G   0.05572   0.09668   0.01271    0.1651       388       640    0.1964    0.3835    0.1992   0.05667   0.05747   0.07159   0.02767
    20/499     20.9G    0.0554   0.09569   0.01239    0.1635       307       640    0.2356    0.3607    0.1972   0.05484   0.05752   0.07456   0.02845
    21/499     20.9G   0.05485   0.09637   0.01212    0.1633       320       640    0.3292    0.3103    0.2363   0.06456   0.05676    0.0721   0.02241
    22/499     20.9G   0.05475   0.09757   0.01194    0.1643       322       640    0.3877    0.2879    0.2341   0.06222     0.056   0.07069   0.02379
    23/499     20.9G   0.05437   0.09701   0.01166     0.163       354       640    0.3597    0.2988      0.23   0.06537   0.05772   0.07085   0.02699
    24/499     20.9G   0.05405   0.09543   0.01161    0.1611       293       640     0.411    0.2839    0.2393   0.06357     0.057   0.07288   0.02843
    25/499     20.9G   0.05393   0.09549   0.01156     0.161       303       640    0.3139    0.2958    0.2452   0.06512   0.05632   0.07162   0.02331
    26/499     20.9G   0.05358   0.09555     0.011    0.1601       370       640    0.3853    0.3638    0.2674   0.07262   0.05556   0.07088    0.0271
    27/499     20.9G   0.05352   0.09396   0.01075    0.1582       327       640     0.315     0.328    0.2395   0.06834    0.0559   0.07225    0.0232
    28/499     20.9G   0.05334   0.09471   0.01066    0.1587       371       640    0.3638    0.3259    0.2443   0.06556   0.05576   0.07108   0.02551
    29/499     20.9G   0.05317   0.09511   0.01035    0.1586       330       640    0.3298    0.3288    0.2517    0.0688   0.05579    0.0712   0.02282
    30/499     20.9G    0.0528   0.09445   0.01029    0.1575       351       640    0.2869    0.3202    0.2373   0.06911   0.05631   0.07246   0.02734
    31/499     20.9G   0.05272    0.0948   0.01033    0.1578       386       640    0.4002    0.3068    0.2694   0.07547   0.05593   0.07245   0.02293
    32/499     20.9G   0.05279   0.09421   0.01019    0.1572       319       640    0.2996    0.3413    0.2625   0.07435   0.05622   0.07246   0.02429
    33/499     20.9G   0.05233   0.09352   0.01005    0.1559       383       640    0.3859    0.3513    0.2592   0.07567   0.05552   0.07161   0.02644
    34/499     20.9G   0.05242   0.09575   0.01004    0.1582       308       640    0.3897    0.3665    0.2785   0.08006   0.05471   0.07296   0.02281
    35/499     20.9G   0.05229   0.09512   0.01001    0.1574       363       640    0.3442    0.3599    0.2551   0.06843   0.05519   0.07242   0.02419
    36/499     20.9G   0.05212   0.09445  0.009475     0.156       385       640    0.3749    0.3402    0.2644   0.07457   0.05585   0.07289    0.0268
    37/499     20.9G   0.05205   0.09374  0.009506    0.1553       353       640    0.3484    0.3221    0.2639   0.07707   0.05471   0.07298   0.02313
    38/499     20.9G   0.05167   0.09335  0.009428    0.1545       393       640    0.3268    0.4261    0.2888   0.08159   0.05594   0.07362   0.02478
    39/499     20.9G   0.05156   0.09437  0.009235    0.1552       351       640     0.383    0.3357    0.2606   0.07547   0.05637   0.07149   0.02492
    40/499     20.9G   0.05157   0.09476  0.009388    0.1557       434       640    0.3462    0.3352     0.271   0.07977   0.05511   0.07189   0.02863
    41/499     20.9G   0.05149   0.09278  0.008977    0.1532       332       640      0.34    0.3787    0.2699   0.07919   0.05496   0.07121   0.02515
    42/499     20.9G    0.0514    0.0944  0.009014    0.1548       356       640    0.3408    0.3446    0.2752   0.07749   0.05509   0.07129   0.02489
    43/499     20.9G   0.05115    0.0927  0.008928    0.1528       398       640    0.2935    0.3454    0.2549   0.07555   0.05579   0.07293   0.02418
    44/499     20.9G   0.05113   0.09288  0.008825    0.1528       403       640    0.2822    0.4399    0.2644   0.07419   0.05562   0.07443   0.02815
    45/499     20.9G   0.05088   0.09279   0.00879    0.1525       558       640    0.2824    0.4539    0.2614   0.07689   0.05516   0.07334   0.02389
    46/499     20.9G   0.05066    0.0926  0.008491    0.1518       364       640    0.2771    0.3448    0.2366   0.06911   0.05499   0.07212   0.02795
    47/499     20.9G   0.05083   0.09262  0.008451    0.1519       315       640    0.3234    0.3488    0.2502    0.0719   0.05587   0.07366   0.02726
    48/499     20.9G    0.0505   0.09227  0.008471    0.1512       341       640    0.4422    0.3438    0.2721   0.08137   0.05456    0.0718   0.02179
    49/499     20.9G   0.05062   0.09234  0.008291    0.1513       365       640    0.3437    0.3741    0.2679   0.07833   0.05463   0.07307   0.02353
    50/499     20.9G   0.05036   0.09106  0.008239    0.1497       292       640    0.3188    0.3456    0.2594   0.07381   0.05556   0.07368   0.02435
    51/499     20.9G   0.05022   0.09083  0.008136    0.1492       356       640    0.2687    0.2985    0.2151   0.06509   0.05519    0.0722   0.02876
    52/499     20.9G   0.04991   0.09067   0.00807    0.1486       427       640    0.3038    0.2996    0.2358   0.06985   0.05475   0.07193   0.02561
    53/499     20.9G   0.04998   0.09013   0.00813    0.1482       336       640    0.3088    0.3373    0.2373   0.06876    0.0555   0.07204   0.02458
    54/499     20.9G   0.04993     0.091  0.008138    0.1491       400       640    0.3367    0.3322    0.2541   0.07311   0.05555   0.07372   0.02628
    55/499     20.9G   0.04982   0.09134  0.007884     0.149       371       640    0.3024    0.3223    0.2565   0.07452   0.05464     0.073   0.02149
    56/499     20.9G   0.04976   0.09078  0.007851    0.1484       334       640    0.3269    0.3499    0.2673   0.07577   0.05507   0.07425   0.02393
    57/499     20.9G   0.04955   0.09049  0.007775    0.1478       400       640    0.3394    0.3315    0.2502   0.07366   0.05449   0.07417   0.02381
    58/499     20.9G   0.04952    0.0906  0.007681    0.1478       336       640    0.3254    0.3574     0.258   0.07525   0.05439    0.0732   0.02404
    59/499     20.9G   0.04923   0.08952  0.007495    0.1462       379       640    0.3545    0.3231    0.2555   0.07343   0.05509   0.07421   0.02504
    60/499     20.9G   0.04904      0.09  0.007528    0.1466       345       640    0.3507     0.339     0.268   0.07784   0.05483   0.07424   0.02405
    61/499     20.9G   0.04909   0.08914  0.007558    0.1458       337       640    0.3016    0.3306    0.2425   0.07174   0.05532   0.07479   0.02639
    62/499     20.9G   0.04919   0.08941  0.007308    0.1459       377       640    0.2711    0.4404    0.2574   0.07405   0.05501   0.07492   0.02337
    63/499     20.9G   0.04888   0.08906  0.007487    0.1454       351       640    0.3013    0.3278    0.2329   0.06783   0.05536   0.07469   0.02716
    64/499     20.9G   0.04891   0.08882  0.007356    0.1451       284       640     0.261    0.4272    0.2386   0.06879    0.0558   0.07538    0.0243
    65/499     20.9G   0.04882   0.08924  0.007283    0.1453       366       640    0.3294    0.3428    0.2445   0.07191   0.05506   0.07455   0.02662
    66/499     20.9G   0.04846   0.08884  0.007206    0.1445       411       640    0.3838     0.314     0.223   0.06434   0.05485   0.07455   0.02569
    67/499     20.9G   0.04842    0.0893   0.00699    0.1447       383       640    0.3821    0.3279     0.266   0.07813   0.05526   0.07509   0.02455
    68/499     20.9G   0.04836    0.0878  0.007102    0.1433       430       640    0.3196    0.4073     0.259   0.07517   0.05558   0.07474   0.02657
    69/499     20.9G   0.04837   0.08931  0.007033    0.1447       397       640    0.3613    0.3331    0.2472   0.07065   0.05533   0.07605   0.02951
    70/499     20.9G   0.04812   0.08881  0.006768    0.1437       453       640    0.3313    0.3497    0.2475   0.07125   0.05568   0.07542   0.02729
    71/499     20.9G    0.0479   0.08763  0.006838    0.1424       314       640    0.2549    0.3959    0.2311   0.06655   0.05545   0.07519   0.02964
    72/499     20.9G   0.04809   0.08845  0.006788    0.1433       371       640    0.4317    0.3091    0.2713   0.07634   0.05624   0.07617   0.02791
    73/499     20.9G    0.0479   0.08859  0.006703    0.1432       424       640    0.3064    0.3298    0.2305   0.06719   0.05537    0.0758   0.02586
    74/499     20.9G   0.04774    0.0881  0.006701    0.1425       355       640    0.3554    0.3548    0.2525   0.07257   0.05589   0.07597    0.0288
    75/499     20.9G   0.04763   0.08599   0.00674    0.1404       397       640    0.3381    0.3214     0.249    0.0735   0.05638   0.07723   0.03179
    76/499     20.9G   0.04758    0.0871  0.006597    0.1413       337       640    0.3775      0.29    0.2672   0.07752    0.0561   0.07493   0.02645
    77/499     20.9G   0.04741   0.08724  0.006481    0.1411       351       640    0.3055    0.3289    0.2288    0.0656   0.05593   0.07656    0.0262
    78/499     20.9G   0.04738   0.08712  0.006391    0.1409       302       640    0.3338    0.3085    0.2337    0.0681   0.05606   0.07698   0.02764
    79/499     20.9G   0.04735   0.08655  0.006444    0.1403       293       640    0.3834    0.3153    0.2563   0.06989   0.05608   0.07733   0.02552
    80/499     20.9G   0.04715   0.08627  0.006239    0.1397       308       640    0.3289     0.321    0.2528   0.07334   0.05558   0.07785    0.0247
    81/499     20.9G   0.04695   0.08542  0.006407    0.1388       347       640    0.2544    0.3818    0.2133   0.06191   0.05579   0.07757   0.02781
    82/499     20.9G   0.04678   0.08618  0.006322    0.1393       308       640     0.256    0.3379    0.2168   0.06343   0.05573   0.07709   0.02766
    83/499     20.9G   0.04677   0.08599  0.006138    0.1389       436       640    0.3216    0.2994    0.2151   0.06412   0.05682   0.07873   0.03143
    84/499     20.9G   0.04662   0.08475  0.005931    0.1373       322       640    0.3126    0.3435    0.2376   0.07268    0.0562   0.07771   0.02801
    85/499     20.9G    0.0466     0.085   0.00616    0.1378       399       640    0.3555    0.3206    0.2366   0.07029   0.05632   0.07687   0.02691
    86/499     20.9G   0.04654   0.08436  0.005998    0.1369       310       640    0.2618    0.4085    0.2301   0.06672   0.05564   0.07745   0.02637
    87/499     20.9G   0.04647   0.08518  0.006044    0.1377       406       640    0.3242    0.3078    0.2384   0.07135   0.05572   0.07841   0.02826
    88/499     20.9G   0.04636   0.08463  0.005869    0.1369       406       640    0.3495    0.2785    0.2352   0.07045   0.05568   0.07833    0.0313
    89/499     20.9G   0.04618   0.08457  0.006055    0.1368       301       640    0.3595     0.328    0.2459   0.07548   0.05581   0.07745   0.02843
    90/499     20.9G   0.04617   0.08521  0.005796    0.1372       338       640    0.3345    0.3158    0.2366   0.07443   0.05616   0.07969    0.0283
    91/499     20.9G   0.04598   0.08516  0.005801    0.1369       405       640     0.341    0.3108    0.2283   0.06762   0.05585   0.07844   0.02809
    92/499     20.9G   0.04592   0.08389  0.005852    0.1357       322       640    0.3225    0.3178    0.2358   0.06887   0.05637   0.07854    0.0301
    93/499     20.9G   0.04577    0.0835    0.0057     0.135       378       640    0.3299    0.3067    0.2248   0.06581   0.05649   0.07774   0.03034
    94/499     20.9G   0.04564   0.08437  0.005534    0.1355       377       640    0.3362    0.3047    0.2337   0.06628   0.05649   0.07946   0.02811
    95/499     20.9G   0.04562   0.08382  0.005758    0.1352       433       640    0.3906    0.2913    0.2342   0.07044   0.05717    0.0804   0.02993
    96/499     20.9G   0.04547   0.08466  0.005553    0.1357       385       640    0.3197    0.3245    0.2321   0.06801   0.05634   0.07936   0.02802
    97/499     20.9G   0.04536   0.08368  0.005542    0.1346       308       640    0.3371      0.32    0.2263   0.06462   0.05705   0.07921   0.02827
    98/499     20.9G    0.0454   0.08329  0.005597    0.1343       383       640    0.3421    0.3148    0.2234   0.06539    0.0565   0.08067   0.02997
    99/499     20.9G   0.04512   0.08164  0.005464    0.1322       319       640    0.3269    0.3043    0.2261   0.06729   0.05645    0.0807   0.03148
   100/499     20.9G   0.04511   0.08201  0.005441    0.1326       305       640    0.3436    0.3356    0.2408    0.0751   0.05647   0.08055   0.02962
   101/499     20.9G   0.04512   0.08273  0.005391    0.1332       307       640    0.3371    0.3108    0.2449    0.0715   0.05585   0.07969   0.02826
   102/499     20.9G    0.0448   0.08286   0.00536     0.133       404       640    0.3539    0.3152    0.2337   0.06602    0.0564    0.0813   0.02794
   103/499     20.9G    0.0449   0.08145  0.005314    0.1317       362       640    0.4032    0.2812    0.2357   0.07188   0.05618   0.08038   0.02918
   104/499     20.9G   0.04459     0.082  0.005227    0.1318       388       640    0.3431    0.3126    0.2325    0.0692   0.05629   0.08057   0.02941
   105/499     20.9G   0.04452   0.08124  0.005239     0.131       318       640     0.366    0.2981    0.2364   0.06964   0.05654   0.08058   0.03034
   106/499     20.9G   0.04446   0.08111  0.005141    0.1307       373       640    0.3523    0.3011    0.2253   0.06548   0.05671   0.08073   0.03317
   107/499     20.9G   0.04453   0.08117  0.005113    0.1308       423       640    0.3131    0.3218    0.2321   0.06608   0.05656   0.07983   0.02944
   108/499     20.9G   0.04429   0.08095   0.00513    0.1304       392       640    0.3435    0.3277    0.2366   0.06816   0.05685   0.08058   0.03069
   109/499     20.9G   0.04422   0.08117  0.005081    0.1305       396       640    0.3609    0.2997    0.2331   0.06924   0.05693   0.08116   0.03109
   110/499     20.9G   0.04427   0.08018  0.005072    0.1295       436       640    0.3492    0.3319    0.2342   0.06968   0.05674   0.08105   0.03006
   111/499     20.9G   0.04409   0.08023   0.00498    0.1293       308       640    0.3437    0.3015    0.2251   0.06901   0.05694   0.08155   0.03204
   112/499     20.9G   0.04389   0.08035  0.005017    0.1293       352       640    0.3535    0.3137    0.2284   0.06443   0.05688   0.08136    0.0315
   113/499     20.9G   0.04395   0.08031   0.00498    0.1292       407       640    0.3457    0.3365    0.2356   0.06602   0.05678   0.08096   0.03131
   114/499     20.9G   0.04353    0.0792  0.004849    0.1276       417       640    0.3395    0.3255    0.2369   0.06805   0.05688    0.0821    0.0303
   115/499     20.9G   0.04377   0.07975  0.004965    0.1285       305       640    0.3356    0.3221    0.2313   0.06401   0.05717   0.08271   0.03013
   116/499     20.9G   0.04338   0.08009  0.004849    0.1283       326       640    0.3601     0.318    0.2326    0.0625   0.05695   0.08302   0.02892
   117/499     20.9G    0.0434   0.07853  0.004754    0.1267       432       640    0.3291    0.3176    0.2289   0.06247    0.0569   0.08281   0.02863
   118/499     20.9G   0.04337   0.07991  0.004824    0.1281       371       640    0.3317    0.3201    0.2188   0.05872   0.05722   0.08324   0.02983
   119/499     20.9G   0.04334   0.07968  0.004785    0.1278       326       640    0.3428    0.3013    0.2139   0.05736   0.05714   0.08313   0.03073
   120/499     20.9G   0.04307   0.07852  0.004699    0.1263       314       640    0.3431    0.3122    0.2186   0.06076   0.05706   0.08337   0.03198
   121/499     20.9G   0.04315   0.07864  0.004745    0.1265       358       640     0.334    0.3234    0.2176   0.06359   0.05717   0.08371   0.03336
   122/499     20.9G   0.04314   0.07865  0.004558    0.1264       347       640     0.342    0.3051    0.2171   0.05824   0.05724   0.08335   0.03202
   123/499     20.9G   0.04272   0.07787  0.004715    0.1253       352       640    0.3577     0.296    0.2175   0.05683   0.05733   0.08352     0.033
   124/499     20.9G   0.04264   0.07768  0.004607    0.1249       334       640    0.3428    0.3033      0.22   0.05975   0.05733   0.08392   0.03441
   125/499     20.9G   0.04266   0.07812  0.004432    0.1252       433       640    0.3454    0.3102    0.2203   0.05797   0.05742   0.08424   0.03249
   126/499     20.9G   0.04244   0.07838  0.004625    0.1254       369       640    0.2675    0.2974    0.1958   0.05658   0.05748   0.08412   0.03344
   127/499     20.9G   0.04246   0.07698  0.004516     0.124       453       640     0.298    0.3187    0.2015   0.05647   0.05763   0.08439   0.03389
   128/499     20.9G   0.04242   0.07791  0.004581    0.1249       343       640    0.3551    0.3198    0.2264   0.06147   0.05769   0.08415   0.03432
   129/499     20.9G   0.04237   0.07739  0.004427    0.1242       313       640    0.3556    0.3166    0.2263   0.06043   0.05744   0.08424   0.03339
   130/499     20.9G   0.04219    0.0778  0.004365    0.1243       347       640    0.3304    0.3282    0.2212   0.06086   0.05742   0.08441   0.03356
   131/499     20.9G   0.04233   0.07673  0.004439    0.1235       373       640    0.3455    0.3146    0.2242   0.06213   0.05755   0.08453   0.03322
   132/499     20.9G   0.04209   0.07743  0.004339    0.1239       278       640    0.3405    0.3236    0.2232   0.06327   0.05757   0.08414   0.03253
   133/499     20.9G   0.04199   0.07717   0.00426    0.1234       444       640    0.3513    0.3296    0.2311   0.06546   0.05748   0.08433   0.03148
   134/499     20.9G   0.04196     0.077  0.004299    0.1233       357       640    0.3686    0.3126    0.2306   0.06517   0.05759   0.08421   0.03173
   135/499     20.9G   0.04192   0.07684  0.004346    0.1231       327       640    0.3574    0.3206    0.2285   0.06157   0.05759   0.08482   0.03149
   136/499     20.9G   0.04156    0.0766  0.004169    0.1223       305       640    0.3415    0.3255    0.2234   0.06296   0.05761   0.08528   0.03174
   137/499     20.9G   0.04164   0.07608  0.004159    0.1219       349       640    0.3409    0.3216    0.2186   0.06097   0.05792   0.08562   0.03305
   138/499     20.9G   0.04133    0.0766  0.004109     0.122       383       640    0.3362    0.3154    0.2183   0.05989   0.05794   0.08579   0.03277
   139/499     20.9G   0.04137   0.07582  0.004043    0.1212       355       640    0.3373    0.3088    0.2199   0.06076    0.0579   0.08553   0.03286
   140/499     20.9G   0.04134   0.07584  0.004112    0.1213       348       640    0.3455    0.2897    0.2171   0.05976   0.05783   0.08569   0.03359
   141/499     20.9G   0.04123   0.07499   0.00412    0.1203       353       640    0.3043    0.3337    0.2188   0.06042   0.05775   0.08548   0.03362
   142/499     20.9G   0.04124   0.07632  0.003866    0.1214       393       640    0.3103     0.322    0.2186   0.06073   0.05776   0.08545   0.03355
   143/499     20.9G   0.04097   0.07501  0.004143    0.1201       320       640     0.337    0.2982     0.216   0.05983   0.05776   0.08551   0.03387
   144/499     20.9G   0.04103   0.07532  0.004095    0.1204       352       640    0.3307    0.3024    0.2137   0.05873   0.05778   0.08567   0.03426
   145/499     20.9G   0.04066   0.07497  0.003944    0.1196       395       640    0.3429    0.2951    0.2136   0.06043   0.05765   0.08586   0.03379
   146/499     20.9G   0.04082   0.07441  0.003997    0.1192       400       640    0.3385    0.2872    0.2121   0.05973   0.05772   0.08647     0.034
   147/499     20.9G   0.04063   0.07363  0.003971    0.1182       307       640      0.34    0.2938    0.2142   0.06016   0.05768   0.08643    0.0338
   148/499     20.9G   0.04066   0.07473  0.003993    0.1194       412       640    0.3422    0.2893    0.2132    0.0601   0.05769   0.08663   0.03396
   149/499     20.9G   0.04049   0.07446  0.004012     0.119       414       640    0.3081    0.3147    0.2141   0.06075   0.05763   0.08665     0.034
   150/499     20.9G   0.04015   0.07406   0.00399    0.1182       329       640    0.3198    0.3066    0.2103   0.05839   0.05769   0.08717   0.03443
   151/499     20.9G   0.04032   0.07425  0.003945    0.1185       391       640    0.3175     0.314    0.2104   0.05845    0.0577   0.08728    0.0341
   152/499     20.9G   0.04009   0.07411   0.00381     0.118       427       640    0.3174    0.3068    0.2067   0.05723   0.05784   0.08774   0.03434
   153/499     20.9G   0.04018   0.07288   0.00392     0.117       338       640    0.3302    0.3056    0.2091   0.05765   0.05784   0.08801   0.03396
   154/499     20.9G   0.04014   0.07308  0.003926    0.1172       337       640     0.332    0.3076    0.2107    0.0581   0.05786   0.08804   0.03384
   155/499     20.9G   0.03986   0.07422  0.003843    0.1179       323       640    0.3123    0.3203    0.2115   0.05817   0.05779   0.08777   0.03426
   156/499     20.9G   0.03976   0.07325  0.003765    0.1168       414       640    0.3323    0.3047    0.2136   0.05878   0.05784   0.08794   0.03413
   157/499     20.9G   0.03967   0.07346  0.003778    0.1169       323       640    0.3216    0.3118    0.2136   0.05888   0.05787   0.08801   0.03418
   158/499     20.9G   0.03954   0.07329   0.00374    0.1166       385       640    0.3332    0.3024    0.2166   0.06146   0.05784   0.08807   0.03326
   159/499     20.9G   0.03953   0.07263  0.003595    0.1158       392       640    0.3305    0.2987    0.2169   0.06093   0.05783    0.0883   0.03313
   160/499     20.9G   0.03948   0.07226  0.003674    0.1154       395       640     0.315    0.3075    0.2163   0.06114   0.05785   0.08826    0.0331
   161/499     20.9G   0.03933   0.07246  0.003741    0.1155       333       640     0.323    0.2941    0.2157   0.06153   0.05792   0.08832   0.03325
   162/499     20.9G   0.03948   0.07242  0.003705    0.1156       372       640    0.3515    0.2738    0.2149   0.05978   0.05801   0.08855     0.033
   163/499     20.9G   0.03917   0.07178  0.003645    0.1146       359       640    0.3598    0.2747    0.2151   0.05821   0.05798   0.08881   0.03297
   164/499     20.9G   0.03903   0.07085  0.003636    0.1135       287       640     0.308    0.3116    0.2135   0.05781   0.05801   0.08924   0.03333
   165/499     20.9G   0.03904   0.07271  0.003504    0.1152       316       640    0.2885    0.2965    0.1945   0.05572   0.05799   0.08918   0.03293
   166/499     20.9G   0.03895   0.07172  0.003581    0.1142       390       640    0.2849    0.2987     0.195   0.05585   0.05803   0.08911   0.03271
   167/499     20.9G   0.03896   0.07178  0.003693    0.1144       355       640    0.2718    0.3096    0.2015   0.05588   0.05803   0.08918   0.03256
   168/499     20.9G    0.0386    0.0722  0.003558    0.1144       422       640    0.2785    0.3029    0.1946   0.05537   0.05805   0.08949   0.03254
   169/499     20.9G   0.03869    0.0722  0.003529    0.1144       389       640    0.2864    0.2928    0.1943   0.05508   0.05806   0.08949    0.0326
   170/499     20.9G   0.03865   0.07132  0.003524    0.1135       433       640    0.2874    0.2978    0.1944   0.05496   0.05803   0.08954   0.03255
   171/499     20.9G   0.03856   0.07105  0.003556    0.1132       363       640    0.2845    0.2971     0.201   0.05566   0.05803   0.08957   0.03252
   172/499     20.9G   0.03832   0.07131  0.003465    0.1131       418       640    0.2773    0.2995    0.2008   0.05557   0.05798   0.08965   0.03237
   173/499     20.9G    0.0383   0.07033  0.003494    0.1121       427       640     0.283    0.2976    0.1937   0.05471   0.05795   0.08971   0.03245
   174/499     20.9G   0.03839   0.07102  0.003505    0.1129       381       640    0.2823    0.2972    0.1939   0.05486   0.05798   0.08977   0.03232
   175/499     20.9G   0.03828   0.07128  0.003468     0.113       403       640    0.2865    0.2933     0.201   0.05549   0.05802   0.08984   0.03244
   176/499     20.9G   0.03795   0.07008  0.003384    0.1114       337       640    0.2736    0.3038    0.1947   0.05497   0.05802    0.0899   0.03277
   177/499     20.9G   0.03787   0.07046  0.003312    0.1116       398       640    0.2706    0.3091    0.1943   0.05484   0.05806   0.08998   0.03272
   178/499     20.9G   0.03798   0.07023  0.003436    0.1116       399       640    0.2759     0.302       0.2   0.05504    0.0581   0.09004   0.03282
   179/499     20.9G    0.0378   0.07068  0.003353    0.1118       389       640    0.2834    0.2974    0.1933   0.05443   0.05809   0.08996   0.03284
   180/499     20.9G    0.0378   0.06944   0.00344    0.1107       317       640    0.2879    0.2969    0.2007   0.05525    0.0581   0.09009   0.03286
   181/499     20.9G   0.03753   0.06942  0.003423    0.1104       374       640    0.2837    0.3057    0.2008   0.05506   0.05812   0.09017   0.03286
   182/499     20.9G   0.03763   0.07006  0.003448    0.1111       346       640    0.2844    0.3058    0.2016   0.05538   0.05813   0.09033   0.03301
   183/499     20.9G   0.03754   0.06951  0.003375    0.1104       348       640    0.2889    0.3017    0.1956   0.05493   0.05814   0.09036   0.03298
   184/499     20.9G   0.03724   0.06987  0.003265    0.1104       324       640    0.2892    0.3056    0.2037   0.05607   0.05817   0.09048   0.03296
   185/499     20.9G   0.03708   0.06928   0.00327    0.1096       422       640    0.2943    0.2985    0.1986   0.05575   0.05815   0.09056   0.03283
   186/499     20.9G   0.03727    0.0692  0.003184    0.1097       383       640    0.2866    0.3032    0.1983   0.05565   0.05814   0.09074   0.03282
   187/499     20.9G   0.03716   0.06959  0.003274      0.11       364       640    0.2921    0.2965    0.2046   0.05626   0.05816   0.09083   0.03299
   188/499     20.9G   0.03709   0.06846  0.003381    0.1089       414       640    0.2962    0.2922    0.1973   0.05547   0.05816   0.09093   0.03292
   189/499     20.9G   0.03709   0.06868  0.003316    0.1091       301       640    0.2934    0.2924    0.2041   0.05602   0.05817   0.09099   0.03309
   190/499     20.9G   0.03674   0.06871  0.003247    0.1087       375       640    0.2871    0.2983    0.1968   0.05516   0.05818   0.09106   0.03314
   191/499     20.9G   0.03679   0.06807  0.003206    0.1081       373       640    0.2902    0.2947    0.2038    0.0555   0.05819   0.09125   0.03313
   192/499     20.9G   0.03676   0.06743  0.003335    0.1075       361       640    0.3031    0.2831     0.204   0.05558   0.05821   0.09149   0.03311
   193/499     20.9G   0.03667    0.0685  0.003138    0.1083       353       640    0.3009    0.2847    0.2037   0.05555   0.05823   0.09158   0.03311
   194/499     20.9G    0.0364   0.06817  0.003271    0.1078       442       640    0.2965     0.289    0.2035   0.05546   0.05824   0.09158   0.03312
   195/499     20.9G    0.0366   0.06806  0.003108    0.1078       341       640    0.2993    0.2884    0.2022   0.05513   0.05828   0.09166   0.03326
   196/499     20.9G   0.03624   0.06777   0.00315    0.1072       385       640    0.2989    0.2861    0.2023   0.05506   0.05828   0.09166   0.03325
   197/499     20.9G   0.03651   0.06737  0.003166     0.107       343       640    0.2972    0.2894    0.2017   0.05501    0.0583   0.09174   0.03321
   198/499     20.9G   0.03625   0.06835  0.003053    0.1077       435       640    0.2965    0.2885     0.202   0.05495   0.05832   0.09185    0.0333
   199/499     20.9G   0.03602   0.06654  0.003077    0.1056       308       640    0.3242    0.3014    0.2148   0.05635   0.05831   0.09195    0.0333
   200/499     20.9G   0.03623   0.06735  0.003189    0.1068       278       640    0.3246    0.3013    0.2144   0.05638   0.05831   0.09205   0.03335
   201/499     20.9G   0.03575   0.06706  0.003091    0.1059       426       640    0.3259    0.3015    0.2142   0.05678   0.05832   0.09217   0.03338
   202/499     20.9G   0.03589   0.06616  0.003096    0.1052       353       640    0.3273       0.3    0.2143   0.05612   0.05832   0.09226   0.03338
   203/499     20.9G   0.03592     0.067  0.003033     0.106       370       640    0.3241    0.3012    0.2143   0.05754   0.05833   0.09238   0.03336
   204/499     20.9G   0.03571    0.0677  0.003044    0.1065       310       640    0.3296     0.295    0.2144    0.0568   0.05833   0.09252   0.03331
   205/499     20.9G    0.0358   0.06705  0.003064    0.1059       315       640    0.3447    0.2851    0.2149   0.05758   0.05833   0.09258   0.03319
   206/499     20.9G   0.03548   0.06689  0.002919    0.1053       454       640    0.3521    0.2814    0.2139   0.05685   0.05835   0.09267   0.03321
   207/499     20.9G   0.03571   0.06662  0.003045    0.1054       329       640    0.3521    0.2809    0.2143   0.05758   0.05835   0.09274   0.03317
   208/499     20.9G   0.03548   0.06671  0.002961    0.1052       296       640    0.3543    0.2788    0.2137   0.05747   0.05837   0.09284   0.03319
   209/499     20.9G   0.03543   0.06649  0.002955    0.1049       412       640    0.3541    0.2787    0.2135   0.05594   0.05838   0.09294   0.03321
   210/499     20.9G   0.03536   0.06645  0.002947    0.1048       362       640     0.356     0.281    0.2137   0.05587   0.05839     0.093   0.03322
   211/499     20.9G   0.03531   0.06625  0.002989    0.1046       393       640    0.3569    0.2783    0.2137   0.05583    0.0584   0.09306   0.03321
   212/499     20.9G   0.03513   0.06614  0.002926    0.1042       333       640    0.3431    0.2844    0.2136   0.05581   0.05842   0.09318   0.03327
   213/499     20.9G   0.03523   0.06628  0.002876    0.1044       300       640    0.3623    0.2724    0.2129   0.05562   0.05844   0.09324   0.03333
   214/499     20.9G   0.03512   0.06537  0.003011    0.1035       338       640    0.3365    0.2854    0.2129   0.05563   0.05845   0.09331   0.03338
   215/499     20.9G   0.03504   0.06611  0.002916    0.1041       312       640    0.3606    0.2715    0.2126   0.05555   0.05846   0.09336   0.03342
   216/499     20.9G   0.03489   0.06478  0.002869    0.1025       412       640    0.3409    0.2832    0.2129   0.05559   0.05846   0.09342   0.03344
   217/499     20.9G   0.03448    0.0655   0.00288    0.1029       327       640    0.3257    0.2958    0.2133   0.05567   0.05847    0.0935   0.03343
   218/499     20.9G   0.03456   0.06504  0.002861    0.1025       289       640    0.3212    0.2997     0.213   0.05553   0.05848    0.0936   0.03344
   219/499     20.9G   0.03468   0.06543  0.002914     0.103       410       640    0.3367    0.2884     0.213   0.05558   0.05848   0.09362   0.03345
   220/499     20.9G   0.03432   0.06406  0.002907    0.1013       304       640    0.3218     0.298    0.2123   0.05544   0.05849   0.09369   0.03347
   221/499     20.9G   0.03448   0.06567  0.002977    0.1031       397       640    0.3247    0.2951    0.2123    0.0554   0.05851   0.09376    0.0335
   222/499     20.9G   0.03416   0.06392  0.002872     0.101       401       640    0.3292    0.2925    0.2121   0.05531   0.05853   0.09384   0.03353
   223/499     20.9G    0.0344   0.06482  0.002874    0.1021       327       640    0.3324     0.291     0.212   0.05541   0.05854   0.09392   0.03353
   224/499     20.9G   0.03416   0.06454  0.002753    0.1015       383       640    0.3444    0.2844    0.2123   0.05537   0.05855   0.09396   0.03355
   225/499     20.9G   0.03408   0.06455   0.00277    0.1014       364       640    0.3505    0.2804    0.2117   0.05534   0.05856     0.094    0.0336
   226/499     20.9G   0.03399   0.06446  0.002792    0.1012       395       640    0.3455    0.2842    0.2115   0.05521   0.05857   0.09407   0.03361
   227/499     20.9G   0.03401   0.06432  0.002785    0.1011       369       640    0.3476     0.285     0.212   0.05531   0.05858   0.09411   0.03355
   228/499     20.9G     0.034   0.06461  0.002816    0.1014       367       640     0.349    0.2843     0.211   0.05516   0.05859   0.09418   0.03353
   229/499     20.9G   0.03399   0.06359  0.002923    0.1005       358       640    0.3512    0.2832    0.2111   0.05513   0.05861   0.09425   0.03355
   230/499     20.9G   0.03367   0.06396  0.002716    0.1004       405       640    0.3485    0.2853    0.2114   0.05517   0.05861    0.0943   0.03358
   231/499     20.9G    0.0338   0.06316  0.002761   0.09972       351       640    0.3494    0.2829    0.2109   0.05514   0.05862   0.09435   0.03361
   232/499     20.9G   0.03378   0.06358  0.002741    0.1001       319       640    0.3505    0.2811    0.2104   0.05507   0.05863    0.0944   0.03362
   233/499     20.9G   0.03342   0.06339  0.002656   0.09946       348       640    0.3501    0.2815    0.2104   0.05511   0.05864   0.09445   0.03361
   234/499     20.9G   0.03341   0.06373  0.002705   0.09985       393       640    0.3504    0.2801    0.2102   0.05501   0.05865   0.09453   0.03364
   235/499     20.9G   0.03358   0.06339  0.002724   0.09969       369       640    0.3504      0.28    0.2097   0.05498   0.05866    0.0946   0.03366
   236/499     20.9G   0.03342   0.06302  0.002736   0.09918       428       640    0.3513    0.2775    0.2099   0.05495   0.05866   0.09464   0.03365
   237/499     20.9G   0.03323   0.06292  0.002728   0.09888       357       640    0.3535    0.2752    0.2097   0.05492   0.05866   0.09468   0.03366
   238/499     20.9G   0.03315   0.06287  0.002632   0.09866       365       640    0.3518    0.2763    0.2098   0.05492   0.05866   0.09472   0.03364
   239/499     20.9G   0.03289   0.06246  0.002617   0.09797       355       640     0.352    0.2752    0.2098   0.05498   0.05867   0.09477   0.03367
   240/499     20.9G   0.03293   0.06247  0.002675   0.09807       341       640     0.357    0.2719    0.2097   0.05487   0.05867   0.09479   0.03367
   241/499     20.9G   0.03309   0.06246  0.002668   0.09822       299       640    0.3532    0.2748    0.2097   0.05481   0.05867   0.09484   0.03364
   242/499     20.9G    0.0327   0.06268  0.002637   0.09802       350       640     0.355     0.273    0.2095   0.05483   0.05867   0.09491   0.03364
   243/499     20.9G   0.03264   0.06256  0.002621   0.09782       384       640    0.3413    0.2796    0.2095   0.05482   0.05867   0.09497   0.03363
   244/499     20.9G   0.03274   0.06239  0.002611   0.09774       257       640    0.3498     0.275    0.2092   0.05476   0.05868   0.09502   0.03366
   245/499     20.9G   0.03258   0.06244  0.002594   0.09762       355       640    0.3431    0.2772    0.2094   0.05481   0.05868   0.09506   0.03367
   246/499     20.9G   0.03261    0.0625  0.002651   0.09776       444       640    0.3447     0.276     0.209   0.05473   0.05869   0.09513   0.03368
   247/499     20.9G   0.03248   0.06186   0.00255   0.09689       363       640    0.3421    0.2778    0.2089    0.0547    0.0587   0.09519   0.03369
   248/499     20.9G   0.03238   0.06148  0.002523   0.09638       306       640    0.3405    0.2796    0.2088    0.0547   0.05871   0.09526   0.03373
   249/499     20.9G   0.03257   0.06146  0.002579    0.0966       287       640    0.3449    0.2772    0.2087   0.05467   0.05872   0.09533   0.03372
   250/499     20.9G   0.03256   0.06161  0.002518   0.09669       316       640     0.345    0.2772    0.2089   0.05458   0.05872   0.09538   0.03372
   251/499     20.9G   0.03218   0.06132  0.002556   0.09606       373       640    0.3421     0.278    0.2085    0.0546   0.05873   0.09545   0.03372
   252/499     20.9G   0.03217   0.06105  0.002532   0.09575       394       640    0.3453    0.2753    0.2083   0.05448   0.05873    0.0955   0.03373
   253/499     20.9G   0.03205   0.06113  0.002531   0.09571       415       640    0.3456    0.2754    0.2079   0.05518   0.05873   0.09554   0.03374
   254/499     20.9G   0.03215    0.0616  0.002501   0.09626       377       640    0.3476     0.274    0.2077   0.05577   0.05873   0.09559   0.03374
   255/499     20.9G   0.03203   0.06123   0.00255   0.09581       351       640    0.3447    0.2755    0.2078   0.05573   0.05873   0.09564   0.03375
   256/499     20.9G   0.03208   0.06082  0.002591    0.0955       296       640    0.3337    0.2813    0.2076   0.05441   0.05874   0.09569   0.03376
   257/499     20.9G   0.03181   0.06173  0.002532   0.09608       345       640    0.3319    0.2832    0.2078   0.05438   0.05874   0.09575   0.03375
   258/499     20.9G    0.0317   0.06119  0.002505   0.09539       349       640    0.3187    0.2917    0.2075   0.05438   0.05875   0.09583   0.03377
   259/499     20.9G   0.03159   0.06087   0.00245    0.0949       346       640    0.3184    0.2946    0.2078   0.05441   0.05875   0.09591   0.03379
   260/499     20.9G   0.03158   0.05997  0.002528   0.09407       290       640    0.3182    0.2953    0.2076    0.0546   0.05875   0.09596    0.0338
   261/499     20.9G   0.03169   0.06049  0.002447   0.09463       360       640     0.317    0.2963    0.2076   0.05459   0.05875     0.096    0.0338
   262/499     20.9G   0.03148   0.06023  0.002559   0.09427       390       640    0.3191    0.2963    0.2076   0.05463   0.05876   0.09607   0.03378
   263/499     20.9G   0.03152   0.06027  0.002469   0.09426       400       640    0.3206    0.2962    0.2077   0.05464   0.05876   0.09614   0.03378
   264/499     20.9G   0.03134   0.05974  0.002525   0.09361       345       640     0.315    0.3017    0.2076   0.05459   0.05877    0.0962   0.03379
   265/499     20.9G   0.03121   0.06045  0.002357   0.09402       356       640    0.3131    0.3024    0.2075   0.05455   0.05877   0.09625   0.03381
   266/499     20.9G   0.03128   0.05969  0.002514   0.09348       379       640    0.3096    0.3071    0.2076   0.05453   0.05878    0.0963   0.03382
   267/499     20.9G   0.03132   0.05995  0.002492   0.09377       398       640    0.3096    0.3083    0.2074   0.05444   0.05878   0.09634   0.03385
   268/499     20.9G   0.03103   0.06023  0.002372   0.09363       310       640    0.3095    0.3089    0.2076   0.05446   0.05878   0.09639   0.03385
   269/499     20.9G   0.03093   0.06032  0.002333   0.09359       486       640    0.3127    0.3068    0.2076   0.05443   0.05879   0.09644   0.03388
   270/499     20.9G   0.03092   0.05891  0.002432   0.09226       365       640    0.3123    0.3073    0.2076   0.05448   0.05879   0.09649   0.03389
   271/499     20.9G   0.03093   0.05981  0.002395   0.09314       329       640    0.3144    0.3058    0.2075   0.05449   0.05879   0.09654    0.0339
   272/499     20.9G   0.03091   0.05888  0.002347   0.09213       438       640    0.3125     0.308    0.2072    0.0545   0.05879   0.09661    0.0339
   273/499     20.9G   0.03084   0.05989  0.002377   0.09311       400       640    0.3134    0.3078    0.2073    0.0545   0.05879   0.09667   0.03392
   274/499     20.9G   0.03071   0.05941  0.002383    0.0925       358       640    0.3119    0.3094    0.2073   0.05454   0.05879   0.09672    0.0339
   275/499     20.9G   0.03054   0.05858  0.002367   0.09149       361       640    0.3133    0.3096    0.2074   0.05446    0.0588   0.09678   0.03392
   276/499     20.9G   0.03059   0.05916  0.002344   0.09209       439       640    0.3139    0.3093    0.2072   0.05445    0.0588   0.09684   0.03392
   277/499     20.9G   0.03058   0.05956  0.002468   0.09261       439       640    0.3145    0.3094     0.207   0.05435    0.0588   0.09688   0.03395
   278/499     20.9G   0.03052   0.05875  0.002361   0.09163       267       640    0.3146    0.3088    0.2069   0.05436   0.05881   0.09694   0.03394
   279/499     20.9G   0.03013   0.05848  0.002272   0.09089       332       640    0.3236    0.3011     0.207   0.05436   0.05881   0.09701   0.03393
   280/499     20.9G   0.03021   0.05949  0.002281   0.09198       452       640    0.3216    0.3024    0.2066    0.0543   0.05881   0.09707   0.03394
   281/499     20.9G   0.03033   0.05831  0.002333   0.09098       372       640    0.3218    0.3023    0.2067   0.05427   0.05882   0.09713   0.03394
   282/499     20.9G   0.03013   0.05855  0.002307     0.091       459       640    0.3235    0.3014    0.2067   0.05428   0.05882   0.09719   0.03395
   283/499     20.9G   0.02997   0.05878  0.002262   0.09102       436       640    0.2989    0.3259    0.2068   0.05426   0.05883   0.09723   0.03397
   284/499     20.9G   0.03015   0.05763  0.002244   0.09003       319       640    0.2988    0.3271    0.2069   0.05418   0.05883   0.09728     0.034
   285/499     20.9G   0.02988   0.05842  0.002241   0.09055       354       640    0.3038    0.3206    0.2065   0.05415   0.05883   0.09733   0.03399
   286/499     20.9G   0.02997    0.0581  0.002394   0.09046       373       640    0.3048    0.3196    0.2065   0.05415   0.05884    0.0974   0.03399
   287/499     20.9G   0.02968   0.05811  0.002183   0.08997       392       640    0.2991    0.3265    0.2066   0.05416   0.05885   0.09747   0.03399
   288/499     20.9G   0.03005   0.05786  0.002304   0.09022       331       640    0.3017    0.3244    0.2066   0.05425   0.05885   0.09753   0.03399
   289/499     20.9G   0.02969   0.05748   0.00229   0.08946       433       640    0.3003    0.3267    0.2067   0.05428   0.05885   0.09759   0.03399
   290/499     20.9G   0.02965   0.05781  0.002189   0.08965       269       640     0.299    0.3282    0.2067   0.05428   0.05886   0.09767   0.03398
   291/499     20.9G   0.02962   0.05772   0.00219   0.08953       377       640     0.299    0.3284    0.2066   0.05431   0.05886   0.09772   0.03398
   292/499     20.9G   0.02942   0.05766  0.002177   0.08926       394       640    0.2986      0.33    0.2067   0.05431   0.05887   0.09779   0.03399
   293/499     20.9G   0.02931   0.05737  0.002209   0.08888       380       640       0.3    0.3287    0.2066    0.0543   0.05887   0.09784   0.03398
   294/499     20.9G    0.0294   0.05745  0.002181   0.08904       395       640       0.3    0.3287    0.2067   0.05433   0.05887    0.0979     0.034
   295/499     20.9G   0.02925   0.05698  0.002143   0.08837       311       640    0.3008    0.3277    0.2066   0.05439   0.05888   0.09797   0.03399
   296/499     20.9G   0.02941    0.0573  0.002231   0.08894       341       640    0.3008    0.3284    0.2069   0.05448   0.05888   0.09802   0.03399
   297/499     20.9G   0.02923   0.05767  0.002188   0.08908       252       640    0.3021    0.3274    0.2069   0.05447   0.05889   0.09808   0.03399
   298/499     20.9G   0.02925   0.05745  0.002133   0.08883       489       640    0.2994    0.3313    0.2069   0.05442   0.05889   0.09813     0.034
   299/499     20.9G   0.02915   0.05712  0.002199   0.08846       359       640    0.3045    0.3244    0.2072   0.05437   0.05889   0.09821     0.034
   300/499     20.9G   0.02898   0.05708  0.002226   0.08829       452       640    0.3056    0.3236    0.2072   0.05442    0.0589   0.09829   0.03402
   301/499     20.9G   0.02905   0.05562  0.002216   0.08689       294       640    0.3053     0.324    0.2069   0.05437    0.0589   0.09835   0.03403
   302/499     20.9G   0.02901   0.05636  0.002237   0.08761       353       640    0.3031    0.3261    0.2066   0.05437    0.0589   0.09842   0.03403
   303/499     20.9G   0.02896   0.05652  0.002194   0.08767       315       640    0.3022    0.3274    0.2064   0.05433    0.0589   0.09846   0.03404
   304/499     20.9G   0.02876   0.05637  0.002091   0.08722       282       640    0.3038    0.3253    0.2064   0.05432   0.05891   0.09853   0.03404
   305/499     20.9G   0.02895   0.05585  0.002166   0.08696       330       640      0.31     0.318    0.2065   0.05432   0.05891   0.09861   0.03403
   306/499     20.9G   0.02855   0.05638  0.002085   0.08702       375       640    0.3093    0.3185    0.2062   0.05427   0.05892   0.09868   0.03403
   307/499     20.9G   0.02868   0.05643  0.002098    0.0872       346       640     0.322     0.306    0.2061   0.05437   0.05892   0.09876   0.03402
   308/499     20.9G   0.02855   0.05596    0.0021   0.08661       347       640    0.3056    0.3234    0.2062   0.05429   0.05892   0.09884   0.03403
   309/499     20.9G   0.02844   0.05613  0.002087   0.08665       354       640    0.3229    0.3052    0.2057   0.05427   0.05893   0.09892   0.03403
   310/499     20.9G   0.02849   0.05565  0.002128   0.08628       397       640    0.3226    0.3056    0.2057   0.05419   0.05893   0.09899   0.03402
   311/499     20.9G   0.02837   0.05628  0.002085   0.08673       467       640    0.3238    0.3047    0.2058   0.05423   0.05893   0.09906   0.03401
   312/499     20.9G   0.02815   0.05582  0.001999   0.08597       345       640    0.3233    0.3057    0.2061   0.05422   0.05893   0.09912     0.034
   313/499     20.9G   0.02826   0.05511  0.002096   0.08546       305       640    0.3267     0.304    0.2062   0.05425   0.05893    0.0992   0.03398
   314/499     20.9G   0.02819   0.05576  0.002006   0.08595       419       640    0.3265    0.3035    0.2061   0.05418   0.05894   0.09927   0.03398
   315/499     20.9G   0.02819   0.05514  0.002036   0.08537       329       640    0.3062    0.3243    0.2061   0.05416   0.05894   0.09935   0.03397
   316/499     20.9G   0.02813   0.05524  0.002136    0.0855       394       640    0.3219    0.3071     0.206   0.05415   0.05895   0.09941   0.03396
   317/499     20.9G   0.02813   0.05583  0.002124   0.08608       350       640    0.3235    0.3065    0.2061   0.05417   0.05895   0.09947   0.03394
   318/499     20.9G   0.02787   0.05515  0.002014   0.08503       314       640    0.3198    0.3092    0.2059   0.05415   0.05896   0.09954   0.03393
   319/499     20.9G   0.02789   0.05429  0.002081   0.08426       365       640      0.32    0.3086    0.2058   0.05416   0.05896   0.09963   0.03394
   320/499     20.9G   0.02789   0.05511  0.002022   0.08503       304       640    0.3184    0.3092    0.2057   0.05416   0.05897    0.0997   0.03394
   321/499     20.9G   0.02777   0.05485  0.002021   0.08464       364       640    0.3202    0.3075    0.2056   0.05426   0.05897   0.09977   0.03393
   322/499     20.9G   0.02758   0.05465     0.002   0.08422       405       640    0.3126    0.3152    0.2059   0.05414   0.05897   0.09984   0.03393
   323/499     20.9G   0.02768   0.05469  0.001994   0.08436       364       640    0.3174    0.3099    0.2057   0.05411   0.05898   0.09992   0.03393
   324/499     20.9G    0.0276   0.05399  0.001946   0.08354       312       640    0.3192    0.3085    0.2056   0.05411   0.05898       0.1   0.03393
   325/499     20.9G   0.02775   0.05467  0.001998   0.08441       329       640    0.3185    0.3098    0.2058   0.05411   0.05898    0.1001   0.03391
   326/499     20.9G   0.02754   0.05537  0.001927   0.08484       365       640    0.3288    0.2995    0.2059   0.05411   0.05899    0.1002    0.0339
   327/499     20.9G   0.02727   0.05421  0.001972   0.08346       353       640    0.3157    0.3122    0.2059   0.05415   0.05899    0.1002    0.0339
   328/499     20.9G   0.02737     0.054  0.001946   0.08332       314       640    0.3159    0.3115    0.2052   0.05398   0.05899    0.1003    0.0339
   329/499     20.9G    0.0275   0.05432  0.002031   0.08385       326       640    0.3273    0.2999    0.2051     0.054     0.059    0.1004   0.03389
   330/499     20.9G   0.02736   0.05441  0.002018   0.08379       412       640    0.3306     0.298    0.2053   0.05395     0.059    0.1005   0.03389
   331/499     20.9G   0.02721   0.05409  0.001968   0.08326       474       640    0.3301    0.2982    0.2051   0.05391   0.05901    0.1006   0.03389
   332/499     20.9G   0.02712   0.05389  0.001926   0.08293       315       640    0.3296    0.2993    0.2049   0.05384   0.05901    0.1007   0.03391
   333/499     20.9G   0.02706   0.05407  0.001965    0.0831       349       640    0.3305    0.2981    0.2046   0.05385   0.05902    0.1007   0.03393
   334/499     20.9G   0.02721   0.05376  0.001914   0.08288       379       640    0.3306    0.2983    0.2046   0.05388   0.05902    0.1008   0.03393
   335/499     20.9G   0.02696   0.05388   0.00187   0.08271       444       640    0.3335    0.2956    0.2044   0.05384   0.05902    0.1009   0.03393
   336/499     20.9G   0.02691   0.05431  0.001932   0.08315       290       640    0.3336    0.2957    0.2044   0.05385   0.05903     0.101   0.03394
   337/499     20.9G   0.02687   0.05339  0.001914   0.08217       362       640    0.3336    0.2962    0.2043   0.05383   0.05903    0.1011   0.03394
   338/499     20.9G   0.02689    0.0529  0.001848   0.08164       360       640    0.3276    0.3013    0.2043   0.05379   0.05903    0.1011   0.03392
   339/499     20.9G   0.02679   0.05267  0.001881   0.08134       400       640    0.3267     0.302    0.2043   0.05377   0.05904    0.1012   0.03392
   340/499     20.9G   0.02678   0.05335  0.001918   0.08205       313       640    0.3259    0.3023    0.2039   0.05376   0.05904    0.1013   0.03392
   341/499     20.9G   0.02694   0.05331   0.00195   0.08221       322       640    0.3835    0.2776    0.2038   0.05374   0.05904    0.1014   0.03392
   342/499     20.9G    0.0267   0.05275  0.001916   0.08137       340       640    0.3232    0.3051    0.2037   0.05372   0.05905    0.1015   0.03392
   343/499     20.9G   0.02648   0.05375  0.001832   0.08206       397       640    0.3234    0.3045    0.2041   0.05382   0.05906    0.1016   0.03391
   344/499     20.9G   0.02647    0.0526  0.001926   0.08099       341       640    0.3258    0.3034    0.1954   0.05301   0.05906    0.1016   0.03389
   345/499     20.9G   0.02663   0.05278  0.001903   0.08132       295       640     0.325    0.3043    0.1951   0.05297   0.05907    0.1017   0.03388
   346/499     20.9G    0.0265   0.05322  0.001934   0.08166       436       640    0.3238    0.3056    0.1952    0.0529   0.05907    0.1018   0.03389
   347/499     20.9G   0.02629   0.05279  0.001864   0.08095       412       640    0.3221    0.3081    0.1948   0.05279   0.05907    0.1019   0.03387
   348/499     20.9G   0.02644   0.05295  0.001872   0.08126       291       640    0.3217    0.3096     0.195   0.05285   0.05907     0.102   0.03385
   349/499     20.9G   0.02623   0.05265  0.001948   0.08083       366       640    0.3218    0.3098    0.1952   0.05291   0.05907    0.1021   0.03385
   350/499     20.9G   0.02619   0.05195  0.001868      0.08       317       640    0.3222    0.3094     0.195   0.05289   0.05908    0.1022   0.03385
   351/499     20.9G   0.02627   0.05185  0.001811   0.07993       302       640    0.3225    0.3095     0.195   0.05298   0.05908    0.1023   0.03384
   352/499     20.9G   0.02605   0.05179  0.001778   0.07963       412       640    0.3234    0.3093    0.1952   0.05296   0.05908    0.1024   0.03384
   353/499     20.9G   0.02603   0.05218  0.001782   0.07999       367       640    0.3244    0.3088    0.1952   0.05298   0.05908    0.1025   0.03383
   354/499     20.9G    0.0259   0.05249   0.00185   0.08024       301       640    0.3237    0.3097     0.195     0.053   0.05908    0.1026   0.03382
   355/499     20.9G   0.02602   0.05188   0.00176   0.07966       376       640    0.3251    0.3088     0.195   0.05296   0.05909    0.1027    0.0338
   356/499     20.9G    0.0259   0.05124  0.001837   0.07898       340       640    0.2893    0.2951    0.1863   0.05248   0.05909    0.1028   0.03379
   357/499     20.9G   0.02584   0.05161  0.001772   0.07922       348       640    0.2906    0.2927    0.1833    0.0522    0.0591    0.1029   0.03379
   358/499     20.9G   0.02569   0.05148  0.001812   0.07898       356       640    0.2928    0.2904    0.1833   0.05218    0.0591    0.1029   0.03379
   359/499     20.9G   0.02589   0.05244  0.001766    0.0801       350       640    0.3138    0.2845    0.1858   0.05252    0.0591     0.103   0.03378
   360/499     20.9G    0.0257   0.05275    0.0018   0.08025       455       640    0.2918    0.2915    0.1836   0.05215    0.0591    0.1031   0.03377
   361/499     20.9G   0.02567   0.05206  0.001797   0.07952       363       640    0.2903    0.2935    0.1838   0.05217    0.0591    0.1032   0.03376
   362/499     20.9G   0.02548   0.05148  0.001761   0.07872       378       640    0.2765    0.3096    0.1837   0.05204   0.05911    0.1033   0.03375
   363/499     20.9G   0.02549   0.05171  0.001751   0.07895       314       640    0.2762    0.3105    0.1838   0.05187   0.05911    0.1034   0.03374
   364/499     20.9G   0.02545   0.05168  0.001768    0.0789       362       640    0.2762    0.3109    0.1856     0.052   0.05911    0.1035   0.03373
   365/499     20.9G   0.02536   0.05194  0.001727   0.07903       402       640    0.3132    0.2859    0.1857   0.05207   0.05912    0.1036   0.03372
   366/499     20.9G   0.02533   0.05084  0.001753   0.07792       362       640    0.2758    0.3113    0.1855   0.05199   0.05912    0.1036   0.03372
   367/499     20.9G   0.02534   0.05198  0.001782    0.0791       313       640    0.2759    0.3115    0.1835    0.0519   0.05912    0.1037    0.0337
   368/499     20.9G   0.02526   0.05063  0.001745   0.07764       374       640    0.3088      0.29    0.1859   0.05211   0.05913    0.1038    0.0337
   369/499     20.9G   0.02493   0.05044   0.00173    0.0771       395       640     0.276    0.3118    0.1831   0.05192   0.05913    0.1039   0.03371
   370/499     20.9G   0.02514    0.0511  0.001815   0.07805       414       640     0.285    0.2999    0.1854   0.05221   0.05914     0.104   0.03369
   371/499     20.9G   0.02525   0.05105  0.001731   0.07803       381       640    0.2422    0.2977    0.1813   0.05347   0.05914    0.1041   0.03369
   372/499     20.9G   0.02514   0.05073  0.001733    0.0776       336       640    0.2425    0.2973    0.1811   0.05347   0.05915    0.1042   0.03369
   373/499     20.9G   0.02505   0.05105  0.001698   0.07779       355       640    0.2424    0.2973    0.1803   0.05308   0.05915    0.1043    0.0337
   374/499     20.9G     0.025   0.05012  0.001798   0.07692       311       640    0.2416    0.2981    0.1801   0.05304   0.05916    0.1044    0.0337
   375/499     20.9G   0.02499   0.04983  0.001726   0.07655       316       640    0.2421    0.2978    0.1801   0.05302   0.05917    0.1045    0.0337
   376/499     20.9G   0.02495   0.04995   0.00167   0.07657       337       640    0.2412    0.2984    0.1799   0.05301   0.05917    0.1046   0.03369
   377/499     20.9G   0.02478   0.04997  0.001661   0.07641       373       640    0.2441    0.2935    0.1799   0.05301   0.05918    0.1047   0.03369
   378/499     20.9G   0.02467   0.04967  0.001686   0.07603       316       640    0.2404    0.2991    0.1798   0.05296   0.05918    0.1048   0.03369
   379/499     20.9G   0.02472   0.04999  0.001689   0.07641       364       640    0.2464    0.2905    0.1792   0.05274   0.05919    0.1049   0.03368
   380/499     20.9G   0.02462   0.04976  0.001686   0.07607       366       640    0.2414    0.2973    0.1789    0.0527   0.05919     0.105   0.03368
   381/499     20.9G   0.02467   0.05007  0.001672   0.07641       423       640     0.241    0.2985    0.1791   0.05268    0.0592    0.1052   0.03369
   382/499     20.9G   0.02448   0.04982  0.001625   0.07592       416       640    0.2466    0.2897    0.1788   0.05259    0.0592    0.1053   0.03369
   383/499     20.9G   0.02441   0.04983  0.001644   0.07588       280       640    0.2468    0.2892    0.1784   0.05249   0.05921    0.1054   0.03368
   384/499     20.9G   0.02437   0.04952  0.001635   0.07552       323       640    0.2474    0.2894    0.1787   0.05251   0.05922    0.1055   0.03368
   385/499     20.9G   0.02429   0.04998  0.001596   0.07586       473       640     0.248    0.2892    0.1785   0.05245   0.05922    0.1056   0.03366
   386/499     20.9G   0.02448   0.04973  0.001625   0.07583       367       640    0.2482    0.2878    0.1785   0.05238   0.05922    0.1057   0.03366
   387/499     20.9G   0.02444   0.04974  0.001665   0.07584       292       640    0.2473    0.2882    0.1781   0.05243   0.05923    0.1058   0.03365
   388/499     20.9G   0.02443   0.05037  0.001616   0.07641       458       640    0.2475    0.2882    0.1783   0.05239   0.05923    0.1059   0.03364
   389/499     20.9G   0.02415   0.04929  0.001597   0.07505       297       640    0.2477    0.2879    0.1782   0.05228   0.05924     0.106   0.03364
   390/499     20.9G   0.02419   0.04973  0.001584    0.0755       401       640    0.2483    0.2853    0.1781   0.05228   0.05924    0.1061   0.03364
   391/499     20.9G   0.02416   0.04996  0.001617   0.07573       382       640    0.2483    0.2855    0.1781   0.05225   0.05925    0.1062   0.03364
   392/499     20.9G   0.02432   0.04904  0.001668   0.07503       286       640    0.2496    0.2837    0.1778   0.05221   0.05925    0.1063   0.03365
   393/499     20.9G   0.02415   0.04853  0.001605   0.07429       317       640    0.2497     0.284    0.1777   0.05217   0.05926    0.1064   0.03366
   394/499     20.9G   0.02401   0.04927  0.001599   0.07488       414       640    0.3655    0.2779    0.1777   0.05217   0.05926    0.1065   0.03366
   395/499     20.9G   0.02385   0.04809  0.001596   0.07354       353       640     0.365    0.2793    0.1776   0.05214   0.05927    0.1066   0.03365
   396/499     20.9G   0.02403   0.04922  0.001592   0.07484       419       640     0.363    0.2817    0.1774   0.05212   0.05927    0.1067   0.03366
   397/499     20.9G   0.02391   0.04887  0.001596   0.07438       335       640    0.3633    0.2812    0.1771   0.05199   0.05927    0.1069   0.03367
   398/499     20.9G   0.02388   0.04935  0.001595   0.07482       325       640    0.3645    0.2788    0.1768   0.05192   0.05928     0.107   0.03367
   399/499     20.9G     0.024   0.04861   0.00162   0.07423       359       640    0.3648    0.2785    0.1765   0.05183   0.05928    0.1071   0.03367
   400/499     20.9G   0.02376    0.0494  0.001565   0.07473       428       640    0.3646    0.2784    0.1764   0.05182   0.05929    0.1072   0.03366
   401/499     20.9G   0.02375   0.04896  0.001636   0.07435       373       640    0.3646    0.2781    0.1763    0.0518   0.05929    0.1073   0.03366
   402/499     20.9G    0.0236   0.04843  0.001517   0.07355       385       640    0.2471    0.2857    0.1766   0.05202    0.0593    0.1074   0.03365
   403/499     20.9G   0.02368   0.04829  0.001581   0.07355       348       640    0.3642    0.2772    0.1764   0.05201    0.0593    0.1076   0.03365
   404/499     20.9G   0.02359   0.04852  0.001624   0.07373       368       640    0.3641    0.2773    0.1759   0.05178    0.0593    0.1077   0.03363
   405/499     20.9G   0.02337   0.04796  0.001507   0.07284       396       640    0.3632    0.2789    0.1763   0.05143   0.05931    0.1078   0.03362
   406/499     20.9G   0.02347   0.04808  0.001618   0.07317       437       640    0.3613    0.2809    0.1759   0.05176   0.05931    0.1079   0.03361
   407/499     20.9G   0.02336   0.04819  0.001472   0.07302       298       640    0.2391    0.2952    0.1753   0.05134   0.05932     0.108   0.03362
   408/499     20.9G   0.02341   0.04804  0.001533   0.07299       390       640    0.3593    0.2825    0.1753   0.05127   0.05932    0.1082   0.03362
   409/499     20.9G   0.02336   0.04795   0.00151   0.07282       376       640    0.2462     0.285    0.1754   0.05124   0.05933    0.1083   0.03361
   410/499     20.9G   0.02343   0.04814  0.001523   0.07309       378       640    0.2457    0.2869    0.1757   0.05128   0.05933    0.1084    0.0336
   411/499     20.9G    0.0234    0.0476  0.001528   0.07252       323       640    0.2429      0.29     0.176   0.05142   0.05934    0.1085   0.03361
   412/499     20.9G   0.02335   0.04774  0.001519   0.07261       332       640    0.2421    0.2908    0.1754   0.05111   0.05934    0.1086   0.03361
   413/499     20.9G   0.02334    0.0482  0.001537   0.07308       357       640    0.2416    0.2909    0.1751   0.05107   0.05935    0.1088   0.03362
   414/499     20.9G   0.02331   0.04777  0.001519    0.0726       450       640    0.2415    0.2911    0.1753   0.05109   0.05935    0.1089   0.03363
   415/499     20.9G   0.02323   0.04797  0.001491   0.07269       372       640    0.2392    0.2945    0.1759   0.05129   0.05936     0.109   0.03363
   416/499     20.9G    0.0229     0.047  0.001498    0.0714       372       640    0.2376     0.296    0.1755   0.05126   0.05936    0.1092   0.03364
   417/499     20.9G   0.02303   0.04804  0.001477   0.07255       329       640    0.2372    0.2962    0.1756   0.05129   0.05937    0.1093   0.03364
   418/499     20.9G   0.02306   0.04811  0.001508   0.07268       373       640    0.2362    0.2977    0.1748   0.05101   0.05937    0.1094   0.03364
   419/499     20.9G   0.02297   0.04725  0.001502   0.07173       363       640    0.3533     0.289    0.1748   0.05099   0.05937    0.1095   0.03364
   420/499     20.9G   0.02301   0.04774  0.001487   0.07224       362       640    0.3542    0.2878    0.1734   0.05049   0.05937    0.1096   0.03363
   421/499     20.9G   0.02298   0.04705  0.001502   0.07153       429       640    0.2318    0.3033     0.173   0.05043   0.05937    0.1097   0.03362
   422/499     20.9G   0.02288   0.04725  0.001458   0.07158       353       640    0.3516    0.2902    0.1727   0.05041   0.05938    0.1098   0.03362
   423/499     20.9G   0.02284   0.04723  0.001441    0.0715       398       640    0.3514    0.2904    0.1724   0.05027   0.05938      0.11   0.03361
   424/499     20.9G    0.0228   0.04724  0.001541   0.07158       351       640    0.3517    0.2911    0.1725    0.0503   0.05939    0.1101   0.03359
   425/499     20.9G   0.02283   0.04741  0.001437   0.07168       387       640    0.3618    0.2761    0.1723   0.05023   0.05939    0.1102   0.03358
   426/499     20.9G   0.02264   0.04703  0.001456   0.07113       367       640    0.3515    0.2895    0.1719   0.05011    0.0594    0.1104   0.03358
   427/499     20.9G   0.02276   0.04738  0.001439   0.07157       345       640    0.3622    0.2752    0.1716   0.05005    0.0594    0.1105   0.03358
   428/499     20.9G   0.02262    0.0469  0.001474     0.071       337       640    0.3621    0.2756    0.1711   0.04969   0.05941    0.1106   0.03358
   429/499     20.9G   0.02259   0.04695  0.001516   0.07106       419       640    0.3619    0.2756    0.1705   0.04953   0.05941    0.1107   0.03357
   430/499     20.9G   0.02243   0.04639  0.001392   0.07021       318       640    0.3645     0.273    0.1704   0.04942   0.05942    0.1108   0.03357
   431/499     20.9G    0.0228   0.04677  0.001469   0.07104       333       640    0.3592    0.2788    0.1701   0.04932   0.05942     0.111   0.03357
   432/499     20.9G   0.02258   0.04604  0.001448   0.07007       381       640    0.3594    0.2784    0.1698   0.04928   0.05943    0.1111   0.03358
   433/499     20.9G   0.02247   0.04726  0.001479   0.07121       385       640    0.3593    0.2786    0.1694   0.04913   0.05943    0.1113   0.03358
   434/499     20.9G   0.02257   0.04616    0.0014   0.07013       379       640    0.3601    0.2767     0.169   0.04906   0.05943    0.1114    0.0336
   435/499     20.9G   0.02237   0.04677  0.001403   0.07054       386       640    0.3589     0.278    0.1688   0.04905   0.05944    0.1116   0.03361
   436/499     20.9G    0.0225   0.04708  0.001486   0.07107       340       640    0.3471    0.2946    0.1685   0.04894   0.05945    0.1117   0.03363
   437/499     20.9G   0.02253   0.04626  0.001443   0.07023       350       640    0.3583    0.2782    0.1683   0.04887   0.05945    0.1118   0.03364
   438/499     20.9G    0.0223    0.0465  0.001395    0.0702       411       640    0.3581    0.2783     0.168   0.04865   0.05946    0.1119   0.03365
   439/499     20.9G   0.02239   0.04684  0.001456   0.07068       394       640    0.3662    0.2692     0.168   0.04865   0.05947    0.1121   0.03365
   440/499     20.9G   0.02226   0.04645  0.001405   0.07012       389       640    0.3587    0.2777    0.1676   0.04857   0.05947    0.1122   0.03365
   441/499     20.9G   0.02215   0.04657  0.001418   0.07014       346       640    0.3635    0.2719    0.1674   0.04846   0.05948    0.1123   0.03367
   442/499     20.9G   0.02203   0.04647  0.001422   0.06992       343       640     0.352    0.2865    0.1673   0.04833   0.05949    0.1124   0.03369
   443/499     20.9G    0.0222   0.04718  0.001453   0.07083       356       640    0.3525     0.286    0.1668   0.04831   0.05949    0.1126   0.03369
   444/499     20.9G    0.0222   0.04644  0.001383   0.07002       394       640    0.3514    0.2872    0.1669   0.04825    0.0595    0.1127   0.03371
   445/499     20.9G   0.02201    0.0466  0.001385   0.06999       392       640    0.3542    0.2821    0.1662    0.0481    0.0595    0.1128    0.0337
   446/499     20.9G   0.02207   0.04641  0.001414   0.06989       365       640    0.3535    0.2836    0.1663   0.04808   0.05951     0.113   0.03371
   447/499     20.9G   0.02205   0.04605  0.001453   0.06956       385       640     0.353    0.2859    0.1665   0.04803   0.05951    0.1131    0.0337
   448/499     20.9G   0.02217   0.04684   0.00139    0.0704       388       640    0.2376     0.292    0.1664   0.04792   0.05952    0.1132   0.03368
   449/499     20.9G     0.022   0.04608  0.001423    0.0695       356       640    0.3545    0.2836    0.1662   0.04793   0.05952    0.1133   0.03369
   450/499     20.9G   0.02198   0.04536  0.001334   0.06868       377       640    0.3548    0.2833    0.1661   0.04789   0.05953    0.1135   0.03369
   451/499     20.9G   0.02202   0.04601  0.001399   0.06943       382       640    0.3522    0.2869    0.1657   0.04783   0.05953    0.1136   0.03369
   452/499     20.9G     0.022    0.0458  0.001365   0.06917       459       640    0.3527    0.2851    0.1655   0.04782   0.05953    0.1137   0.03368
   453/499     20.9G   0.02207   0.04564   0.00135   0.06905       414       640     0.236    0.2939    0.1656   0.04781   0.05954    0.1139   0.03368
   454/499     20.9G     0.022   0.04524  0.001433   0.06868       330       640    0.2355    0.2944    0.1653   0.04769   0.05955     0.114   0.03369
   455/499     20.9G   0.02197    0.0459  0.001355   0.06922       421       640    0.3516    0.2863     0.165   0.04764   0.05955    0.1141    0.0337
   456/499     20.9G   0.02169    0.0453  0.001361   0.06835       394       640    0.2359    0.2931    0.1646   0.04756   0.05955    0.1142    0.0337
   457/499     20.9G   0.02173    0.0456  0.001371   0.06871       390       640    0.2362    0.2928    0.1646   0.04751   0.05956    0.1144   0.03369
   458/499     20.9G   0.02188   0.04597  0.001339   0.06919       346       640    0.2362    0.2919    0.1644   0.04736   0.05956    0.1145    0.0337
   459/499     20.9G   0.02187   0.04534  0.001364   0.06858       388       640    0.2364    0.2912    0.1639   0.04725   0.05957    0.1146   0.03369
   460/499     20.9G   0.02176   0.04603  0.001382   0.06917       433       640     0.362    0.2725    0.1639   0.04714   0.05957    0.1147   0.03368
   461/499     20.9G   0.02158   0.04496  0.001349   0.06789       333       640    0.3601    0.2741    0.1646   0.04716   0.05958    0.1149   0.03369
   462/499     20.9G   0.02154   0.04478  0.001395   0.06772       291       640    0.3606     0.274    0.1633   0.04704   0.05958     0.115    0.0337
   463/499     20.9G   0.02178   0.04551  0.001397   0.06868       303       640    0.3624    0.2711    0.1639   0.04705   0.05959    0.1151    0.0337
   464/499     20.9G   0.02162   0.04545  0.001338   0.06841       324       640    0.3623    0.2718    0.1639   0.04701   0.05959    0.1152   0.03369
   465/499     20.9G   0.02164    0.0452  0.001304   0.06815       366       640    0.3654    0.2683    0.1636   0.04696    0.0596    0.1154   0.03369
   466/499     20.9G    0.0217    0.0455  0.001361   0.06857       406       640    0.3632    0.2692    0.1631   0.04685   0.05961    0.1155    0.0337
   467/499     20.9G   0.02165   0.04447  0.001374    0.0675       345       640    0.3646    0.2681    0.1628   0.04675   0.05961    0.1156   0.03371
   468/499     20.9G   0.02164   0.04535  0.001391   0.06838       354       640    0.3475    0.2887    0.1624   0.04665   0.05961    0.1157   0.03372
   469/499     20.9G   0.02154   0.04506  0.001419   0.06802       460       640    0.3481    0.2883    0.1624   0.04663   0.05962    0.1159   0.03373
   470/499     20.9G   0.02163   0.04561  0.001325   0.06856       474       640    0.3485    0.2882    0.1623   0.04663   0.05962     0.116   0.03373
   471/499     20.9G   0.02137   0.04455  0.001335   0.06726       289       640    0.3477     0.289     0.162   0.04657   0.05963    0.1161   0.03373
   472/499     20.9G   0.02151   0.04541  0.001361   0.06828       370       640    0.3477    0.2882    0.1616   0.04642   0.05963    0.1162   0.03375
   473/499     20.9G   0.02164   0.04532  0.001378   0.06834       313       640    0.3481     0.288    0.1614   0.04646   0.05964    0.1163   0.03375
   474/499     20.9G   0.02149   0.04473  0.001357   0.06758       359       640    0.3668    0.2652    0.1612   0.04645   0.05964    0.1165   0.03376
   475/499     20.9G   0.02149   0.04502  0.001375   0.06788       367       640    0.3474     0.288    0.1611   0.04634   0.05964    0.1166   0.03377
   476/499     20.9G    0.0213   0.04497  0.001331   0.06761       355       640     0.346    0.2898    0.1606   0.04627   0.05965    0.1168   0.03378
   477/499     20.9G   0.02139   0.04508  0.001294   0.06776       310       640    0.3479    0.2868    0.1604   0.04622   0.05965    0.1169   0.03379
   478/499     20.9G   0.02137   0.04477  0.001325   0.06747       318       640    0.3473    0.2873      0.16   0.04605   0.05966     0.117    0.0338
   479/499     20.9G   0.02121   0.04456  0.001286   0.06706       389       640    0.3495    0.2839    0.1598   0.04598   0.05966    0.1172   0.03381
   480/499     20.9G   0.02139   0.04506  0.001296   0.06774       341       640      0.35    0.2837    0.1598   0.04608   0.05967    0.1173   0.03381
   481/499     20.9G   0.02133   0.04557  0.001349   0.06825       352       640    0.3489    0.2853    0.1598   0.04603   0.05967    0.1174   0.03381
   482/499     20.9G   0.02139   0.04482  0.001336   0.06754       390       640     0.349     0.285    0.1595   0.04593   0.05968    0.1175    0.0338
   483/499     20.9G   0.02134   0.04455  0.001368   0.06726       361       640    0.3489    0.2844    0.1592   0.04587   0.05968    0.1177   0.03381
   484/499     20.9G    0.0214   0.04465  0.001356    0.0674       300       640    0.3482    0.2848    0.1589    0.0458   0.05968    0.1178   0.03381
   485/499     20.9G   0.02148   0.04418  0.001389   0.06705       316       640    0.3457    0.2873    0.1589   0.04577   0.05969    0.1179   0.03381
   486/499     20.9G   0.02126   0.04437  0.001338   0.06697       322       640     0.345    0.2883    0.1587   0.04574   0.05969    0.1181    0.0338
   487/499     20.9G   0.02138   0.04451  0.001333   0.06722       363       640    0.3454    0.2877    0.1585    0.0457   0.05969    0.1182    0.0338
   488/499     20.9G   0.02128   0.04424  0.001299   0.06682       416       640    0.3445    0.2888    0.1583   0.04564    0.0597    0.1183   0.03381
   489/499     20.9G   0.02137    0.0446  0.001378   0.06734       380       640    0.3505      0.28    0.1581   0.04562    0.0597    0.1184   0.03381
   490/499     20.9G   0.02115   0.04478  0.001289   0.06722       329       640    0.3516    0.2788     0.158   0.04555    0.0597    0.1186   0.03382
   491/499     20.9G   0.02129   0.04416  0.001347   0.06679       307       640    0.3513    0.2793     0.158   0.04552   0.05971    0.1187   0.03382
   492/499     20.9G   0.02117   0.04477   0.00131   0.06725       325       640    0.3504      0.28    0.1579   0.04552   0.05971    0.1188   0.03383
   493/499     20.9G   0.02112   0.04465  0.001317   0.06708       392       640    0.3477    0.2838    0.1578   0.04549   0.05971     0.119   0.03384
   494/499     20.9G   0.02144   0.04459  0.001407   0.06744       377       640    0.3508    0.2806    0.1577   0.04539   0.05972    0.1191   0.03385
   495/499     20.9G   0.02104   0.04415  0.001297   0.06649       338       640     0.351    0.2802    0.1576   0.04541   0.05972    0.1192   0.03386
   496/499     20.9G   0.02108   0.04468  0.001277   0.06704       412       640    0.3476    0.2836    0.1573   0.04538   0.05973    0.1193   0.03386
   497/499     20.9G   0.02112   0.04495  0.001313   0.06738       373       640    0.3503    0.2799    0.1571   0.04534   0.05973    0.1195   0.03385
   498/499     20.9G   0.02109    0.0441  0.001301   0.06649       328       640    0.3499    0.2805     0.157    0.0453   0.05973    0.1196   0.03387
   499/499     20.9G   0.02123   0.04424  0.001329   0.06681       332       640    0.3509    0.2789    0.1569   0.04529   0.05974    0.1197   0.03387
