      0/99     7.39G   0.06604   0.09945    0.0181    0.1836        37       640    0.6887    0.1324   0.07258   0.01431   0.07309    0.1015   0.02611
      1/99     10.6G   0.06278    0.1018   0.01162    0.1762        19       640    0.2515    0.0588   0.01484  0.003112     0.099    0.3736   0.04472
      2/99     10.6G   0.06277    0.1036   0.01201    0.1784        17       640    0.4448    0.1644   0.09665   0.02206    0.0663    0.1056   0.02346
      3/99     10.6G   0.06292    0.1034   0.01182    0.1781        40       640    0.7327    0.1434    0.1113   0.02543   0.06574   0.08249    0.0208
      4/99     10.6G   0.06287    0.1025   0.01193    0.1773        33       640    0.3043     0.109   0.07719   0.01836   0.08735   0.06673   0.05707
      5/99     10.6G   0.06308    0.1028   0.01199    0.1779        21       640    0.7083     0.122   0.09997   0.02072   0.06893   0.07436   0.02072
      6/99     10.6G   0.06373    0.1043   0.01266    0.1807        33       640    0.3175    0.1016   0.05263   0.01194   0.07371   0.09153   0.02466
      7/99     10.6G   0.06309    0.1008   0.01196    0.1759         7       640     0.314    0.1988   0.08993   0.02027   0.06844   0.08248   0.01642
      8/99     10.6G   0.06366    0.1045   0.01265    0.1808        18       640    0.6903    0.1121    0.0686   0.01548   0.06971   0.07555   0.02484
      9/99     10.6G    0.0639     0.102   0.01302    0.1789        12       640    0.5073    0.1343    0.0837   0.01847   0.06709   0.07829   0.02008
     10/99     10.6G   0.06339    0.1053    0.0125    0.1812        40       640    0.4882    0.1661   0.09559   0.02193   0.07044   0.07284   0.01805
     11/99     10.6G   0.06318    0.1035   0.01231     0.179        36       640    0.3402    0.2087    0.1188   0.02715   0.06347   0.07444   0.02082
     12/99     10.6G   0.06305    0.1028   0.01245    0.1783        26       640    0.3757    0.1931     0.117   0.02445    0.0656   0.07353   0.01831
     13/99     10.6G   0.06292    0.1041   0.01211    0.1791        24       640    0.7403    0.1254    0.0966   0.02275   0.06829    0.0741   0.02131
     14/99     10.6G   0.06266    0.1025   0.01232    0.1775        23       640    0.7334     0.126    0.1076   0.02491   0.06747    0.0772   0.02068
     15/99     10.6G   0.06254    0.1036   0.01222    0.1783        32       640    0.1851    0.1843    0.1164   0.02472   0.06575    0.0744   0.01776
     16/99     10.6G   0.06253    0.1025   0.01208    0.1771        29       640   0.09045    0.2445   0.08076   0.01755    0.0738   0.07491   0.02172
     17/99     10.6G   0.06215    0.1029   0.01204    0.1771        33       640    0.5955    0.1402    0.1241    0.0289   0.06849   0.07076   0.01824
     18/99     10.6G   0.06214    0.1031   0.01219    0.1774        23       640    0.2903    0.2705   0.08515   0.01886   0.06864   0.07832   0.02095
     19/99     10.6G   0.06215    0.1017    0.0118    0.1756        16       640     0.531    0.1443     0.102   0.02418   0.07116   0.07366   0.01877
     20/99     10.6G   0.06195    0.1036   0.01193    0.1775        43       640    0.4127    0.1435    0.1237   0.02998   0.06652   0.07548   0.01657
     21/99     10.6G   0.06168    0.1031   0.01179    0.1766        18       640    0.2934    0.3399    0.1819   0.04307   0.06302   0.07386   0.01826
     22/99     10.6G   0.06167    0.1032   0.01153    0.1764        42       640    0.3302    0.1815    0.1212   0.03008   0.06334   0.07705   0.02265
     23/99     10.6G    0.0615    0.1017   0.01159    0.1748        15       640    0.1156    0.2085    0.0775   0.01698   0.07359   0.08077    0.0192
     24/99     10.6G   0.06143    0.1019   0.01142    0.1747        28       640    0.3928    0.2547    0.1903   0.04827   0.06105   0.07264   0.01657
     25/99     10.6G   0.06113    0.1013   0.01135    0.1738        51       640    0.4035    0.1629    0.1334   0.03225   0.06547   0.07006   0.01712
     26/99     10.6G   0.06115    0.1021   0.01114    0.1744        12       640    0.2368    0.2884    0.1963   0.04905   0.06303   0.07079   0.01978
     27/99     10.6G   0.06113    0.1014   0.01143    0.1739        15       640    0.3681    0.2269    0.1581   0.04035   0.06154   0.07621   0.01681
     28/99     10.6G   0.06082    0.1007   0.01115    0.1727        30       640    0.3199    0.2552     0.104   0.02191   0.06503   0.07082   0.01358
     29/99     10.6G   0.06065    0.1006   0.01103    0.1723        14       640    0.6357    0.2216    0.1793   0.04417    0.0627   0.07397   0.01731
     30/99     10.6G   0.06067    0.1013   0.01126    0.1732        20       640    0.3523    0.1731   0.09922   0.02021   0.07161   0.06858   0.01821
     31/99     10.6G   0.06037    0.1017   0.01101    0.1731        34       640    0.4132    0.2921    0.1951   0.04816   0.06175   0.07335   0.01233
     32/99     10.6G   0.06036    0.1012   0.01081    0.1724        26       640    0.3615    0.2756    0.1636   0.03985   0.06382   0.07362   0.01519
     33/99     10.6G   0.06028    0.1004    0.0109    0.1716        39       640    0.6955   0.07405   0.03944  0.009056   0.08668   0.06511   0.01835
     34/99     10.6G   0.06009    0.1022   0.01069     0.173        25       640    0.4203     0.234    0.1537   0.03519   0.06403   0.07332   0.01946
     35/99     10.6G   0.06003    0.1007   0.01073    0.1715         6       640    0.4027    0.2971    0.2128   0.05448   0.06005   0.06959   0.01399
     36/99     10.6G   0.06011    0.1023   0.01067    0.1731        18       640    0.4054    0.2745    0.1804   0.04359   0.06324   0.07059   0.01382
     37/99     10.6G   0.05987    0.1012    0.0105    0.1716        48       640    0.2498    0.2757    0.2096   0.05238   0.06119   0.07153   0.01421
     38/99     10.6G   0.05967   0.09886   0.01045     0.169        24       640    0.4125    0.2487    0.1699   0.04086   0.06533   0.07508   0.01563
     39/99     10.6G   0.05976    0.1007   0.01069    0.1712        21       640    0.4394    0.1771    0.1519   0.03705   0.06718   0.07146   0.01991
     40/99     10.6G   0.05988    0.1019   0.01044    0.1722        48       640    0.4217     0.263    0.1899   0.04925   0.06171   0.07118   0.01378
     41/99     10.6G    0.0597    0.1017   0.01046    0.1718        15       640    0.4053    0.2036    0.1659   0.04424   0.06295   0.07344   0.01917
     42/99     10.6G   0.05947     0.102   0.01035    0.1718        19       640    0.3993    0.2706     0.178   0.04366   0.06262   0.06964   0.01264
     43/99     10.6G   0.05921    0.1009   0.01022    0.1704        24       640     0.373    0.2976    0.1847   0.04627   0.06309   0.07187    0.0127
     44/99     10.6G   0.05942    0.1001   0.01035    0.1698        33       640    0.4238    0.3146    0.2165   0.05475   0.05926   0.07087   0.01295
     45/99     10.6G   0.05936    0.1007   0.01014    0.1702        46       640    0.4333    0.3226    0.2206   0.05703   0.05951   0.07099    0.0132
     46/99     10.6G   0.05911    0.1019  0.009958     0.171        51       640     0.409    0.3267    0.2011   0.04892   0.05983   0.07584   0.01159
     47/99     10.6G   0.05923    0.1016   0.01006    0.1709        53       640    0.4017    0.2719    0.1998   0.05295     0.059   0.07305   0.01485
     48/99     10.6G   0.05891    0.1017   0.01029    0.1709        52       640    0.4368    0.2996    0.2111    0.0536   0.06082    0.0698    0.0115
     49/99     10.6G   0.05894    0.1012  0.009837      0.17        31       640    0.4591    0.3205    0.2388   0.06262   0.05895   0.07149   0.01185
     50/99     10.6G   0.05917     0.101   0.01015    0.1704        71       640    0.4523    0.3213    0.2473   0.06575   0.05883   0.06967   0.01394
     51/99     10.6G   0.05851    0.1003  0.009862    0.1686        18       640    0.1909    0.2625    0.1542   0.03606   0.06467   0.07199   0.01165
     52/99     10.6G    0.0588    0.1008  0.009638    0.1692        17       640    0.4491    0.2139      0.16   0.04182    0.0627   0.07141   0.01827
     53/99     10.6G   0.05863     0.101  0.009682    0.1693        18       640     0.464    0.3767    0.2753   0.07379   0.05702   0.06983   0.01037
     54/99     10.6G   0.05844    0.1018   0.00957    0.1699        10       640    0.4173    0.3376    0.2291   0.06116   0.05846   0.07167   0.01291
     55/99     10.6G   0.05859    0.1015  0.009888      0.17        15       640    0.2782    0.3174    0.2502   0.06649   0.05774   0.07187   0.01049
     56/99     10.6G   0.05828    0.1012  0.009679    0.1691        72       640    0.2245     0.288     0.206   0.05346   0.06167   0.07184   0.01447
     57/99     10.6G   0.05834    0.1007  0.009741    0.1688        21       640    0.4392    0.3217    0.2443   0.06743    0.0577   0.06921   0.01341
     58/99     10.6G    0.0582   0.09924  0.009355    0.1668        29       640    0.4452    0.3268    0.2406   0.06353   0.05815   0.06954   0.01102
     59/99     10.6G   0.05827    0.1015  0.009502    0.1692        43       640    0.4472    0.3424    0.2565    0.0695   0.05756    0.0691   0.01267
     60/99     10.6G   0.05766   0.09964  0.009294    0.1666        31       640    0.4514    0.3535    0.2621   0.07208   0.05672   0.06988    0.0115
     61/99     10.6G   0.05795    0.1009  0.009338    0.1682        55       640    0.4441    0.3448    0.2563   0.07005   0.05759   0.06909   0.01177
     62/99     10.6G   0.05777   0.09929  0.009313    0.1664        39       640    0.4639    0.3398     0.256    0.0679   0.05695   0.06964   0.01019
     63/99     10.6G   0.05785    0.1008  0.009256    0.1679        34       640    0.4357    0.3144    0.2482   0.06877   0.05694   0.06954   0.01368
     64/99     10.6G   0.05774   0.09959  0.009112    0.1664        32       640    0.4657    0.3537     0.256   0.06905   0.05719   0.07142    0.0106
     65/99     10.6G   0.05786   0.09967  0.009128    0.1667        30       640    0.2208     0.449    0.2717   0.07494   0.05675   0.06941   0.01135
     66/99     10.6G   0.05743   0.09923  0.009148    0.1658        29       640    0.4327    0.3521    0.2523   0.06897     0.057   0.06975   0.01181
     67/99     10.6G   0.05711    0.1004  0.009072    0.1666        27       640     0.466    0.3524    0.2616   0.07079   0.05664   0.06935  0.009937
     68/99     10.6G   0.05714    0.1001  0.008951    0.1662        21       640    0.2482    0.3585     0.265   0.07279   0.05701   0.07035   0.01135
     69/99     10.6G   0.05696   0.09918  0.009035    0.1652        23       640    0.4685    0.3482    0.2677   0.07262   0.05728   0.07044   0.01037
     70/99     10.6G   0.05711   0.09946  0.008813    0.1654        17       640    0.2537    0.3639    0.2684   0.07324   0.05668   0.06945   0.01025
     71/99     10.6G   0.05706    0.1012  0.008829    0.1671        48       640    0.4353    0.3537    0.2556   0.07016   0.05664   0.06991   0.01131
     72/99     10.6G   0.05688   0.09986  0.008785    0.1655        22       640    0.4775    0.3562    0.2822   0.07802   0.05616   0.06954   0.01044
     73/99     10.6G   0.05701   0.09959  0.008848    0.1654        22       640    0.2483    0.3291    0.2489   0.06846   0.05705   0.06979   0.01235
     74/99     10.6G   0.05677    0.1005  0.008906    0.1662        26       640    0.2604    0.3479    0.2677   0.07457   0.05642   0.06927   0.01133
     75/99     10.6G   0.05668    0.1002   0.00861    0.1654        30       640    0.4655    0.3432    0.2597    0.0705   0.05722   0.07073   0.01049
     76/99     10.6G   0.05697    0.1001  0.008766    0.1658        38       640     0.249    0.3522    0.2632   0.07251   0.05697   0.06984   0.01253
     77/99     10.6G    0.0566     0.101  0.008733    0.1663        29       640      0.48    0.3191    0.2592   0.07126   0.05699   0.07016   0.01208
     78/99     10.6G   0.05654    0.1013  0.008806    0.1667        46       640    0.4506    0.3489    0.2593   0.07249   0.05644   0.06952   0.01249
     79/99     10.6G    0.0561   0.09847  0.008481    0.1631        12       640    0.4585    0.3633    0.2735    0.0756   0.05601   0.06965   0.01066
     80/99     10.6G   0.05638   0.09933  0.008418    0.1641        17       640    0.4634    0.3483    0.2724   0.07639    0.0557   0.06944   0.01182
     81/99     10.6G   0.05653    0.1004  0.008543    0.1654        21       640    0.4611    0.3517    0.2651   0.07269   0.05616    0.0697   0.01087
     82/99     10.6G   0.05613   0.09834  0.008409    0.1629        20       640    0.4774    0.3455    0.2742   0.07681     0.056   0.06966   0.01082
     83/99     10.6G   0.05592    0.0981  0.008234    0.1623        45       640    0.2786    0.3516    0.2771   0.07757   0.05606   0.06949   0.01063
     84/99     10.6G   0.05581   0.09926  0.008215    0.1633        25       640    0.2506    0.3649     0.262   0.07269   0.05647   0.06992   0.01099
     85/99     10.6G     0.056    0.1002  0.008343    0.1646        35       640      0.46    0.3559    0.2675   0.07427   0.05615   0.06937   0.01087
     86/99     10.6G    0.0561   0.09985  0.008279    0.1642        14       640    0.4687    0.3512    0.2695   0.07399   0.05605   0.06967   0.01028
     87/99     10.6G   0.05576   0.09953  0.008046    0.1633        24       640    0.2529    0.3562    0.2659   0.07263    0.0561   0.06976   0.01153
     88/99     10.6G   0.05585   0.09854  0.008244    0.1626        28       640    0.4579    0.3516    0.2659   0.07351   0.05615    0.0703   0.01112
     89/99     10.6G   0.05556   0.09844  0.008145    0.1621        18       640    0.4557    0.3623    0.2675   0.07526   0.05607   0.06988   0.01122
     90/99     10.6G   0.05586   0.09935  0.008225    0.1634        33       640    0.4708    0.3531    0.2726   0.07644    0.0559   0.06982   0.01089
     91/99     10.6G   0.05567   0.09835  0.008308    0.1623        29       640    0.4803    0.3437    0.2739   0.07672   0.05582   0.06985   0.01093
     92/99     10.6G   0.05568   0.09837  0.008197    0.1622        34       640    0.4704    0.3605     0.274    0.0765   0.05569    0.0698   0.01061
     93/99     10.6G   0.05555   0.09962  0.008059    0.1632        44       640    0.4829    0.3344    0.2689   0.07523   0.05569   0.06989   0.01094
     94/99     10.6G   0.05567   0.09926  0.008201    0.1631        20       640    0.4782    0.3399     0.267   0.07453   0.05597   0.06982   0.01075
     95/99     10.6G   0.05527     0.099  0.007811    0.1621        13       640    0.4626    0.3658    0.2702   0.07561    0.0559   0.06972   0.01055
     96/99     10.6G    0.0556   0.09877  0.008122    0.1625        40       640    0.4678    0.3609    0.2726   0.07665   0.05585    0.0695   0.01085
     97/99     10.6G   0.05552   0.09966     0.008    0.1632        27       640    0.4679    0.3681     0.271   0.07569   0.05612   0.06999   0.01087
     98/99     10.6G   0.05524   0.09876  0.007805    0.1618        27       640      0.47    0.3677     0.275   0.07691   0.05598   0.06959   0.01065
     99/99     10.6G   0.05538   0.09927  0.007896    0.1625        24       640    0.4816    0.3527    0.2769   0.07779   0.05579   0.06952   0.01063
