0 0.29921875 0.1640625 0.1265625 0.103125
0 0.253125 0.29921875 0.196875 0.1234375
0 0.1765625 0.48984375 0.16875 0.2203125
0 0.09765625 0.7484375 0.1890625 0.234375
2 0.40703125 0.11640625 0.0265625 0.1828125
2 0.37265625 0.38203125 0.1265625 0.3546875
0 0.89765625 0.678125 0.1640625 0.265625
0 0.83359375 0.41171875 0.1421875 0.2140625
0 0.73828125 0.20703125 0.1046875 0.1734375
0 0.6640625 0.06875 0.090625 0.13125
0 0.7265625 0.36015625 0.115625 0.1203125
0 0.65703125 0.20859375 0.0546875 0.1140625
0 0.78125 0.58125 0.096875 0.178125
2 0.23671875 0.8375 0.1265625 0.259375
