0 0.23359375 0.2625 0.1765625 0.2
0 0.16796875 0.4703125 0.2203125 0.196875
0 0.10234375 0.70234375 0.1765625 0.2171875
0 0.71015625 0.2609375 0.1359375 0.134375
0 0.76640625 0.4046875 0.1890625 0.134375
0 0.83671875 0.5609375 0.2078125 0.128125
0 0.8828125 0.775 0.20625 0.1625
0 0.65234375 0.103125 0.0953125 0.125
0 0.31484375 0.08125 0.1234375 0.103125
2 0.36953125 0.1796875 0.0640625 0.253125
2 0.32421875 0.36875 0.0140625 0.08125
2 0.26640625 0.63046875 0.0984375 0.3296875
2 0.153125 0.89140625 0.046875 0.0953125
0 0.88125 0.90859375 0.15 0.0984375
