2 0.51875 0.6375 0.115625 0.675
2 0.3765625 0.2171875 0.075 0.303125
2 0.2859375 0.63203125 0.06875 0.2390625
2 0.2078125 0.85859375 0.075 0.1171875
0 0.2234375 0.303125 0.09375 0.196875
0 0.1296875 0.5484375 0.103125 0.2125
0 0.0234375 0.7125 0.046875 0.10625
0 0.64453125 0.0734375 0.1078125 0.128125
0 0.6890625 0.20859375 0.159375 0.1390625
0 0.73203125 0.3609375 0.1671875 0.159375
0 0.81875 0.60390625 0.215625 0.0484375
0 0.9171875 0.5109375 0.05625 0.1125
0 0.84609375 0.4125 0.0609375 0.084375
