0 0.28203125 0.18046875 0.1609375 0.1703125
0 0.22734375 0.38671875 0.1859375 0.2046875
0 0.16875 0.61640625 0.23125 0.2015625
0 0.103125 0.82109375 0.15625 0.1765625
0 0.87421875 0.58828125 0.1953125 0.2484375
0 0.909375 0.8078125 0.165625 0.153125
0 0.775 0.34375 0.178125 0.15
0 0.69921875 0.16953125 0.1421875 0.1390625
2 0.20078125 0.87109375 0.0609375 0.1765625
2 0.2953125 0.6171875 0.084375 0.275
2 0.3890625 0.1921875 0.078125 0.38125
0 0.64140625 0.05 0.0890625 0.078125
0 0.9171875 0.93046875 0.125 0.0890625
