0 0.290625 0.1671875 0.175 0.171875
0 0.2171875 0.3734375 0.253125 0.209375
0 0.14921875 0.5984375 0.2578125 0.16875
0 0.453125 0.525 0.515625 0.340625
0 0.81875 0.425 0.184375 0.1125
0 0.88125 0.58984375 0.19375 0.1859375
0 0.7265625 0.2515625 0.11875 0.125
2 0.38984375 0.16484375 0.0796875 0.2796875
2 0.27421875 0.64140625 0.0828125 0.2765625
0 0.91640625 0.91640625 0.1328125 0.1296875
0 0.6671875 0.12265625 0.14375 0.1390625
0 0.06953125 0.81015625 0.0859375 0.1484375
2 0.1890625 0.884375 0.075 0.178125
