0 0.275 0.1796875 0.15625 0.090625
0 0.18359375 0.3015625 0.1890625 0.109375
0 0.11640625 0.46953125 0.1890625 0.1953125
0 0.06484375 0.65546875 0.1015625 0.1546875
0 0.84609375 0.66015625 0.2359375 0.2578125
0 0.7328125 0.34921875 0.159375 0.2046875
0 0.6671875 0.14609375 0.096875 0.1015625
2 0.3796875 0.1625 0.09375 0.2375
2 0.271875 0.49296875 0.1125 0.3265625
2 0.16328125 0.84453125 0.1046875 0.2703125
0 0.796875 0.49296875 0.209375 0.0640625
0 0.8703125 0.875 0.23125 0.175
0 0.62578125 0.04921875 0.0703125 0.0859375
2 0.471875 0.31875 0.065625 0.321875
