0 0.275 0.21015625 0.15 0.1453125
0 0.20859375 0.39453125 0.2265625 0.1953125
0 0.13359375 0.63359375 0.2453125 0.2390625
0 0.08203125 0.82734375 0.1421875 0.1203125
0 0.73515625 0.2609375 0.1203125 0.1125
0 0.6875 0.1296875 0.1125 0.13125
2 0.2984375 0.63828125 0.084375 0.3171875
2 0.1984375 0.8875 0.08125 0.1875
2 0.38203125 0.19296875 0.0703125 0.3734375
0 0.8515625 0.571875 0.225 0.115625
0 0.8890625 0.75078125 0.196875 0.2015625
0 0.90859375 0.93515625 0.1296875 0.0796875
0 0.6484375 0.0296875 0.084375 0.053125
