0 0.30546875 0.10234375 0.1453125 0.1390625
0 0.24453125 0.25703125 0.2359375 0.1296875
0 0.140625 0.44921875 0.2625 0.1859375
0 0.1125 0.696875 0.190625 0.2375
0 0.86953125 0.66640625 0.2265625 0.2484375
0 0.81640625 0.4359375 0.1765625 0.19375
0 0.72265625 0.24921875 0.1609375 0.1609375
0 0.66171875 0.09921875 0.1046875 0.0859375
2 0.36796875 0.21640625 0.1078125 0.3828125
2 0.27265625 0.625 0.0734375 0.2875
2 0.1484375 0.86640625 0.10625 0.0953125
0 0.91875 0.88046875 0.146875 0.1421875
2 0.503125 0.15546875 0.078125 0.2203125
