0 0.3046875 0.121875 0.153125 0.125
0 0.21015625 0.34453125 0.2046875 0.2515625
0 0.11171875 0.6375 0.2203125 0.275
2 0.5078125 0.6125 0.065625 0.5875
2 0.3609375 0.23828125 0.0875 0.3421875
2 0.24453125 0.653125 0.1203125 0.303125
0 0.64765625 0.07578125 0.1171875 0.1109375
0 0.6984375 0.19375 0.153125 0.10625
0 0.84140625 0.525 0.2078125 0.1375
0 0.86875 0.671875 0.215625 0.1375
0 0.853125 0.80390625 0.2625 0.0921875
0 0.7421875 0.309375 0.146875 0.0875
0 0.8265625 0.41328125 0.084375 0.0734375
0 0.890625 0.9140625 0.11875 0.096875
2 0.1640625 0.88203125 0.109375 0.0953125
