0 0.29296875 0.17109375 0.1203125 0.1203125
0 0.19453125 0.36015625 0.1984375 0.1953125
0 0.1265625 0.5875 0.2 0.234375
0 0.1 0.79453125 0.15 0.1703125
2 0.3046875 0.60078125 0.134375 0.3015625
2 0.36640625 0.22265625 0.1234375 0.3765625
0 0.88671875 0.72578125 0.1984375 0.1984375
0 0.65625 0.11875 0.09375 0.1375
0 0.915625 0.9046875 0.15625 0.14375
0 0.78984375 0.515625 0.1578125 0.171875
0 0.72578125 0.3625 0.1421875 0.128125
0 0.69140625 0.2421875 0.1390625 0.096875
2 0.19140625 0.87578125 0.1109375 0.1453125
