3 0.74375 0.3546875 0.25 0.08125
3 0.1625 0.48046875 0.315625 0.0890625
3 0.2921875 0.16328125 0.2125 0.0421875
3 0.51484375 0.12421875 0.1890625 0.0546875
3 0.6796875 0.1046875 0.09375 0.028125
2 0.28046875 0.64140625 0.0796875 0.1859375
2 0.22734375 0.8796875 0.1171875 0.221875
2 0.36640625 0.3265625 0.0765625 0.2375
2 0.41484375 0.06875 0.0421875 0.10625
2 0.70859375 0.78671875 0.0890625 0.2109375
2 0.67265625 0.5359375 0.1015625 0.2375
2 0.6046875 0.24609375 0.053125 0.1203125
3 0.90859375 0.82265625 0.1359375 0.0953125
