3 0.65390625 0.3015625 0.2859375 0.071875
3 0.81875 0.65703125 0.321875 0.1265625
3 0.43984375 0.10078125 0.4765625 0.0859375
3 0.603125 0.928125 0.4875 0.115625
3 0.0859375 0.31875 0.084375 0.03125
2 0.35859375 0.225 0.0796875 0.1875
2 0.28359375 0.45 0.0890625 0.2125
2 0.20859375 0.77734375 0.1453125 0.3734375
2 0.62578125 0.47734375 0.0578125 0.1953125
2 0.66640625 0.71796875 0.0890625 0.2359375
2 0.57734375 0.190625 0.0421875 0.13125
2 0.4171875 0.04609375 0.05625 0.0703125
3 0.090625 0.93984375 0.11875 0.0703125
