3 0.81953125 0.575 0.3515625 0.115625
3 0.75546875 0.0921875 0.3734375 0.06875
3 0.12734375 0.596875 0.2421875 0.078125
3 0.459375 0.43515625 0.25625 0.1015625
3 0.26328125 0.2234375 0.1859375 0.053125
3 0.4734375 0.203125 0.153125 0.08125
3 0.33515625 0.0484375 0.1328125 0.05
2 0.61484375 0.51640625 0.0296875 0.1421875
2 0.63671875 0.6984375 0.0640625 0.178125
2 0.6578125 0.8859375 0.065625 0.175
2 0.32578125 0.36484375 0.0890625 0.1859375
2 0.28046875 0.52421875 0.0484375 0.1015625
2 0.20859375 0.7953125 0.1359375 0.3375
2 0.3921875 0.13203125 0.078125 0.1546875
