3 0.6640625 0.27734375 0.296875 0.1046875
3 0.2328125 0.3453125 0.36875 0.0875
3 0.7796875 0.640625 0.31875 0.10625
3 0.3953125 0.83046875 0.73125 0.1546875
3 0.33125 0.1 0.15625 0.071875
3 0.50859375 0.0671875 0.1453125 0.059375
3 0.646875 0.04453125 0.065625 0.0265625
2 0.30546875 0.58203125 0.1015625 0.3453125
2 0.215625 0.90859375 0.0875 0.1671875
2 0.390625 0.20078125 0.059375 0.2359375
2 0.42734375 0.040625 0.0234375 0.05625
2 0.6453125 0.50703125 0.05 0.1546875
2 0.590625 0.1625 0.05625 0.1
3 0.07265625 0.4671875 0.1390625 0.05625
