3 0.67578125 0.65234375 0.4921875 0.1640625
3 0.4796875 0.91015625 0.415625 0.1546875
3 0.57421875 0.309375 0.4109375 0.10625
3 0.17421875 0.3359375 0.3140625 0.065625
3 0.69296875 0.19453125 0.1140625 0.0328125
3 0.53515625 0.05390625 0.2609375 0.0421875
3 0.31875 0.090625 0.15 0.04375
2 0.25625 0.5796875 0.13125 0.36875
2 0.36953125 0.2140625 0.0953125 0.190625
2 0.41875 0.03046875 0.040625 0.0578125
2 0.62265625 0.41328125 0.0546875 0.1453125
2 0.58359375 0.17109375 0.0453125 0.0484375
3 0.0828125 0.909375 0.134375 0.09375
