3 0.5171875 0.81328125 0.484375 0.1859375
3 0.88984375 0.74453125 0.1984375 0.0609375
3 0.71484375 0.2703125 0.1703125 0.053125
3 0.56796875 0.296875 0.0703125 0.05
3 0.203125 0.35859375 0.26875 0.0609375
3 0.32890625 0.10546875 0.1640625 0.0515625
3 0.51171875 0.071875 0.1515625 0.046875
3 0.66015625 0.05 0.0828125 0.03125
2 0.3 0.60703125 0.13125 0.4109375
2 0.20859375 0.93828125 0.0765625 0.1046875
2 0.375 0.23203125 0.103125 0.2703125
2 0.42265625 0.04140625 0.0515625 0.0640625
3 0.0859375 0.86875 0.171875 0.09375
