3 0.490625 0.34140625 0.2125 0.0234375
3 0.159375 0.4859375 0.26875 0.078125
3 0.83359375 0.47890625 0.1984375 0.0734375
3 0.28203125 0.1734375 0.2046875 0.08125
3 0.48125 0.13515625 0.140625 0.0640625
2 0.36953125 0.26015625 0.0640625 0.1796875
2 0.3375 0.4171875 0.04375 0.090625
2 0.2859375 0.60546875 0.078125 0.2171875
2 0.2203125 0.85546875 0.0875 0.2421875
2 0.68359375 0.759375 0.0953125 0.35625
2 0.63515625 0.4734375 0.0703125 0.15625
2 0.5921875 0.23671875 0.053125 0.1640625
2 0.4078125 0.07890625 0.0375 0.1265625
2 0.571875 0.06171875 0.03125 0.0578125
2 0.2609375 0.0671875 0.075 0.121875
2 0.13828125 0.240625 0.0578125 0.09375
