3 0.66171875 0.13515625 0.1484375 0.0453125
3 0.2265625 0.334375 0.29375 0.05625
3 0.83359375 0.5859375 0.3078125 0.071875
3 0.5 0.70390625 0.384375 0.1109375
3 0.134375 0.7890625 0.2625 0.090625
3 0.33515625 0.08359375 0.1515625 0.0484375
3 0.50546875 0.0609375 0.1328125 0.04375
3 0.65703125 0.03671875 0.0703125 0.0234375
2 0.3109375 0.51953125 0.096875 0.2953125
2 0.22578125 0.8953125 0.0796875 0.196875
2 0.3859375 0.20703125 0.08125 0.2109375
2 0.4328125 0.03125 0.03125 0.05
2 0.6203125 0.2625 0.05625 0.165625
2 0.66328125 0.4640625 0.0828125 0.19375
2 0.73984375 0.80234375 0.0765625 0.1328125
2 0.7734375 0.92734375 0.053125 0.0859375
