3 0.66328125 0.27578125 0.2140625 0.0578125
3 0.18515625 0.37890625 0.3171875 0.0890625
3 0.82578125 0.7140625 0.2578125 0.0875
3 0.45078125 0.909375 0.4015625 0.165625
3 0.296875 0.11328125 0.1625 0.0390625
3 0.48828125 0.0765625 0.1546875 0.046875
3 0.62109375 0.04921875 0.0921875 0.0421875
2 0.27109375 0.5234375 0.0703125 0.15
2 0.21796875 0.70234375 0.0765625 0.1703125
2 0.16015625 0.89609375 0.0890625 0.1921875
2 0.3421875 0.2859375 0.06875 0.11875
2 0.3625 0.16484375 0.05 0.0921875
2 0.9359375 0.60546875 0.04375 0.1140625
2 0.87265625 0.46328125 0.0703125 0.1359375
2 0.8125 0.3484375 0.05625 0.115625
2 0.7375 0.184375 0.04375 0.078125
2 0.4015625 0.046875 0.04375 0.065625
