3 0.18359375 0.6421875 0.3515625 0.109375
3 0.58359375 0.48046875 0.5609375 0.0765625
3 0.1484375 0.425 0.275 0.0625
3 0.30390625 0.23046875 0.3921875 0.0453125
3 0.66171875 0.1421875 0.1546875 0.040625
3 0.32890625 0.0453125 0.1828125 0.040625
3 0.54921875 0.0296875 0.2265625 0.046875
2 0.33125 0.36796875 0.0625 0.1671875
2 0.39375 0.1453125 0.0625 0.165625
2 0.28125 0.546875 0.059375 0.1
2 0.2171875 0.7453125 0.078125 0.20625
2 0.66171875 0.6875 0.0765625 0.2625
2 0.6078125 0.32421875 0.0625 0.1515625
2 0.5671875 0.10703125 0.025 0.0921875
