3 0.17578125 0.51328125 0.3234375 0.0828125
3 0.8796875 0.8875 0.11875 0.125
3 0.2953125 0.184375 0.21875 0.071875
3 0.49296875 0.13515625 0.1515625 0.0953125
3 0.66328125 0.1046875 0.0953125 0.04375
3 0.790625 0.3640625 0.14375 0.0375
3 0.6625 0.37734375 0.06875 0.0109375
3 0.47890625 0.36484375 0.2265625 0.0859375
2 0.246875 0.7875 0.1 0.3875
2 0.3671875 0.28125 0.08125 0.178125
2 0.42265625 0.07734375 0.0671875 0.1203125
2 0.61328125 0.25625 0.0640625 0.153125
2 0.65625 0.47734375 0.109375 0.1921875
2 0.7171875 0.77890625 0.109375 0.3265625
