3 0.60703125 0.27265625 0.2890625 0.1171875
3 0.22734375 0.34375 0.3703125 0.06875
3 0.8046875 0.60546875 0.28125 0.1078125
3 0.4640625 0.75078125 0.40625 0.1421875
3 0.10703125 0.8453125 0.1953125 0.09375
3 0.31796875 0.09453125 0.1703125 0.0484375
3 0.5 0.0703125 0.171875 0.059375
3 0.64453125 0.04296875 0.0765625 0.0234375
2 0.30546875 0.47265625 0.0640625 0.1859375
2 0.25390625 0.678125 0.0703125 0.18125
2 0.1859375 0.9046875 0.0625 0.121875
2 0.71015625 0.8703125 0.0828125 0.221875
2 0.653125 0.58203125 0.08125 0.1453125
2 0.6296875 0.43515625 0.065625 0.1078125
2 0.6125 0.3265625 0.04375 0.071875
2 0.38515625 0.16328125 0.0703125 0.1078125
2 0.35546875 0.2875 0.0484375 0.10625
2 0.5828125 0.15859375 0.053125 0.0734375
