3 0.76953125 0.40390625 0.2203125 0.1109375
3 0.1953125 0.478125 0.3125 0.096875
3 0.2953125 0.16328125 0.1875 0.0703125
3 0.51171875 0.1359375 0.1765625 0.0625
3 0.67578125 0.109375 0.0796875 0.040625
2 0.2921875 0.68671875 0.090625 0.2609375
2 0.24375 0.90859375 0.05625 0.1484375
2 0.371875 0.32109375 0.08125 0.2671875
2 0.425 0.0609375 0.04375 0.121875
2 0.68515625 0.5328125 0.1015625 0.19375
2 0.62890625 0.2875 0.0640625 0.171875
2 0.75234375 0.83046875 0.1203125 0.2671875
3 0.47421875 0.3546875 0.1078125 0.046875
