3 0.76015625 0.525 0.2390625 0.04375
3 0.1234375 0.5546875 0.225 0.053125
3 0.44921875 0.4 0.2421875 0.10625
3 0.70390625 0.32734375 0.1828125 0.0609375
3 0.465625 0.171875 0.16875 0.078125
3 0.65 0.1390625 0.125 0.05
3 0.296875 0.2 0.08125 0.053125
3 0.3265625 0.0265625 0.103125 0.046875
2 0.19296875 0.7734375 0.1328125 0.353125
2 0.59453125 0.51953125 0.0703125 0.1984375
2 0.62890625 0.80859375 0.0734375 0.3265625
2 0.32734375 0.32109375 0.0796875 0.1671875
2 0.27734375 0.49140625 0.0453125 0.0984375
2 0.3890625 0.1015625 0.0625 0.14375
2 0.5671875 0.25546875 0.053125 0.1453125
