3 0.184375 0.6328125 0.35625 0.096875
3 0.54140625 0.48359375 0.3640625 0.1171875
3 0.82421875 0.41484375 0.1484375 0.0515625
3 0.69140625 0.14140625 0.0890625 0.0515625
3 0.51484375 0.18984375 0.2078125 0.0796875
3 0.27890625 0.24765625 0.2109375 0.0515625
3 0.34296875 0.028125 0.1609375 0.040625
3 0.50234375 0.0171875 0.1265625 0.03125
2 0.2578125 0.8015625 0.11875 0.29375
2 0.35390625 0.38203125 0.0984375 0.2265625
2 0.40859375 0.11484375 0.0546875 0.1421875
2 0.615625 0.328125 0.071875 0.153125
2 0.70390625 0.7703125 0.1046875 0.371875
