3 0.865625 0.80859375 0.221875 0.1609375
3 0.1578125 0.4359375 0.25625 0.05
3 0.69375 0.34921875 0.19375 0.0640625
3 0.28984375 0.1390625 0.2140625 0.040625
3 0.5453125 0.09609375 0.284375 0.0671875
3 0.64765625 0.14609375 0.1515625 0.0328125
2 0.33671875 0.3125 0.0953125 0.2625
2 0.2234375 0.70390625 0.121875 0.3828125
2 0.4078125 0.05234375 0.05625 0.0953125
2 0.621875 0.60234375 0.05625 0.1640625
2 0.65390625 0.85234375 0.0765625 0.2671875
2 0.5921875 0.26640625 0.053125 0.1171875
2 0.60703125 0.4421875 0.0578125 0.115625
2 0.0546875 0.34140625 0.071875 0.0828125
