3 0.45546875 0.73828125 0.4296875 0.1359375
3 0.834375 0.6109375 0.278125 0.053125
3 0.21015625 0.34296875 0.3015625 0.0390625
3 0.63828125 0.2796875 0.2296875 0.078125
3 0.21015625 0.23125 0.1421875 0.065625
3 0.5484375 0.06953125 0.26875 0.0546875
3 0.31640625 0.1 0.1734375 0.04375
2 0.3703125 0.1859375 0.05 0.140625
2 0.33203125 0.309375 0.0359375 0.09375
2 0.29140625 0.45703125 0.0734375 0.1484375
2 0.22734375 0.6578125 0.0796875 0.234375
2 0.6125 0.5265625 0.05625 0.259375
2 0.64765625 0.83671875 0.0609375 0.2015625
2 0.578125 0.2140625 0.028125 0.1
2 0.41484375 0.04140625 0.0484375 0.0390625
2 0.09609375 0.27421875 0.0546875 0.0640625
2 0.02734375 0.365625 0.0390625 0.040625
