3 0.315625 0.09609375 0.271875 0.0546875
3 0.221875 0.165625 0.165625 0.04375
3 0.64375 0.284375 0.246875 0.10625
3 0.19140625 0.3703125 0.3796875 0.04375
3 0.83125 0.709375 0.265625 0.08125
2 0.24765625 0.525 0.1140625 0.221875
2 0.14609375 0.8140625 0.1046875 0.296875
2 0.340625 0.21640625 0.071875 0.1984375
2 0.39921875 0.0359375 0.0546875 0.065625
2 0.54921875 0.16328125 0.0328125 0.2109375
2 0.59296875 0.47265625 0.0671875 0.2546875
2 0.6203125 0.78828125 0.084375 0.3265625
3 0.7859375 0.9203125 0.203125 0.0625
