3 0.8140625 0.53515625 0.296875 0.0609375
3 0.6265625 0.028125 0.13125 0.025
3 0.5046875 0.72734375 0.378125 0.0890625
3 0.15078125 0.7703125 0.2515625 0.090625
3 0.234375 0.29921875 0.2375 0.0671875
3 0.49453125 0.27421875 0.2109375 0.1265625
3 0.721875 0.20390625 0.11875 0.0390625
3 0.33828125 0.065625 0.1578125 0.04375
2 0.39140625 0.1765625 0.0921875 0.19375
2 0.33046875 0.51796875 0.0921875 0.3421875
2 0.22265625 0.8984375 0.1359375 0.171875
2 0.634375 0.44375 0.05625 0.14375
2 0.58671875 0.13515625 0.0703125 0.1203125
2 0.4375 0.02890625 0.05625 0.0515625
