3 0.26328125 0.18984375 0.1796875 0.0484375
3 0.3140625 0.0828125 0.16875 0.053125
3 0.60859375 0.0515625 0.1234375 0.034375
3 0.625 0.09921875 0.125 0.0234375
3 0.64140625 0.1921875 0.1921875 0.028125
3 0.6734375 0.26953125 0.178125 0.0453125
3 0.70859375 0.36328125 0.1765625 0.0484375
3 0.43515625 0.42109375 0.2578125 0.1046875
3 0.12109375 0.54140625 0.2296875 0.0859375
3 0.80703125 0.59921875 0.2359375 0.0546875
2 0.1609375 0.778125 0.1625 0.384375
2 0.31796875 0.32265625 0.0953125 0.1890625
2 0.2625 0.47578125 0.06875 0.0640625
2 0.37421875 0.12734375 0.0859375 0.0921875
2 0.3953125 0.034375 0.078125 0.04375
2 0.57109375 0.29453125 0.0421875 0.1046875
2 0.578125 0.42578125 0.053125 0.0890625
