3 0.59296875 0.48046875 0.5390625 0.1796875
3 0.134375 0.67109375 0.26875 0.0921875
3 0.2421875 0.26015625 0.209375 0.0546875
3 0.471875 0.23984375 0.20625 0.1015625
3 0.70546875 0.18125 0.1203125 0.034375
3 0.3359375 0.0578125 0.1375 0.065625
3 0.51015625 0.03125 0.1359375 0.025
3 0.634375 0.025 0.075 0.01875
2 0.33671875 0.375 0.0515625 0.121875
2 0.28203125 0.5421875 0.0484375 0.1625
2 0.2015625 0.81875 0.0875 0.2375
2 0.690625 0.80078125 0.090625 0.3703125
2 0.38984375 0.15234375 0.0609375 0.1859375
2 0.60625 0.31875 0.053125 0.146875
