3 0.16015625 0.3640625 0.2859375 0.05625
3 0.3046875 0.09375 0.15625 0.06875
3 0.646875 0.04140625 0.065625 0.0296875
3 0.71328125 0.23984375 0.0953125 0.0453125
3 0.47421875 0.0609375 0.1265625 0.053125
3 0.459375 0.3203125 0.20625 0.103125
3 0.86015625 0.5984375 0.1828125 0.046875
3 0.44375 0.71484375 0.3125 0.1390625
3 0.08515625 0.8265625 0.1453125 0.109375
2 0.6109375 0.496875 0.071875 0.359375
2 0.6671875 0.8875 0.096875 0.175
2 0.2578125 0.56640625 0.125 0.3671875
2 0.1578125 0.91640625 0.09375 0.1578125
2 0.359375 0.2203125 0.084375 0.228125
2 0.409375 0.03203125 0.040625 0.0609375
2 0.56328125 0.16875 0.0390625 0.2
