3 0.6484375 0.290625 0.240625 0.075
3 0.1921875 0.3828125 0.334375 0.075
3 0.78125 0.59765625 0.315625 0.0828125
3 0.43125 0.82578125 0.434375 0.1890625
3 0.24609375 0.22109375 0.1953125 0.0765625
3 0.29296875 0.1125 0.2078125 0.075
3 0.484375 0.06875 0.128125 0.05
3 0.63515625 0.0484375 0.0765625 0.034375
2 0.28125 0.50546875 0.059375 0.1890625
2 0.2046875 0.72578125 0.090625 0.1984375
2 0.346875 0.28828125 0.075 0.1109375
2 0.3765625 0.16171875 0.065625 0.1109375
2 0.41484375 0.03515625 0.0453125 0.0421875
2 0.61796875 0.48671875 0.0765625 0.1171875
2 0.60859375 0.38359375 0.0546875 0.0828125
