3 0.66171875 0.15859375 0.2140625 0.0296875
3 0.459375 0.06328125 0.44375 0.0921875
3 0.62890625 0.61328125 0.5765625 0.1546875
3 0.146875 0.77421875 0.228125 0.1265625
3 0.25078125 0.30546875 0.3203125 0.0578125
3 0.515625 0.2765625 0.19375 0.10625
2 0.63984375 0.4109375 0.0921875 0.2375
2 0.71953125 0.80625 0.1046875 0.303125
2 0.24921875 0.88359375 0.0796875 0.1671875
2 0.3203125 0.5046875 0.078125 0.265625
2 0.4 0.1828125 0.075 0.18125
2 0.4375 0.02578125 0.028125 0.0390625
2 0.5875 0.1125 0.0375 0.06875
