3 0.4515625 0.0796875 0.440625 0.109375
3 0.87890625 0.6234375 0.1953125 0.05625
3 0.10234375 0.81875 0.1515625 0.115625
3 0.21015625 0.315625 0.2453125 0.0625
3 0.54609375 0.290625 0.2703125 0.109375
2 0.27109375 0.55234375 0.1203125 0.3859375
2 0.38125 0.19375 0.1 0.21875
2 0.1578125 0.92421875 0.11875 0.1296875
2 0.71328125 0.87578125 0.0734375 0.1890625
2 0.6265625 0.47578125 0.09375 0.2484375
2 0.425 0.02421875 0.059375 0.0359375
2 0.0453125 0.365625 0.059375 0.075
2 0.15390625 0.20703125 0.1078125 0.1296875
3 0.48828125 0.71796875 0.4328125 0.0859375
