3 0.4375 0.11015625 0.465625 0.1296875
3 0.71328125 0.38515625 0.1640625 0.0890625
3 0.3078125 0.4984375 0.225 0.078125
3 0.7765625 0.62734375 0.296875 0.1515625
2 0.19140625 0.7390625 0.1578125 0.446875
2 0.32734375 0.3125 0.1046875 0.284375
2 0.3984375 0.0671875 0.053125 0.128125
2 0.559375 0.2390625 0.04375 0.190625
2 0.5921875 0.51171875 0.05625 0.2859375
2 0.621875 0.77421875 0.059375 0.1890625
2 0.64609375 0.93203125 0.0796875 0.0921875
3 0.49140625 0.33125 0.1546875 0.046875
3 0.92265625 0.9015625 0.1484375 0.096875
