3 0.21875 0.23359375 0.240625 0.0765625
3 0.1609375 0.41015625 0.25625 0.0796875
3 0.51171875 0.4296875 0.4421875 0.0625
3 0.1203125 0.6234375 0.225 0.05
2 0.265625 0.52421875 0.0625 0.1015625
2 0.2125 0.72734375 0.084375 0.1578125
2 0.16875 0.91171875 0.09375 0.1484375
2 0.32890625 0.32109375 0.0703125 0.1421875
2 0.39140625 0.11796875 0.0765625 0.1671875
2 0.5765625 0.24921875 0.0375 0.1328125
2 0.55234375 0.08359375 0.0421875 0.0796875
3 0.6328125 0.1390625 0.121875 0.040625
3 0.4625 0.1890625 0.18125 0.0875
2 0.6703125 0.76796875 0.059375 0.1328125
