3 0.45703125 0.38515625 0.2484375 0.0921875
3 0.1953125 0.5296875 0.35 0.103125
3 0.75 0.37421875 0.1625 0.0296875
3 0.26015625 0.20078125 0.1859375 0.0734375
3 0.33671875 0.0203125 0.1421875 0.040625
3 0.46875 0.1515625 0.140625 0.08125
3 0.67265625 0.109375 0.0984375 0.015625
2 0.21171875 0.7625 0.1453125 0.396875
2 0.6140625 0.5703125 0.084375 0.3125
2 0.66015625 0.84765625 0.0734375 0.2203125
2 0.334375 0.296875 0.06875 0.165625
2 0.3953125 0.09921875 0.05625 0.1359375
2 0.57734375 0.240625 0.0515625 0.165625
2 0.5484375 0.06328125 0.053125 0.0765625
