3 0.2125 0.1984375 0.18125 0.06875
3 0.6265625 0.27265625 0.25625 0.1109375
3 0.2109375 0.35078125 0.396875 0.0734375
3 0.784375 0.59296875 0.25625 0.0890625
3 0.29921875 0.08984375 0.1640625 0.0640625
3 0.47578125 0.0625 0.1359375 0.05
3 0.62578125 0.0359375 0.0609375 0.01875
2 0.346875 0.20703125 0.090625 0.2109375
2 0.2109375 0.63984375 0.184375 0.5390625
2 0.59765625 0.53515625 0.0765625 0.2890625
2 0.64453125 0.846875 0.0640625 0.265625
2 0.5484375 0.15546875 0.046875 0.1171875
3 0.07578125 0.91015625 0.0828125 0.0765625
