3 0.76171875 0.35 0.1828125 0.05
3 0.4765625 0.03671875 0.396875 0.0640625
3 0.4625 0.45078125 0.371875 0.0671875
3 0.165625 0.60546875 0.30625 0.0984375
3 0.825 0.47265625 0.209375 0.0453125
2 0.2546875 0.80546875 0.1125 0.3296875
2 0.365625 0.30859375 0.0625 0.1015625
2 0.409375 0.125 0.059375 0.159375
2 0.56953125 0.09765625 0.0390625 0.0953125
2 0.61953125 0.26328125 0.0640625 0.1484375
2 0.69375 0.64453125 0.090625 0.1921875
2 0.734375 0.87109375 0.084375 0.1984375
3 0.5703125 0.18984375 0.34375 0.1015625
3 0.25859375 0.2328125 0.2421875 0.03125
