3 0.14453125 0.36796875 0.1609375 0.0765625
3 0.46171875 0.51171875 0.2921875 0.1734375
3 0.6640625 0.190625 0.16875 0.0625
3 0.2546875 0.25390625 0.215625 0.0359375
3 0.48671875 0.23515625 0.1765625 0.0828125
3 0.3234375 0.06875 0.15625 0.08125
3 0.54140625 0.0296875 0.2203125 0.04375
2 0.20234375 0.76953125 0.1265625 0.3953125
2 0.30546875 0.42421875 0.0890625 0.2765625
2 0.38515625 0.15390625 0.0578125 0.1828125
2 0.64921875 0.70390625 0.1296875 0.3453125
2 0.596875 0.3375 0.078125 0.1625
2 0.5578125 0.125 0.059375 0.115625
