3 0.67578125 0.3125 0.2015625 0.065625
3 0.18046875 0.4046875 0.3484375 0.06875
3 0.28671875 0.125 0.1921875 0.059375
3 0.47421875 0.090625 0.1390625 0.06875
3 0.6453125 0.0671875 0.084375 0.028125
2 0.3359375 0.31953125 0.071875 0.1453125
2 0.26796875 0.53828125 0.0953125 0.2109375
2 0.1828125 0.8140625 0.11875 0.28125
2 0.63359375 0.6203125 0.0609375 0.225
2 0.6625 0.8609375 0.0875 0.2375
3 0.52734375 0.9453125 0.1453125 0.10625
2 0.91171875 0.5765625 0.1109375 0.20625
2 0.828125 0.3703125 0.071875 0.125
2 0.703125 0.1296875 0.046875 0.071875
2 0.7421875 0.21171875 0.04375 0.0671875
2 0.40625 0.040625 0.05625 0.08125
