3 0.85390625 0.65625 0.2703125 0.078125
3 0.4984375 0.91875 0.596875 0.153125
3 0.7140625 0.2609375 0.184375 0.06875
3 0.2203125 0.35390625 0.25625 0.0703125
3 0.3078125 0.10703125 0.20625 0.0578125
3 0.59453125 0.08203125 0.2640625 0.0640625
2 0.396875 0.234375 0.078125 0.23125
2 0.4296875 0.0453125 0.059375 0.071875
2 0.596875 0.22734375 0.05 0.2109375
2 0.64296875 0.4328125 0.0859375 0.15
2 0.678125 0.7 0.078125 0.29375
2 0.290625 0.628125 0.109375 0.421875
2 0.221875 0.9015625 0.1 0.08125
3 0.0875 0.91640625 0.1125 0.0703125
