3 0.4375 0.14375 0.546875 0.11875
3 0.11484375 0.47265625 0.2078125 0.0921875
3 0.7421875 0.3515625 0.115625 0.05625
3 0.921875 0.91953125 0.121875 0.0671875
2 0.40234375 0.0703125 0.0546875 0.11875
2 0.32734375 0.36328125 0.1046875 0.3484375
2 0.2296875 0.72109375 0.09375 0.3234375
2 0.59921875 0.290625 0.0484375 0.15625
2 0.6265625 0.5171875 0.071875 0.234375
2 0.68984375 0.821875 0.0703125 0.296875
2 0.559375 0.04921875 0.040625 0.0609375
2 0.0953125 0.2765625 0.046875 0.065625
2 0.04140625 0.36484375 0.0578125 0.0734375
