3 0.4609375 0.54140625 0.284375 0.0984375
3 0.1203125 0.67890625 0.23125 0.1140625
3 0.0671875 0.4328125 0.10625 0.075
3 0.8 0.54375 0.209375 0.05625
3 0.64921875 0.190625 0.1484375 0.05625
3 0.4640625 0.23984375 0.190625 0.1078125
3 0.2296875 0.2515625 0.228125 0.08125
3 0.31328125 0.04375 0.1578125 0.05625
3 0.4890625 0.0328125 0.140625 0.053125
2 0.38359375 0.13359375 0.0515625 0.1796875
2 0.30625 0.421875 0.1 0.2125
2 0.25390625 0.584375 0.0671875 0.090625
2 0.1796875 0.83828125 0.128125 0.2203125
2 0.659375 0.7640625 0.090625 0.390625
2 0.5890625 0.396875 0.059375 0.1125
