3 0.828125 0.59296875 0.275 0.0421875
3 0.2 0.31640625 0.25 0.0671875
3 0.46484375 0.28671875 0.2109375 0.1203125
3 0.43359375 0.69375 0.3390625 0.1125
3 0.11640625 0.76015625 0.1640625 0.0984375
3 0.30390625 0.0796875 0.1765625 0.071875
3 0.47421875 0.05859375 0.1390625 0.0640625
3 0.64140625 0.0453125 0.0703125 0.028125
2 0.59765625 0.459375 0.0703125 0.325
2 0.66484375 0.84609375 0.0734375 0.2515625
2 0.1609375 0.8921875 0.1125 0.16875
2 0.27578125 0.5265625 0.1234375 0.33125
2 0.36796875 0.20078125 0.0765625 0.2015625
