3 0.1390625 0.41015625 0.259375 0.0796875
3 0.7296875 0.29296875 0.1 0.0546875
3 0.19765625 0.23203125 0.1734375 0.0421875
3 0.28125 0.11953125 0.171875 0.0703125
3 0.471875 0.10078125 0.146875 0.0484375
3 0.5328125 0.94296875 0.1875 0.1015625
3 0.88125 0.75546875 0.14375 0.0640625
2 0.33203125 0.253125 0.1015625 0.26875
2 0.19765625 0.70390625 0.1578125 0.4921875
2 0.475 0.06328125 0.109375 0.1046875
2 0.56171875 0.22734375 0.0578125 0.1890625
2 0.59375 0.465625 0.08125 0.21875
2 0.63125 0.759375 0.0625 0.246875
2 0.38828125 0.046875 0.0546875 0.08125
