3 0.290625 0.17734375 0.196875 0.0484375
3 0.1640625 0.53046875 0.259375 0.0703125
3 0.509375 0.38203125 0.253125 0.0734375
3 0.68359375 0.2296875 0.2140625 0.053125
3 0.77109375 0.40625 0.2109375 0.034375
3 0.83671875 0.56171875 0.2640625 0.0484375
3 0.63359375 0.05234375 0.1234375 0.0265625
3 0.64765625 0.10234375 0.1640625 0.0203125
3 0.475 0.146875 0.146875 0.08125
2 0.3578125 0.321875 0.10625 0.296875
2 0.24921875 0.76328125 0.1578125 0.4515625
2 0.415625 0.07265625 0.053125 0.1421875
3 0.91015625 0.7 0.1390625 0.05625
3 0.9328125 0.840625 0.096875 0.05625
