3 0.45546875 0.16171875 0.5265625 0.0953125
3 0.6375 0.0765625 0.14375 0.025
2 0.3765625 0.2953125 0.09375 0.225
2 0.43125 0.0390625 0.0625 0.065625
2 0.62265625 0.24609375 0.0640625 0.1734375
2 0.67578125 0.52578125 0.1078125 0.2265625
2 0.734375 0.81171875 0.109375 0.3109375
2 0.14765625 0.28046875 0.0390625 0.0546875
2 0.09765625 0.34296875 0.0421875 0.0421875
2 0.06171875 0.39609375 0.0234375 0.0328125
2 0.021875 0.45390625 0.03125 0.0359375
3 0.19609375 0.49453125 0.2609375 0.0359375
3 0.7609375 0.3625 0.2 0.059375
3 0.48828125 0.3375 0.1171875 0.028125
3 0.90625 0.928125 0.171875 0.084375
