3 0.34609375 0.19765625 0.4140625 0.0890625
3 0.4234375 0.43671875 0.325 0.0734375
3 0.103125 0.58828125 0.2 0.0859375
3 0.68359375 0.3125 0.1546875 0.053125
3 0.63203125 0.15234375 0.1140625 0.0546875
3 0.71484375 0.43046875 0.1765625 0.0546875
3 0.77109375 0.521875 0.2078125 0.046875
3 0.78828125 0.646875 0.2515625 0.075
2 0.15390625 0.7890625 0.1453125 0.34375
2 0.30234375 0.32109375 0.0890625 0.1859375
2 0.2421875 0.48203125 0.075 0.1109375
2 0.378125 0.0984375 0.0875 0.15625
2 0.5828125 0.69921875 0.078125 0.5046875
2 0.55625 0.28984375 0.040625 0.1859375
2 0.53515625 0.08828125 0.0421875 0.1015625
3 0.73671875 0.815625 0.1828125 0.08125
