3 0.47734375 0.55234375 0.2890625 0.0671875
1 0.409375 0.184375 0.16875 0.13125
3 0.2625 0.25390625 0.21875 0.0578125
3 0.259375 0.47421875 0.159375 0.0390625
3 0.10390625 0.6328125 0.1328125 0.084375
3 0.078125 0.89375 0.128125 0.13125
2 0.6375 0.77890625 0.115625 0.4015625
1 0.50078125 0.46171875 0.2046875 0.2984375
2 0.13671875 0.4546875 0.0859375 0.19375
2 0.25 0.778125 0.090625 0.215625
1 0.44140625 0.803125 0.2640625 0.34375
1 0.5375 0.1703125 0.1 0.11875
2 0.3046875 0.57265625 0.053125 0.1296875
