1 0.153125 0.7515625 0.2875 0.46875
1 0.2796875 0.30859375 0.178125 0.2453125
3 0.51328125 0.3796875 0.2765625 0.03125
3 0.21328125 0.478125 0.2765625 0.046875
3 0.5296875 0.21875 0.2125 0.059375
3 0.37109375 0.075 0.0984375 0.03125
1 0.53203125 0.68828125 0.1890625 0.4296875
2 0.32421875 0.77265625 0.1015625 0.3640625
2 0.8328125 0.84453125 0.1125 0.2640625
2 0.40234375 0.2734375 0.0546875 0.25625
2 0.61171875 0.09453125 0.0578125 0.1453125
2 0.440625 0.03359375 0.04375 0.0609375
2 0.675 0.34609375 0.075 0.1734375
