3 0.17578125 0.4078125 0.2671875 0.096875
3 0.3703125 0.29296875 0.440625 0.0515625
3 0.4921875 0.6578125 0.309375 0.075
1 0.4765625 0.43125 0.240625 0.21875
1 0.32734375 0.6046875 0.0984375 0.075
1 0.175 0.78828125 0.28125 0.3609375
3 0.34375 0.090625 0.146875 0.053125
1 0.53046875 0.778125 0.2734375 0.184375
1 0.48203125 0.18984375 0.1578125 0.1296875
2 0.3078125 0.4609375 0.0875 0.240625
2 0.5109375 0.521875 0.046875 0.0875
2 0.359375 0.75625 0.065625 0.31875
2 0.37734375 0.2109375 0.0671875 0.121875
