1 0.43125 0.91640625 0.440625 0.1484375
3 0.48046875 0.240625 0.1578125 0.053125
3 0.1296875 0.65234375 0.23125 0.1171875
3 0.23125 0.26015625 0.103125 0.0328125
3 0.39609375 0.06015625 0.2390625 0.0609375
1 0.17109375 0.46640625 0.2390625 0.1484375
1 0.12109375 0.834375 0.1703125 0.1375
2 0.4296875 0.17578125 0.04375 0.0828125
2 0.3921875 0.378125 0.05625 0.1875
2 0.3296875 0.7171875 0.059375 0.240625
1 0.51328125 0.65625 0.1984375 0.4
1 0.5359375 0.33515625 0.125 0.1984375
1 0.51484375 0.15625 0.1015625 0.103125
1 0.35546875 0.16328125 0.1109375 0.1203125
