1 0.5203125 0.6859375 0.1875 0.50625
1 0.515625 0.2796875 0.128125 0.209375
1 0.49375 0.08359375 0.071875 0.1265625
1 0.25390625 0.29765625 0.1734375 0.1734375
1 0.17578125 0.753125 0.0765625 0.0875
1 0.05703125 0.746875 0.1078125 0.0625
1 0.1390625 0.8875 0.109375 0.078125
2 0.34765625 0.5875 0.0515625 0.190625
2 0.29375 0.821875 0.05625 0.253125
2 0.3046875 0.5171875 0.059375 0.23125
2 0.15703125 0.66015625 0.0953125 0.1328125
2 0.0796875 0.86640625 0.078125 0.1484375
2 0.11484375 0.4765625 0.1171875 0.203125
2 0.3109375 0.11328125 0.084375 0.1421875
2 0.33203125 0.3390625 0.0796875 0.146875
2 0.4109375 0.06640625 0.034375 0.0921875
1 0.4140625 0.18671875 0.05625 0.1046875
