3 0.5140625 0.4875 0.2625 0.084375
1 0.1765625 0.50703125 0.2875 0.1921875
1 0.134375 0.796875 0.24375 0.35625
1 0.4703125 0.76640625 0.4 0.4453125
1 0.30703125 0.16328125 0.1890625 0.1921875
3 0.221875 0.36953125 0.259375 0.0765625
3 0.3890625 0.2703125 0.396875 0.096875
2 0.40546875 0.1640625 0.0671875 0.265625
2 0.30625 0.5640625 0.06875 0.28125
2 0.23828125 0.8578125 0.0671875 0.2375
2 0.64375 0.33359375 0.0625 0.2546875
2 0.5875 0.1140625 0.05625 0.134375
2 0.76328125 0.84609375 0.0796875 0.1359375
