3 0.41640625 0.15234375 0.2953125 0.0765625
3 0.240625 0.378125 0.20625 0.05
1 0.14921875 0.59453125 0.2296875 0.3390625
1 0.490625 0.51953125 0.225 0.4015625
1 0.49609375 0.221875 0.1234375 0.10625
1 0.28359375 0.2375 0.1671875 0.13125
1 0.34609375 0.0671875 0.0921875 0.06875
3 0.478125 0.815625 0.421875 0.103125
2 0.2859375 0.6703125 0.0875 0.11875
2 0.37109375 0.2578125 0.0859375 0.165625
2 0.4109375 0.10234375 0.059375 0.0953125
1 0.09375 0.86953125 0.153125 0.1890625
1 0.53828125 0.9328125 0.1859375 0.0875
2 0.64609375 0.64296875 0.0578125 0.2296875
2 0.61796875 0.39921875 0.0578125 0.2203125
2 0.6875 0.90625 0.059375 0.15
