3 0.16484375 0.6953125 0.2640625 0.075
3 0.25390625 0.51640625 0.2203125 0.0671875
1 0.521875 0.53671875 0.215625 0.3953125
1 0.53671875 0.23359375 0.0984375 0.1015625
1 0.38671875 0.21875 0.0890625 0.15
3 0.46796875 0.1890625 0.0484375 0.04375
1 0.53671875 0.875 0.2984375 0.240625
1 0.28828125 0.88203125 0.0984375 0.2171875
1 0.1828125 0.3625 0.165625 0.171875
1 0.5 0.096875 0.090625 0.159375
2 0.36171875 0.734375 0.0421875 0.159375
2 0.38203125 0.57890625 0.0296875 0.1515625
2 0.3953125 0.43671875 0.025 0.0953125
2 0.2859375 0.3953125 0.040625 0.071875
