1 0.1296875 0.7671875 0.24375 0.434375
1 0.28515625 0.190625 0.1828125 0.1625
1 0.25 0.34140625 0.221875 0.1328125
3 0.19453125 0.51328125 0.2921875 0.0453125
3 0.4875 0.41953125 0.20625 0.0609375
3 0.49609375 0.22890625 0.1671875 0.0609375
3 0.51015625 0.0296875 0.0921875 0.03125
1 0.47421875 0.72421875 0.2390625 0.4703125
2 0.40546875 0.165625 0.0515625 0.159375
2 0.365625 0.3453125 0.065625 0.159375
2 0.33203125 0.54453125 0.0640625 0.1890625
3 0.64296875 0.4296875 0.0859375 0.0375
2 0.6578125 0.55625 0.053125 0.190625
2 0.6921875 0.8140625 0.09375 0.3125
2 0.60546875 0.290625 0.0421875 0.140625
