1 0.27890625 0.35625 0.1234375 0.1375
1 0.1296875 0.74765625 0.21875 0.3703125
3 0.47578125 0.44765625 0.2703125 0.0546875
3 0.1609375 0.525 0.31875 0.03125
3 0.496875 0.2421875 0.20625 0.071875
3 0.5125 0.0859375 0.153125 0.04375
2 0.4 0.18359375 0.053125 0.0984375
2 0.759375 0.80546875 0.10625 0.2984375
2 0.6765625 0.41796875 0.115625 0.3109375
2 0.36484375 0.35390625 0.0671875 0.1390625
2 0.30703125 0.15 0.1078125 0.23125
2 0.1875 0.3953125 0.103125 0.221875
2 0.215625 0.91328125 0.0875 0.1328125
2 0.6171875 0.18671875 0.053125 0.1296875
2 0.67734375 0.76796875 0.0640625 0.3546875
2 0.53046875 0.73046875 0.0703125 0.4609375
2 0.36484375 0.71328125 0.0984375 0.4140625
