0 0.7859375 0.384375 0.246875 0.259375
2 0.546875 0.7015625 0.0875 0.4875
1 0.36640625 0.36875 0.0953125 0.1875
3 0.4046875 0.18671875 0.10625 0.0328125
2 0.23984375 0.509375 0.0578125 0.1625
2 0.19609375 0.7125 0.0578125 0.184375
2 0.1453125 0.91484375 0.05 0.1296875
2 0.29921875 0.34765625 0.0234375 0.0953125
2 0.1875 0.240625 0.078125 0.125
2 0.51875 0.253125 0.03125 0.2
2 0.5078125 0.0546875 0.046875 0.078125
2 0.384375 0.11640625 0.065625 0.1203125
1 0.10078125 0.51875 0.1703125 0.184375
1 0.07890625 0.81484375 0.1234375 0.2390625
1 0.2953125 0.803125 0.1625 0.309375
0 0.71875 0.58984375 0.134375 0.1265625
0 0.74375 0.81796875 0.128125 0.2953125
2 0.59765625 0.21171875 0.0703125 0.3109375
