1 0.24921875 0.35546875 0.2171875 0.2078125
1 0.159375 0.73515625 0.315625 0.4890625
1 0.5265625 0.76875 0.253125 0.415625
1 0.49609375 0.40703125 0.1640625 0.2953125
3 0.42109375 0.14609375 0.3328125 0.0765625
2 0.38203125 0.290625 0.0546875 0.2375
2 0.25859375 0.88515625 0.0640625 0.1578125
2 0.78984375 0.89375 0.0578125 0.159375
2 0.67109375 0.38359375 0.0765625 0.1734375
2 0.625 0.21484375 0.059375 0.1578125
2 0.58203125 0.0625 0.0390625 0.075
0 0.71875 0.70234375 0.071875 0.2015625
0 0.69296875 0.5546875 0.0734375 0.115625
2 0.71953125 0.91328125 0.0609375 0.1453125
