3 0.5625 0.596875 0.309375 0.1
1 0.33203125 0.18828125 0.1671875 0.1609375
1 0.278125 0.38828125 0.2625 0.2140625
1 0.203125 0.6171875 0.303125 0.234375
1 0.1515625 0.853125 0.290625 0.209375
1 0.5640625 0.78984375 0.29375 0.2203125
3 0.60078125 0.39140625 0.1421875 0.0578125
2 0.43359375 0.17578125 0.0546875 0.1796875
2 0.3953125 0.3921875 0.04375 0.196875
2 0.35703125 0.621875 0.0515625 0.21875
2 0.30625 0.85546875 0.05625 0.2015625
2 0.834375 0.86640625 0.0625 0.2171875
2 0.6828125 0.32265625 0.06875 0.1421875
2 0.6359375 0.16796875 0.071875 0.1296875
2 0.6015625 0.0671875 0.04375 0.075
2 0.5515625 0.23203125 0.065625 0.1703125
2 0.79453125 0.9015625 0.0671875 0.153125
2 0.721875 0.67734375 0.05625 0.1265625
2 0.68828125 0.49375 0.0484375 0.11875
