3 0.121875 0.61875 0.215625 0.0625
1 0.43046875 0.49140625 0.2421875 0.2421875
1 0.26484375 0.1296875 0.1109375 0.15
3 0.459375 0.74765625 0.484375 0.0703125
2 0.25390625 0.57265625 0.0984375 0.2921875
2 0.16953125 0.87421875 0.0640625 0.2171875
2 0.3328125 0.2890625 0.025 0.121875
3 0.1359375 0.2859375 0.1125 0.059375
3 0.07734375 0.88125 0.1171875 0.109375
1 0.4640625 0.89765625 0.303125 0.1765625
1 0.08359375 0.45078125 0.1359375 0.1640625
3 0.49609375 0.2875 0.1578125 0.075
3 0.38828125 0.3125 0.0578125 0.078125
2 0.5296875 0.18515625 0.028125 0.1140625
1 0.46640625 0.0796875 0.1296875 0.11875
1 0.43671875 0.1828125 0.1328125 0.09375
