1 0.53046875 0.69453125 0.1546875 0.1515625
1 0.11328125 0.7828125 0.2046875 0.340625
1 0.20078125 0.409375 0.2171875 0.21875
1 0.31640625 0.184375 0.1390625 0.109375
3 0.50078125 0.478125 0.2734375 0.040625
3 0.1734375 0.5546875 0.34375 0.0625
3 0.40625 0.2671875 0.428125 0.065625
3 0.4125 0.0953125 0.296875 0.059375
2 0.34375 0.3984375 0.065625 0.153125
2 0.26015625 0.7765625 0.0859375 0.28125
2 0.78203125 0.8765625 0.0640625 0.14375
2 0.6640625 0.36484375 0.06875 0.1734375
2 0.61796875 0.15390625 0.0609375 0.1140625
2 0.4015625 0.196875 0.059375 0.09375
