1 0.21875 0.415625 0.30625 0.19375
3 0.50546875 0.7703125 0.4140625 0.046875
3 0.41640625 0.16015625 0.3796875 0.0546875
1 0.1828125 0.7234375 0.290625 0.39375
1 0.5265625 0.5546875 0.21875 0.2
2 0.65078125 0.2265625 0.0609375 0.14375
2 0.740625 0.50859375 0.09375 0.2296875
2 0.79375 0.76640625 0.090625 0.1859375
2 0.35234375 0.61796875 0.0578125 0.2171875
2 0.3125 0.88359375 0.075 0.1234375
2 0.4078125 0.2796875 0.05 0.1625
2 0.4453125 0.08515625 0.0625 0.0796875
2 0.6078125 0.0765625 0.059375 0.10625
2 0.77421875 0.90703125 0.0890625 0.1578125
