1 0.27265625 0.74140625 0.1640625 0.4734375
1 0.36953125 0.34453125 0.1296875 0.2671875
1 0.51796875 0.3296875 0.1265625 0.284375
1 0.42109375 0.1296875 0.1078125 0.109375
2 0.5265625 0.86875 0.071875 0.209375
2 0.18046875 0.72890625 0.0546875 0.1265625
2 0.13828125 0.9 0.0703125 0.16875
2 0.03671875 0.80546875 0.0671875 0.2359375
2 0.18828125 0.25078125 0.0734375 0.1234375
2 0.09765625 0.41015625 0.1078125 0.1421875
2 0.72265625 0.8078125 0.1046875 0.353125
2 0.65390625 0.475 0.0953125 0.271875
2 0.61640625 0.24453125 0.0328125 0.1109375
