1 0.175 0.56875 0.29375 0.20625
1 0.31171875 0.24765625 0.1703125 0.2234375
1 0.4421875 0.85625 0.284375 0.1875
3 0.19296875 0.40859375 0.1828125 0.0515625
3 0.43125 0.03984375 0.28125 0.0390625
3 0.55078125 0.16171875 0.1515625 0.0484375
2 0.26875 0.11796875 0.06875 0.0859375
2 0.16875 0.27734375 0.109375 0.1828125
2 0.053125 0.4828125 0.096875 0.125
2 0.3328125 0.65 0.096875 0.24375
2 0.29921875 0.8828125 0.0515625 0.175
2 0.8078125 0.81171875 0.115625 0.2734375
2 0.73515625 0.5453125 0.0859375 0.21875
2 0.6828125 0.30625 0.0875 0.228125
2 0.61484375 0.08984375 0.0609375 0.0734375
2 0.4265625 0.22265625 0.0625 0.2296875
1 0.12578125 0.8140625 0.2171875 0.253125
