2 0.31875 0.10078125 0.1 0.1421875
2 0.2734375 0.228125 0.084375 0.103125
2 0.17109375 0.403125 0.0859375 0.153125
1 0.15390625 0.57578125 0.2796875 0.1984375
1 0.09921875 0.821875 0.1671875 0.25625
1 0.45390625 0.78828125 0.3171875 0.3640625
1 0.4765625 0.44609375 0.221875 0.1796875
3 0.51171875 0.578125 0.2328125 0.059375
3 0.5578125 0.290625 0.08125 0.0375
3 0.48515625 0.115625 0.1265625 0.04375
2 0.309375 0.51796875 0.075 0.1890625
2 0.23984375 0.83359375 0.0953125 0.2609375
2 0.75546875 0.83828125 0.0734375 0.1703125
2 0.66328125 0.3875 0.0609375 0.190625
2 0.6125 0.16484375 0.046875 0.1671875
2 0.37890625 0.22265625 0.0765625 0.1546875
2 0.66953125 0.7453125 0.0859375 0.29375
