1 0.2234375 0.4421875 0.271875 0.190625
1 0.31171875 0.1796875 0.2171875 0.228125
3 0.51171875 0.43203125 0.2453125 0.0609375
3 0.50703125 0.2609375 0.2296875 0.084375
3 0.25546875 0.29609375 0.1515625 0.0421875
2 0.265625 0.86875 0.0625 0.2375
2 0.4265625 0.13984375 0.065625 0.1984375
2 0.60546875 0.12109375 0.0421875 0.1296875
2 0.65859375 0.32421875 0.0421875 0.1546875
2 0.70546875 0.52421875 0.0421875 0.1359375
1 0.165625 0.63671875 0.275 0.1796875
1 0.1296875 0.8515625 0.203125 0.225
1 0.54921875 0.84765625 0.2234375 0.1859375
2 0.7234375 0.88125 0.06875 0.19375
2 0.66640625 0.6234375 0.0671875 0.215625
