3 0.515625 0.38828125 0.228125 0.0765625
1 0.31171875 0.17421875 0.1796875 0.1421875
1 0.22890625 0.35859375 0.2328125 0.1921875
1 0.15703125 0.734375 0.2921875 0.48125
1 0.528125 0.7046875 0.21875 0.45625
2 0.5109375 0.1828125 0.065625 0.290625
2 0.3796875 0.27734375 0.071875 0.2578125
2 0.609375 0.1828125 0.08125 0.234375
2 0.65234375 0.39140625 0.0546875 0.1359375
2 0.7734375 0.87890625 0.071875 0.1484375
2 0.23515625 0.8625 0.0546875 0.15625
0 0.66484375 0.54375 0.0453125 0.115625
0 0.6953125 0.6734375 0.06875 0.115625
0 0.7203125 0.81015625 0.05625 0.1203125
