1 0.21796875 0.46171875 0.2671875 0.1640625
1 0.17421875 0.75859375 0.2953125 0.3765625
1 0.5109375 0.5859375 0.29375 0.271875
1 0.3578125 0.1265625 0.1125 0.084375
3 0.2796875 0.325 0.209375 0.034375
3 0.54921875 0.40234375 0.2203125 0.0296875
3 0.5203125 0.20859375 0.153125 0.0515625
3 0.51328125 0.12890625 0.1296875 0.0546875
1 0.31953125 0.22265625 0.1359375 0.0859375
2 0.36796875 0.55234375 0.0859375 0.2671875
2 0.62578125 0.25390625 0.0390625 0.1078125
3 0.75390625 0.58359375 0.0671875 0.1109375
2 0.77109375 0.78828125 0.0953125 0.2328125
2 0.67890625 0.425 0.0703125 0.16875
2 0.7078125 0.58359375 0.0625 0.1265625
2 0.81875 0.9484375 0.059375 0.0375
