1 0.32265625 0.2296875 0.1453125 0.165625
1 0.24296875 0.42265625 0.2015625 0.1890625
1 0.54453125 0.79375 0.2515625 0.3125
1 0.1546875 0.80078125 0.24375 0.3171875
3 0.509375 0.53828125 0.296875 0.0546875
3 0.21796875 0.60390625 0.1859375 0.0328125
3 0.440625 0.103125 0.328125 0.059375
3 0.390625 0.0609375 0.078125 0.0125
1 0.50390625 0.21484375 0.1109375 0.1109375
2 0.30703125 0.7671875 0.0984375 0.359375
2 0.38671875 0.41875 0.0734375 0.159375
2 0.80078125 0.86015625 0.0859375 0.2078125
2 0.66484375 0.30234375 0.0796875 0.2015625
2 0.6328125 0.15703125 0.08125 0.0765625
2 0.4203125 0.1953125 0.0375 0.1125
2 0.4484375 0.0390625 0.01875 0.046875
2 0.58359375 0.040625 0.0296875 0.05625
