1 0.5078125 0.4359375 0.15625 0.303125
1 0.40546875 0.13046875 0.2484375 0.1328125
3 0.48515625 0.2484375 0.1484375 0.04375
3 0.1390625 0.6578125 0.259375 0.0625
3 0.31171875 0.07265625 0.1046875 0.0328125
3 0.23125 0.26171875 0.0875 0.0265625
3 0.4609375 0.05390625 0.15 0.0578125
1 0.21328125 0.48515625 0.2015625 0.1921875
2 0.39296875 0.38359375 0.0609375 0.1953125
2 0.33125 0.7515625 0.071875 0.275
2 0.4234375 0.146875 0.05625 0.10625
1 0.128125 0.83515625 0.215625 0.1640625
1 0.5234375 0.7375 0.234375 0.284375
3 0.4421875 0.909375 0.21875 0.084375
