1 0.21328125 0.390625 0.2546875 0.225
1 0.14375 0.6359375 0.2625 0.215625
1 0.4859375 0.71171875 0.296875 0.3140625
1 0.50625 0.34765625 0.153125 0.1578125
1 0.515625 0.1375 0.08125 0.1625
1 0.325 0.128125 0.11875 0.18125
3 0.48125 0.47890625 0.290625 0.0453125
3 0.44765625 0.25234375 0.3046875 0.0609375
2 0.36484375 0.3625 0.0921875 0.15
2 0.42421875 0.10390625 0.0859375 0.1703125
1 0.1078125 0.86640625 0.19375 0.2078125
2 0.6640625 0.5703125 0.0625 0.13125
2 0.68671875 0.753125 0.0578125 0.159375
2 0.715625 0.91328125 0.06875 0.1265625
2 0.625 0.36796875 0.05 0.1421875
