1 0.30546875 0.22265625 0.1890625 0.2109375
1 0.2328125 0.43828125 0.29375 0.2140625
1 0.16953125 0.746875 0.2828125 0.384375
1 0.53671875 0.60078125 0.2859375 0.2046875
3 0.53984375 0.865625 0.5015625 0.103125
3 0.51640625 0.1515625 0.1703125 0.059375
3 0.5 0.28359375 0.140625 0.0671875
3 0.5046875 0.0328125 0.13125 0.0375
1 0.52109375 0.42890625 0.1921875 0.1046875
2 0.35078125 0.6296875 0.0484375 0.234375
2 0.40546875 0.2671875 0.0390625 0.24375
2 0.60859375 0.1328125 0.0359375 0.121875
2 0.659375 0.29921875 0.059375 0.1515625
2 0.8109375 0.76171875 0.065625 0.1640625
2 0.85859375 0.9203125 0.0609375 0.115625
