3 0.1203125 0.67265625 0.2 0.0578125
3 0.15078125 0.4546875 0.2359375 0.021875
1 0.50234375 0.84921875 0.2609375 0.2640625
1 0.48828125 0.55859375 0.2015625 0.2171875
1 0.45234375 0.2296875 0.1390625 0.159375
1 0.2390625 0.346875 0.171875 0.08125
1 0.13828125 0.56171875 0.2171875 0.1484375
1 0.09375 0.88984375 0.090625 0.1234375
2 0.321875 0.40390625 0.0625 0.1765625
2 0.26171875 0.603125 0.0578125 0.178125
2 0.209375 0.78203125 0.046875 0.1296875
2 0.3671875 0.484375 0.059375 0.175
2 0.315625 0.70234375 0.05625 0.2078125
2 0.271875 0.915625 0.065625 0.165625
2 0.2609375 0.1828125 0.125 0.190625
2 0.39609375 0.11328125 0.0859375 0.1890625
2 0.1109375 0.75546875 0.059375 0.1296875
2 0.49921875 0.37890625 0.0640625 0.1640625
