1 0.14296875 0.7734375 0.2203125 0.36875
1 0.49765625 0.78671875 0.3546875 0.3421875
3 0.4890625 0.43125 0.3125 0.05625
3 0.1828125 0.528125 0.278125 0.05625
3 0.296875 0.25546875 0.1875 0.0390625
1 0.5015625 0.24296875 0.140625 0.3171875
1 0.2296875 0.39375 0.20625 0.196875
1 0.33046875 0.13984375 0.1265625 0.1265625
2 0.3046875 0.62578125 0.071875 0.2453125
2 0.71484375 0.5859375 0.0828125 0.225
2 0.77734375 0.82109375 0.0953125 0.2171875
2 0.640625 0.3 0.071875 0.178125
2 0.6015625 0.13984375 0.040625 0.1296875
2 0.40625 0.14765625 0.040625 0.1796875
2 0.35390625 0.3515625 0.0546875 0.125
2 0.65859375 0.54296875 0.0484375 0.1203125
