1 0.46015625 0.23046875 0.1578125 0.1484375
1 0.44453125 0.425 0.2265625 0.225
1 0.44140625 0.6828125 0.3796875 0.246875
1 0.2984375 0.89609375 0.175 0.1609375
3 0.29765625 0.153125 0.1734375 0.05
3 0.46953125 0.1375 0.1953125 0.0625
3 0.0875 0.57734375 0.1375 0.0484375
3 0.11015625 0.71796875 0.2140625 0.0578125
3 0.203125 0.5890625 0.096875 0.034375
3 0.159375 0.4359375 0.178125 0.05
3 0.0953125 0.92421875 0.11875 0.0890625
2 0.3375 0.3125 0.078125 0.228125
2 0.2046875 0.81640625 0.08125 0.3171875
2 0.41484375 0.0515625 0.0484375 0.071875
