1 0.48828125 0.71953125 0.2671875 0.5046875
1 0.20546875 0.45546875 0.2734375 0.2171875
1 0.1484375 0.7625 0.271875 0.403125
3 0.50859375 0.3921875 0.2203125 0.04375
3 0.503125 0.2203125 0.171875 0.05625
3 0.44921875 0.06953125 0.2109375 0.0328125
2 0.759375 0.60625 0.103125 0.234375
2 0.8234375 0.86328125 0.071875 0.2203125
2 0.671875 0.3125 0.065625 0.184375
2 0.61953125 0.1296875 0.0640625 0.153125
2 0.3984375 0.28515625 0.05625 0.1921875
2 0.34609375 0.52109375 0.0796875 0.2171875
2 0.2875 0.24296875 0.0875 0.1078125
