3 0.4328125 0.8109375 0.359375 0.134375
1 0.4515625 0.196875 0.140625 0.190625
1 0.46171875 0.38203125 0.2296875 0.1265625
1 0.56171875 0.5859375 0.0828125 0.24375
1 0.378125 0.603125 0.171875 0.2625
1 0.43359375 0.940625 0.4453125 0.075
3 0.13359375 0.5984375 0.2171875 0.053125
3 0.24375 0.31796875 0.103125 0.0578125
2 0.22734375 0.71328125 0.0703125 0.1546875
2 0.17421875 0.8859375 0.0515625 0.16875
2 0.278125 0.49765625 0.078125 0.1671875
2 0.08203125 0.49140625 0.1078125 0.1359375
2 0.37421875 0.1859375 0.0609375 0.159375
