3 0.48671875 0.64765625 0.3109375 0.0890625
2 0.59296875 0.8421875 0.0703125 0.309375
2 0.57734375 0.5140625 0.1109375 0.15
1 0.3109375 0.16953125 0.146875 0.1609375
1 0.26953125 0.3359375 0.2015625 0.18125
1 0.16328125 0.69140625 0.2859375 0.5078125
1 0.41953125 0.525 0.1265625 0.115625
3 0.503125 0.21875 0.196875 0.053125
3 0.5015625 0.08125 0.109375 0.053125
3 0.5046875 0.41640625 0.2375 0.0421875
2 0.76484375 0.7453125 0.0890625 0.14375
2 0.65625 0.31953125 0.0875 0.1734375
2 0.60625 0.1484375 0.040625 0.109375
2 0.4140625 0.1453125 0.0375 0.153125
2 0.43671875 0.03828125 0.0328125 0.0515625
2 0.37734375 0.32265625 0.0453125 0.1390625
2 0.32890625 0.553125 0.0484375 0.15625
2 0.26484375 0.86171875 0.0703125 0.1671875
1 0.42578125 0.83828125 0.1921875 0.2390625
2 0.72734375 0.82265625 0.0828125 0.2296875
