1 0.33984375 0.07890625 0.1421875 0.1234375
1 0.2625 0.27734375 0.234375 0.1296875
1 0.171875 0.465625 0.26875 0.20625
1 0.13984375 0.7828125 0.2453125 0.371875
1 0.49140625 0.546875 0.2765625 0.334375
1 0.49921875 0.22421875 0.1390625 0.1734375
1 0.48046875 0.8546875 0.3359375 0.278125
3 0.28671875 0.1890625 0.1609375 0.05
2 0.30234375 0.6015625 0.0984375 0.2875
2 0.77265625 0.8828125 0.0453125 0.140625
2 0.640625 0.3328125 0.06875 0.225
2 0.59921875 0.12890625 0.0453125 0.1234375
2 0.5734375 0.0390625 0.01875 0.059375
2 0.41640625 0.08828125 0.0515625 0.1140625
2 0.34921875 0.36875 0.0546875 0.15
