1 0.3328125 0.25234375 0.109375 0.1203125
1 0.27578125 0.41171875 0.1203125 0.1703125
1 0.21171875 0.58828125 0.1546875 0.1515625
1 0.1296875 0.81953125 0.20625 0.2828125
1 0.490625 0.4734375 0.209375 0.228125
1 0.45390625 0.90546875 0.4015625 0.1703125
3 0.5109375 0.3 0.13125 0.04375
3 0.509375 0.1015625 0.14375 0.0375
1 0.3875 0.10625 0.05625 0.1125
2 0.178125 0.43125 0.078125 0.165625
2 0.0953125 0.60546875 0.078125 0.1359375
2 0.24765625 0.2765625 0.0578125 0.115625
2 0.334375 0.09140625 0.078125 0.1328125
2 0.4375 0.0796875 0.046875 0.1125
2 0.33828125 0.49296875 0.0515625 0.2015625
2 0.809375 0.8703125 0.09375 0.16875
2 0.66640625 0.3640625 0.0515625 0.203125
2 0.61484375 0.1578125 0.0671875 0.1875
2 0.71171875 0.88671875 0.0578125 0.1546875
2 0.67734375 0.68828125 0.0484375 0.1078125
2 0.54375 0.6796875 0.034375 0.1
