1 0.35859375 0.76875 0.2390625 0.434375
1 0.1375 0.57890625 0.2375 0.4328125
1 0.2640625 0.2453125 0.196875 0.225
1 0.475 0.19453125 0.178125 0.2171875
1 0.39921875 0.428125 0.1171875 0.2
1 0.56796875 0.665625 0.0515625 0.603125
2 0.19453125 0.846875 0.0859375 0.259375
2 0.29453125 0.46640625 0.0453125 0.1421875
2 0.34921875 0.25078125 0.0546875 0.1859375
2 0.3078125 0.0875 0.078125 0.121875
2 0.50390625 0.49375 0.0484375 0.31875
2 0.415625 0.0421875 0.059375 0.046875
2 0.5140625 0.05234375 0.034375 0.0359375
