1 0.26015625 0.3296875 0.2515625 0.2
1 0.16953125 0.5625 0.3234375 0.246875
1 0.15859375 0.8453125 0.2546875 0.265625
3 0.41171875 0.18203125 0.3171875 0.0546875
3 0.43828125 0.06171875 0.2421875 0.0390625
3 0.203125 0.41875 0.165625 0.040625
3 0.51171875 0.95703125 0.4328125 0.0703125
2 0.4015625 0.31484375 0.06875 0.1421875
2 0.34140625 0.58671875 0.0765625 0.2734375
2 0.2828125 0.81328125 0.059375 0.1453125
2 0.80703125 0.8328125 0.0921875 0.225
2 0.6734375 0.31328125 0.09375 0.2796875
2 0.42890625 0.1234375 0.0421875 0.103125
2 0.61328125 0.1046875 0.0640625 0.1125
