3 0.46328125 0.20703125 0.2546875 0.0484375
1 0.12890625 0.7421875 0.2578125 0.440625
1 0.49140625 0.73203125 0.3546875 0.4453125
1 0.2328125 0.30703125 0.2125 0.2703125
1 0.3421875 0.0890625 0.115625 0.125
1 0.50546875 0.2859375 0.1828125 0.13125
1 0.490625 0.09921875 0.11875 0.1171875
3 0.253125 0.478125 0.14375 0.040625
3 0.5046875 0.3953125 0.228125 0.05625
2 0.6375 0.24140625 0.084375 0.2234375
2 0.6765625 0.4546875 0.05 0.15
2 0.7703125 0.82109375 0.078125 0.2953125
2 0.24140625 0.85234375 0.0734375 0.1671875
