1 0.53046875 0.6828125 0.1734375 0.590625
1 0.140625 0.74296875 0.240625 0.4578125
1 0.309375 0.18984375 0.190625 0.1234375
1 0.2375 0.359375 0.234375 0.196875
3 0.22578125 0.4578125 0.2984375 0.059375
3 0.51484375 0.35546875 0.2640625 0.0453125
3 0.5 0.1890625 0.203125 0.0625
3 0.56328125 0.265625 0.1421875 0.053125
3 0.5 0.05703125 0.140625 0.0359375
2 0.41484375 0.134375 0.0421875 0.1125
2 0.596875 0.1015625 0.03125 0.109375
2 0.63828125 0.278125 0.0390625 0.171875
2 0.68515625 0.459375 0.0453125 0.1625
2 0.74609375 0.69296875 0.0453125 0.2390625
2 0.8015625 0.90078125 0.059375 0.1265625
2 0.25703125 0.8671875 0.0453125 0.234375
2 0.71953125 0.89765625 0.0546875 0.1828125
2 0.67265625 0.665625 0.0640625 0.16875
