1 0.44375 0.36484375 0.29375 0.1796875
1 0.43828125 0.5875 0.3578125 0.240625
1 0.3015625 0.8484375 0.246875 0.26875
1 0.21640625 0.56640625 0.1421875 0.2171875
1 0.4953125 0.04296875 0.1375 0.0765625
3 0.12890625 0.75546875 0.1953125 0.0984375
2 0.49765625 0.8625 0.0484375 0.25
2 0.34921875 0.12109375 0.0484375 0.0609375
1 0.6015625 0.8421875 0.128125 0.228125
2 0.41796875 0.22265625 0.0578125 0.1328125
1 0.515625 0.2359375 0.1 0.09375
3 0.21796875 0.259375 0.1015625 0.059375
2 0.4109375 0.05625 0.0375 0.075
