1 0.15390625 0.76328125 0.2828125 0.4078125
1 0.475 0.69453125 0.25 0.4015625
1 0.3015625 0.18671875 0.146875 0.1609375
1 0.23359375 0.37265625 0.2671875 0.2171875
3 0.49921875 0.4609375 0.2859375 0.05625
3 0.25078125 0.51875 0.1609375 0.05625
3 0.51484375 0.234375 0.1390625 0.05
3 0.50234375 0.06953125 0.1203125 0.0484375
2 0.315625 0.62734375 0.078125 0.1359375
2 0.26953125 0.84296875 0.1046875 0.2203125
2 0.79609375 0.85078125 0.0890625 0.2140625
2 0.66875 0.3453125 0.096875 0.24375
2 0.37421875 0.34296875 0.0734375 0.2140625
2 0.42734375 0.13671875 0.0671875 0.1109375
2 0.61328125 0.1578125 0.0515625 0.140625
2 0.67109375 0.5875 0.0671875 0.19375
2 0.71015625 0.8078125 0.0796875 0.225
