1 0.4703125 0.43984375 0.221875 0.1953125
1 0.4859375 0.77734375 0.45625 0.4265625
1 0.215625 0.3296875 0.1375 0.134375
3 0.26640625 0.2484375 0.2078125 0.021875
1 0.28984375 0.14609375 0.1359375 0.1765625
2 0.22265625 0.7890625 0.1359375 0.378125
2 0.32421875 0.41171875 0.1046875 0.2921875
2 0.0828125 0.56953125 0.1375 0.2671875
2 0.38671875 0.18046875 0.0484375 0.1234375
2 0.43515625 0.19140625 0.0484375 0.1453125
2 0.50546875 0.25234375 0.0328125 0.1203125
3 0.12109375 0.9 0.0671875 0.121875
