1 0.490625 0.55859375 0.246875 0.3234375
1 0.2515625 0.29453125 0.18125 0.1171875
1 0.1875 0.4765625 0.21875 0.175
1 0.12109375 0.775 0.2359375 0.3625
3 0.46875 0.8171875 0.365625 0.075
3 0.39765625 0.153125 0.3484375 0.06875
3 0.440625 0.034375 0.25625 0.046875
2 0.75 0.759375 0.09375 0.115625
2 0.6875 0.48203125 0.090625 0.1859375
2 0.8421875 0.3578125 0.084375 0.146875
2 0.646875 0.28515625 0.084375 0.1671875
2 0.59296875 0.12265625 0.0421875 0.0828125
2 0.3125 0.5359375 0.06875 0.3125
2 0.14453125 0.31484375 0.0734375 0.1078125
2 0.04296875 0.46953125 0.0765625 0.1234375
0 0.6609375 0.63359375 0.08125 0.1234375
0 0.71484375 0.8671875 0.0828125 0.20625
