1 0.1109375 0.72578125 0.203125 0.2578125
1 0.27265625 0.24375 0.1265625 0.19375
1 0.17109375 0.440625 0.2203125 0.14375
1 0.475 0.7828125 0.240625 0.290625
3 0.48203125 0.40078125 0.2609375 0.0640625
3 0.16640625 0.5296875 0.2765625 0.065625
3 0.4953125 0.21875 0.2 0.0625
3 0.41796875 0.0734375 0.2953125 0.0625
1 0.47421875 0.52265625 0.1390625 0.1671875
2 0.746875 0.85625 0.071875 0.18125
2 0.6296875 0.3109375 0.05625 0.175
2 0.596875 0.13203125 0.053125 0.0765625
2 0.390625 0.1828125 0.05 0.103125
2 0.359375 0.27734375 0.03125 0.0640625
2 0.334375 0.41640625 0.078125 0.1328125
2 0.265625 0.6875 0.090625 0.228125
2 0.2046875 0.89921875 0.096875 0.1171875
