1 0.496875 0.71171875 0.29375 0.5359375
1 0.24453125 0.37734375 0.2109375 0.1390625
1 0.17265625 0.57265625 0.2640625 0.2203125
1 0.14609375 0.83671875 0.2359375 0.2703125
3 0.5015625 0.4078125 0.246875 0.08125
3 0.41015625 0.2265625 0.4234375 0.08125
2 0.64921875 0.3015625 0.0671875 0.19375
2 0.78046875 0.8390625 0.0640625 0.20625
2 0.334375 0.54375 0.05625 0.265625
2 0.275 0.815625 0.0625 0.203125
2 0.42109375 0.134375 0.0765625 0.171875
2 0.59375 0.09375 0.065625 0.159375
2 0.7265625 0.8796875 0.053125 0.159375
2 0.67890625 0.66171875 0.0671875 0.1765625
2 0.6546875 0.4734375 0.0375 0.140625
