3 0.18359375 0.5765625 0.2421875 0.03125
1 0.4828125 0.384375 0.1625 0.1375
1 0.4859375 0.6703125 0.234375 0.2625
1 0.41328125 0.921875 0.2484375 0.1125
1 0.13359375 0.7734375 0.2484375 0.3625
1 0.2078125 0.44453125 0.209375 0.2015625
1 0.2828125 0.23984375 0.178125 0.1671875
3 0.4046875 0.096875 0.315625 0.065625
3 0.478125 0.2671875 0.1625 0.053125
3 0.49296875 0.184375 0.1046875 0.03125
2 0.78984375 0.8484375 0.0890625 0.25625
2 0.65859375 0.33515625 0.0953125 0.2765625
2 0.60546875 0.11484375 0.0609375 0.1421875
2 0.38828125 0.21640625 0.0390625 0.1296875
2 0.36171875 0.41015625 0.0796875 0.2140625
2 0.6625 0.58828125 0.053125 0.1859375
2 0.7 0.82734375 0.059375 0.2484375
