3 0.290625 0.55703125 0.55 0.1109375
3 0.15859375 0.44453125 0.2671875 0.0671875
3 0.21640625 0.34453125 0.2390625 0.0734375
3 0.246875 0.26484375 0.28125 0.0515625
3 0.121875 0.76875 0.221875 0.128125
1 0.4734375 0.2671875 0.171875 0.165625
1 0.4859375 0.41015625 0.25625 0.1140625
1 0.453125 0.78671875 0.38125 0.3921875
1 0.47734375 0.05546875 0.0890625 0.0953125
3 0.32421875 0.11875 0.1671875 0.04375
1 0.15703125 0.9296875 0.1390625 0.128125
2 0.31640625 0.44296875 0.0703125 0.1078125
2 0.2453125 0.71875 0.05625 0.109375
2 0.36796875 0.28203125 0.0640625 0.1609375
