1 0.19921875 0.515625 0.2578125 0.30625
1 0.30390625 0.23359375 0.1515625 0.1421875
3 0.43359375 0.12109375 0.3234375 0.0546875
3 0.2515625 0.328125 0.265625 0.034375
3 0.51875 0.64609375 0.309375 0.0578125
3 0.19375 0.703125 0.184375 0.05
1 0.55390625 0.83359375 0.1484375 0.2296875
1 0.53359375 0.4015625 0.1078125 0.234375
1 0.1515625 0.859375 0.196875 0.203125
2 0.4125 0.24375 0.059375 0.15625
2 0.37265625 0.4609375 0.0703125 0.2
2 0.659375 0.21796875 0.10625 0.1921875
2 0.70078125 0.41328125 0.0890625 0.1765625
2 0.81875 0.84296875 0.1125 0.2796875
2 0.60234375 0.0484375 0.0640625 0.065625
2 0.290625 0.08515625 0.08125 0.0828125
2 0.19140625 0.240625 0.0890625 0.134375
2 0.06015625 0.465625 0.0890625 0.178125
3 0.06015625 0.3125 0.0984375 0.059375
3 0.178125 0.1453125 0.1 0.05625
