1 0.334375 0.1796875 0.165625 0.175
1 0.2765625 0.38125 0.259375 0.2
1 0.17890625 0.66328125 0.3234375 0.3296875
1 0.5296875 0.45859375 0.259375 0.2203125
3 0.54296875 0.86875 0.4734375 0.065625
3 0.54609375 0.146875 0.1296875 0.059375
3 0.45859375 0.059375 0.2453125 0.053125
2 0.446875 0.09375 0.034375 0.121875
2 0.3703125 0.5875 0.05625 0.346875
2 0.83515625 0.82265625 0.0828125 0.1921875
2 0.7640625 0.5875 0.046875 0.128125
2 0.678125 0.29375 0.071875 0.15625
2 0.64375 0.17578125 0.034375 0.0640625
1 0.19765625 0.91015625 0.1359375 0.1390625
