1 0.2328125 0.3453125 0.215625 0.221875
1 0.146875 0.60390625 0.271875 0.2359375
1 0.1296875 0.85546875 0.225 0.2421875
3 0.58671875 0.5453125 0.0921875 0.034375
2 0.5234375 0.69375 0.065625 0.546875
2 0.521875 0.203125 0.053125 0.38125
2 0.29296875 0.63984375 0.0984375 0.3359375
2 0.3578125 0.37265625 0.04375 0.1578125
2 0.4171875 0.1078125 0.06875 0.171875
2 0.76875 0.89296875 0.05 0.1671875
2 0.64765625 0.3453125 0.0640625 0.2
0 0.709375 0.671875 0.078125 0.19375
2 0.696875 0.91015625 0.071875 0.1640625
2 0.653125 0.66328125 0.05 0.2015625
