1 0.18515625 0.55546875 0.2484375 0.2265625
1 0.14375 0.82421875 0.253125 0.2671875
1 0.5109375 0.64140625 0.271875 0.4453125
3 0.23984375 0.38828125 0.2015625 0.0609375
3 0.4125 0.146875 0.353125 0.059375
3 0.29375 0.28125 0.10625 0.05
1 0.496875 0.2765625 0.146875 0.190625
2 0.64765625 0.23828125 0.0640625 0.1734375
2 0.8109375 0.846875 0.109375 0.246875
2 0.39375 0.33984375 0.05 0.1640625
2 0.3515625 0.53359375 0.034375 0.1859375
2 0.4296875 0.0921875 0.04375 0.128125
3 0.6015625 0.35546875 0.1125 0.0609375
