1 0.31640625 0.146875 0.1609375 0.1375
1 0.26015625 0.3125 0.2390625 0.159375
1 0.18828125 0.50390625 0.2640625 0.1859375
1 0.1296875 0.8046875 0.246875 0.35
1 0.49765625 0.5828125 0.2703125 0.296875
1 0.50859375 0.3109375 0.1859375 0.209375
3 0.5 0.15 0.221875 0.046875
3 0.4265625 0.03046875 0.265625 0.0421875
3 0.50859375 0.825 0.4796875 0.078125
2 0.39609375 0.271875 0.0484375 0.221875
2 0.5953125 0.08671875 0.040625 0.0921875
2 0.6390625 0.25390625 0.0625 0.1953125
2 0.67734375 0.43984375 0.0578125 0.1421875
2 0.79140625 0.86171875 0.0765625 0.1546875
1 0.51796875 0.9 0.1328125 0.125
0 0.7 0.63984375 0.065625 0.1984375
2 0.7328125 0.9265625 0.04375 0.13125
