3 0.28515625 0.4875 0.5203125 0.065625
3 0.32734375 0.23984375 0.2484375 0.0546875
3 0.496875 0.17109375 0.175 0.0296875
3 0.3078125 0.14453125 0.178125 0.0453125
3 0.428125 0.65 0.23125 0.0625
3 0.27421875 0.315625 0.1453125 0.059375
1 0.50234375 0.3453125 0.1796875 0.184375
1 0.4796875 0.05859375 0.096875 0.1046875
2 0.2984375 0.60234375 0.040625 0.1421875
2 0.24453125 0.834375 0.0859375 0.265625
2 0.3375 0.4375 0.0375 0.078125
2 0.5484375 0.84375 0.05625 0.303125
2 0.63203125 0.84765625 0.0546875 0.1953125
2 0.4765625 0.76484375 0.046875 0.1328125
2 0.48515625 0.5703125 0.0609375 0.096875
2 0.54609375 0.5828125 0.0328125 0.103125
2 0.52578125 0.24453125 0.0296875 0.1359375
