3 0.43515625 0.4984375 0.2390625 0.065625
1 0.44453125 0.37734375 0.1890625 0.1484375
3 0.41640625 0.915625 0.4171875 0.11875
3 0.4296875 0.2625 0.128125 0.06875
1 0.1625 0.503125 0.234375 0.321875
1 0.2640625 0.23828125 0.09375 0.1515625
1 0.4484375 0.10078125 0.15 0.1984375
1 0.428125 0.690625 0.3625 0.265625
1 0.08203125 0.8390625 0.1171875 0.0875
2 0.22109375 0.20859375 0.1078125 0.1859375
2 0.16484375 0.8328125 0.1171875 0.2875
2 0.296875 0.4140625 0.08125 0.209375
2 0.3453125 0.2265625 0.0375 0.13125
