1 0.27421875 0.25234375 0.1921875 0.1296875
1 0.22578125 0.42265625 0.2578125 0.1796875
1 0.13515625 0.69453125 0.2609375 0.3484375
1 0.4828125 0.6171875 0.303125 0.175
2 0.4046875 0.1640625 0.05625 0.240625
2 0.33125 0.534375 0.075 0.221875
2 0.25234375 0.84765625 0.0890625 0.2453125
2 0.72109375 0.6703125 0.0765625 0.228125
2 0.64296875 0.32421875 0.0546875 0.1859375
2 0.68125 0.465625 0.040625 0.1
2 0.5984375 0.12265625 0.059375 0.1265625
2 0.2671875 0.09140625 0.046875 0.1140625
1 0.48671875 0.853125 0.3234375 0.234375
1 0.1046875 0.9140625 0.11875 0.09375
1 0.50078125 0.46015625 0.2109375 0.1109375
3 0.8640625 0.6515625 0.20625 0.05625
2 0.72109375 0.89453125 0.0921875 0.2078125
2 0.67265625 0.60625 0.0609375 0.20625
