1 0.34296875 0.121875 0.1515625 0.13125
1 0.275 0.30390625 0.228125 0.1953125
1 0.20859375 0.5640625 0.2734375 0.290625
1 0.54453125 0.26328125 0.1734375 0.1984375
1 0.55703125 0.540625 0.1640625 0.303125
1 0.1484375 0.8703125 0.2125 0.221875
3 0.4921875 0.771875 0.4375 0.08125
3 0.153125 0.746875 0.25625 0.0625
2 0.31328125 0.8921875 0.0765625 0.19375
2 0.715625 0.46328125 0.084375 0.2890625
2 0.653125 0.23671875 0.034375 0.1328125
2 0.61796875 0.08203125 0.0703125 0.1453125
2 0.409375 0.24296875 0.0625 0.2328125
2 0.1328125 0.3234375 0.078125 0.153125
2 0.04296875 0.4921875 0.0671875 0.103125
2 0.234375 0.15234375 0.09375 0.1421875
2 0.76171875 0.73515625 0.0765625 0.1078125
2 0.784375 0.87734375 0.08125 0.1296875
