1 0.459375 0.18984375 0.18125 0.2078125
3 0.25546875 0.35 0.2328125 0.090625
3 0.3375 0.73671875 0.309375 0.1296875
3 0.49453125 0.46328125 0.1828125 0.0953125
3 0.14453125 0.46640625 0.2078125 0.0546875
3 0.27109375 0.26015625 0.1515625 0.0421875
2 0.2515625 0.47890625 0.059375 0.1296875
2 0.2109375 0.62734375 0.040625 0.1515625
2 0.34765625 0.55546875 0.0578125 0.1828125
2 0.38203125 0.0671875 0.0640625 0.096875
2 0.25703125 0.0578125 0.0328125 0.034375
2 0.22109375 0.1078125 0.0296875 0.04375
2 0.19921875 0.153125 0.0296875 0.040625
1 0.09140625 0.61484375 0.1734375 0.2171875
2 0.53515625 0.884375 0.0515625 0.14375
2 0.53671875 0.675 0.0828125 0.25
