1 0.50078125 0.80546875 0.3859375 0.3671875
1 0.49453125 0.49609375 0.2515625 0.1359375
1 0.47265625 0.290625 0.1890625 0.146875
1 0.47421875 0.121875 0.1640625 0.15625
1 0.25625 0.33984375 0.2 0.1921875
1 0.15625 0.8046875 0.259375 0.209375
2 0.1484375 0.50078125 0.065625 0.0765625
2 0.0234375 0.7734375 0.0375 0.0625
2 0.4484375 0.2125 0.0375 0.059375
3 0.47265625 0.38359375 0.1109375 0.0359375
3 0.46796875 0.5921875 0.1671875 0.021875
3 0.3296875 0.225 0.115625 0.034375
1 0.275 0.5203125 0.146875 0.14375
1 0.15 0.628125 0.25 0.1125
