3 0.2640625 0.21953125 0.175 0.0484375
3 0.465625 0.37890625 0.2125 0.0578125
1 0.38828125 0.59921875 0.4046875 0.3421875
1 0.33828125 0.890625 0.5421875 0.21875
1 0.46015625 0.184375 0.1578125 0.225
3 0.115625 0.45625 0.103125 0.05
3 0.40625 0.52265625 0.16875 0.0640625
2 0.16796875 0.3078125 0.0421875 0.096875
2 0.33046875 0.29140625 0.0578125 0.0796875
2 0.2546875 0.33671875 0.046875 0.0890625
2 0.2046875 0.50703125 0.05 0.0984375
2 0.1359375 0.64765625 0.0875 0.1640625
2 0.3734375 0.05390625 0.053125 0.0953125
1 0.05625 0.5703125 0.109375 0.15
