1 0.49296875 0.4140625 0.2265625 0.15
1 0.44375 0.7078125 0.278125 0.346875
3 0.2125 0.403125 0.259375 0.065625
3 0.4015625 0.5328125 0.234375 0.078125
3 0.46875 0.23984375 0.071875 0.0578125
1 0.14296875 0.5703125 0.2203125 0.2
2 0.23828125 0.265625 0.1109375 0.221875
2 0.340625 0.05390625 0.0375 0.0765625
2 0.40625 0.0953125 0.040625 0.1625
2 0.446875 0.14140625 0.04375 0.1953125
2 0.33203125 0.38671875 0.0390625 0.1296875
2 0.240625 0.73671875 0.109375 0.2890625
3 0.0984375 0.83828125 0.1625 0.1296875
1 0.415625 0.9359375 0.35 0.1
