1 0.2765625 0.32890625 0.21875 0.1921875
1 0.1921875 0.5515625 0.296875 0.2625
1 0.15234375 0.8234375 0.2640625 0.28125
3 0.51796875 0.31484375 0.1484375 0.0265625
3 0.56328125 0.16328125 0.0546875 0.0234375
3 0.365625 0.178125 0.1375 0.025
3 0.43984375 0.0765625 0.2921875 0.053125
3 0.18046875 0.496875 0.1765625 0.028125
2 0.67734375 0.3625 0.1078125 0.2125
2 0.3515625 0.6015625 0.096875 0.371875
2 0.78125 0.61875 0.103125 0.221875
2 0.84296875 0.85546875 0.1171875 0.1984375
2 0.4046875 0.3546875 0.05 0.10625
2 0.61875 0.146875 0.046875 0.140625
