3 0.128125 0.56640625 0.234375 0.0765625
3 0.521875 0.49296875 0.225 0.0765625
3 0.375 0.22734375 0.421875 0.0546875
1 0.5078125 0.7578125 0.20625 0.4375
1 0.49609375 0.346875 0.1828125 0.175
1 0.49765625 0.1203125 0.1296875 0.159375
1 0.315625 0.32734375 0.13125 0.1234375
3 0.31484375 0.14921875 0.1015625 0.0484375
1 0.06328125 0.7109375 0.0890625 0.134375
3 0.1359375 0.4171875 0.18125 0.05625
2 0.3109375 0.55078125 0.1625 0.3234375
2 0.33359375 0.85859375 0.0953125 0.2453125
2 0.19609375 0.85625 0.1140625 0.246875
2 0.40625 0.278125 0.05 0.203125
2 0.40625 0.06171875 0.034375 0.0796875
