1 0.265625 0.3203125 0.234375 0.23125
1 0.16875 0.56171875 0.253125 0.2203125
3 0.50625 0.6609375 0.35625 0.053125
3 0.49609375 0.12109375 0.1515625 0.0234375
1 0.5296875 0.23671875 0.10625 0.1515625
1 0.54765625 0.48515625 0.1265625 0.1765625
2 0.325 0.55234375 0.075 0.1984375
2 0.37265625 0.35703125 0.0453125 0.1765625
2 0.4203125 0.0578125 0.0625 0.071875
2 0.8140625 0.8859375 0.04375 0.115625
2 0.61640625 0.20859375 0.0484375 0.1578125
2 0.6640625 0.3484375 0.05 0.096875
1 0.134375 0.81875 0.240625 0.284375
2 0.721875 0.84140625 0.075 0.2734375
