2 0.59140625 0.47890625 0.1234375 0.5796875
1 0.31171875 0.24453125 0.1703125 0.1640625
1 0.22734375 0.4328125 0.2609375 0.159375
1 0.15078125 0.74296875 0.2921875 0.4140625
3 0.6140625 0.7953125 0.228125 0.040625
3 0.53671875 0.15078125 0.1078125 0.0390625
1 0.36640625 0.0859375 0.1328125 0.13125
2 0.4140625 0.3296875 0.0875 0.328125
2 0.34609375 0.86171875 0.0796875 0.2234375
2 0.340625 0.13984375 0.10625 0.1453125
3 0.721875 0.48046875 0.1 0.0390625
3 0.771875 0.6625 0.15 0.046875
3 0.8328125 0.80390625 0.11875 0.0328125
3 0.6921875 0.33203125 0.053125 0.0203125
1 0.77734375 0.55625 0.0640625 0.1
2 0.62734375 0.9015625 0.0796875 0.15
2 0.71796875 0.55703125 0.0359375 0.0921875
2 0.753125 0.72109375 0.059375 0.0984375
2 0.79765625 0.9109375 0.0828125 0.13125
