1 0.38515625 0.3875 0.1953125 0.284375
1 0.3828125 0.74453125 0.2875 0.3671875
2 0.21328125 0.646875 0.0734375 0.146875
2 0.5375 0.60390625 0.06875 0.5765625
2 0.3578125 0.209375 0.084375 0.109375
2 0.30859375 0.05078125 0.0484375 0.0703125
2 0.690625 0.62890625 0.078125 0.2296875
2 0.72734375 0.85625 0.1078125 0.203125
0 0.65859375 0.35078125 0.0859375 0.1765625
0 0.6203125 0.1734375 0.08125 0.13125
2 0.390625 0.096875 0.0625 0.09375
1 0.075 0.684375 0.11875 0.203125
1 0.11796875 0.87109375 0.2109375 0.2046875
1 0.24921875 0.184375 0.1265625 0.13125
