1 0.24375 0.31640625 0.21875 0.1578125
1 0.178125 0.50234375 0.23125 0.1984375
1 0.5171875 0.4578125 0.25625 0.225
1 0.52890625 0.75390625 0.2359375 0.3578125
1 0.24296875 0.71328125 0.2203125 0.2484375
1 0.49375 0.19453125 0.125 0.2328125
1 0.4703125 0.05859375 0.146875 0.0765625
3 0.3171875 0.8859375 0.271875 0.121875
3 0.09375 0.646875 0.178125 0.075
3 0.259375 0.21328125 0.140625 0.0484375
2 0.34453125 0.74765625 0.0921875 0.2109375
2 0.37890625 0.41171875 0.0640625 0.3109375
2 0.43046875 0.13359375 0.0546875 0.1046875
2 0.36328125 0.16015625 0.0515625 0.1140625
