3 0.71015625 0.4796875 0.0890625 0.03125
3 0.77265625 0.7296875 0.1296875 0.03125
1 0.29921875 0.19453125 0.1765625 0.1796875
1 0.18671875 0.46875 0.2703125 0.321875
1 0.13046875 0.79140625 0.2421875 0.3046875
1 0.50546875 0.48125 0.2484375 0.25
1 0.4984375 0.2 0.15625 0.2125
3 0.50859375 0.07734375 0.1609375 0.0359375
3 0.58984375 0.95390625 0.3171875 0.0703125
2 0.15 0.1671875 0.09375 0.09375
2 0.0640625 0.26171875 0.040625 0.0640625
2 0.13671875 0.3078125 0.0890625 0.121875
2 0.253125 0.1171875 0.075 0.134375
2 0.68828125 0.65078125 0.0640625 0.0890625
2 0.7359375 0.85 0.05 0.125
