1 0.50234375 0.75546875 0.3828125 0.3296875
1 0.1296875 0.76015625 0.259375 0.3640625
1 0.2015625 0.45390625 0.23125 0.2640625
1 0.32265625 0.2359375 0.1546875 0.1875
1 0.3625 0.1015625 0.09375 0.128125
3 0.49296875 0.52109375 0.2953125 0.0890625
3 0.5125 0.2859375 0.140625 0.0875
2 0.3515625 0.46328125 0.034375 0.1484375
2 0.38671875 0.290625 0.0984375 0.18125
2 0.43671875 0.06875 0.0421875 0.06875
2 0.59453125 0.08515625 0.0328125 0.1078125
2 0.61875 0.209375 0.040625 0.08125
2 0.6515625 0.3296875 0.059375 0.1
2 0.6828125 0.44921875 0.015625 0.0359375
2 0.78828125 0.85 0.0765625 0.259375
3 0.540625 0.1484375 0.06875 0.028125
2 0.73359375 0.87890625 0.0640625 0.1765625
2 0.69296875 0.6515625 0.0390625 0.1625
2 0.64609375 0.42734375 0.0609375 0.1546875
