1 0.4484375 0.70859375 0.25625 0.4671875
1 0.31328125 0.15703125 0.1515625 0.2015625
1 0.23515625 0.36796875 0.2140625 0.2140625
1 0.165625 0.7203125 0.29375 0.475
1 0.49296875 0.23828125 0.1546875 0.3453125
3 0.74296875 0.66640625 0.1140625 0.0484375
3 0.6890625 0.46171875 0.08125 0.0265625
3 0.6765625 0.3625 0.059375 0.034375
2 0.71875 0.840625 0.0625 0.265625
2 0.8484375 0.86640625 0.046875 0.2015625
2 0.66953125 0.5671875 0.0640625 0.134375
2 0.75546875 0.56015625 0.0515625 0.1140625
2 0.61171875 0.29453125 0.0421875 0.1546875
2 0.659375 0.259375 0.05625 0.15
