1 0.2921875 0.2640625 0.221875 0.121875
1 0.175 0.54453125 0.265625 0.3421875
3 0.4921875 0.79296875 0.428125 0.0640625
3 0.39765625 0.12890625 0.3328125 0.0515625
3 0.25390625 0.33828125 0.2359375 0.0546875
1 0.13125 0.84375 0.228125 0.23125
1 0.46953125 0.615625 0.2921875 0.203125
3 0.49140625 0.4546875 0.2578125 0.06875
2 0.61875 0.18671875 0.065625 0.1578125
2 0.64296875 0.3546875 0.0421875 0.115625
2 0.7796875 0.8640625 0.065625 0.103125
2 0.38359375 0.25 0.0546875 0.19375
2 0.28359375 0.68828125 0.0390625 0.0890625
2 0.23671875 0.89453125 0.0703125 0.1328125
2 0.6609375 0.59921875 0.053125 0.2171875
