1 0.075 0.64921875 0.15 0.2578125
1 0.22421875 0.32890625 0.1328125 0.2046875
1 0.478125 0.26484375 0.178125 0.1703125
3 0.38046875 0.125 0.1734375 0.05625
3 0.14296875 0.51953125 0.2671875 0.0484375
3 0.43125 0.384375 0.13125 0.034375
1 0.46484375 0.86328125 0.3734375 0.1796875
2 0.25390625 0.6546875 0.0953125 0.246875
2 0.2078125 0.8671875 0.10625 0.18125
2 0.33359375 0.37109375 0.0546875 0.1671875
2 0.4078125 0.0578125 0.053125 0.059375
2 0.5734375 0.58359375 0.078125 0.3390625
1 0.425 0.596875 0.190625 0.253125
