3 0.21640625 0.37890625 0.2453125 0.0765625
3 0.1515625 0.53203125 0.253125 0.0703125
3 0.12890625 0.6515625 0.2046875 0.115625
1 0.42421875 0.4296875 0.1640625 0.234375
1 0.4515625 0.78359375 0.35 0.4234375
1 0.4796875 0.21875 0.14375 0.18125
1 0.4703125 0.0546875 0.140625 0.103125
2 0.203125 0.8296875 0.103125 0.2125
1 0.14765625 0.95546875 0.1390625 0.0546875
2 0.5453125 0.4359375 0.034375 0.184375
2 0.37265625 0.21640625 0.0546875 0.1671875
2 0.303125 0.4765625 0.05 0.09375
2 0.25546875 0.6640625 0.0453125 0.0625
