3 0.49296875 0.684375 0.3265625 0.0875
1 0.20078125 0.4796875 0.2671875 0.21875
1 0.15234375 0.7734375 0.2359375 0.36875
1 0.515625 0.51328125 0.23125 0.2265625
1 0.28359375 0.2578125 0.1859375 0.175
1 0.50625 0.246875 0.1625 0.109375
2 0.58828125 0.84765625 0.0734375 0.2265625
3 0.51875 0.12890625 0.103125 0.0359375
3 0.5109375 0.0234375 0.115625 0.040625
2 0.62734375 0.2015625 0.0546875 0.16875
2 0.67890625 0.38359375 0.0640625 0.1484375
2 0.79453125 0.77734375 0.1015625 0.1921875
2 0.8203125 0.93671875 0.053125 0.0765625
2 0.29375 0.7484375 0.10625 0.21875
2 0.36796875 0.41484375 0.0890625 0.3234375
2 0.41171875 0.15859375 0.0640625 0.1296875
2 0.4421875 0.040625 0.034375 0.04375
3 0.2484375 0.346875 0.2 0.05
2 0.7296875 0.8140625 0.096875 0.26875
2 0.6671875 0.52421875 0.06875 0.1921875
