1 0.13671875 0.6109375 0.2421875 0.19375
1 0.12109375 0.85 0.1890625 0.20625
3 0.375 0.2921875 0.3875 0.06875
3 0.475 0.1015625 0.1625 0.04375
3 0.47890625 0.515625 0.2859375 0.0625
1 0.19765625 0.4203125 0.1859375 0.175
1 0.2875 0.17578125 0.134375 0.1640625
2 0.39609375 0.1890625 0.0484375 0.153125
2 0.203125 0.20078125 0.096875 0.1484375
2 0.08671875 0.403125 0.0984375 0.146875
1 0.5328125 0.87265625 0.225 0.1765625
1 0.89765625 0.87421875 0.1984375 0.2421875
3 0.84921875 0.6703125 0.2546875 0.025
2 0.3046875 0.6671875 0.065625 0.184375
2 0.2609375 0.87734375 0.1125 0.1921875
2 0.353125 0.40859375 0.08125 0.1171875
2 0.70859375 0.8421875 0.0859375 0.20625
2 0.665625 0.6078125 0.065625 0.178125
2 0.62890625 0.396875 0.0390625 0.175
2 0.60078125 0.22109375 0.0609375 0.1578125
