1 0.5046875 0.30703125 0.134375 0.2265625
1 0.50390625 0.5734375 0.2015625 0.290625
1 0.52421875 0.83515625 0.2203125 0.2484375
1 0.36640625 0.4828125 0.0671875 0.225
1 0.29296875 0.80234375 0.1359375 0.3515625
1 0.228125 0.35859375 0.146875 0.1890625
1 0.23828125 0.225 0.0921875 0.171875
1 0.46796875 0.134375 0.1328125 0.0875
3 0.121875 0.67890625 0.19375 0.0765625
3 0.196875 0.478125 0.159375 0.040625
1 0.11640625 0.83359375 0.1515625 0.1984375
2 0.3859375 0.14375 0.05625 0.2
2 0.28359375 0.52734375 0.0703125 0.1765625
2 0.1984375 0.8265625 0.0875 0.3
2 0.09375 0.51015625 0.125 0.2640625
2 0.40078125 0.2734375 0.0515625 0.134375
2 0.32109375 0.23125 0.0484375 0.065625
2 0.3421875 0.0296875 0.040625 0.034375
