3 0.59453125 0.83046875 0.4609375 0.1015625
1 0.3421875 0.19765625 0.165625 0.1640625
1 0.22578125 0.45234375 0.2734375 0.3015625
1 0.159375 0.78203125 0.30625 0.3265625
1 0.49453125 0.5625 0.2546875 0.265625
3 0.59921875 0.3171875 0.0609375 0.046875
3 0.51640625 0.1390625 0.1640625 0.059375
2 0.58125 0.75390625 0.071875 0.3890625
2 0.83984375 0.840625 0.1046875 0.234375
2 0.66640625 0.26171875 0.0953125 0.1921875
2 0.61171875 0.08359375 0.0484375 0.1109375
2 0.43046875 0.225 0.0578125 0.428125
2 0.375 0.52421875 0.071875 0.2390625
2 0.3265625 0.81796875 0.065625 0.2953125
