1 0.1890625 0.45234375 0.259375 0.2015625
1 0.140625 0.77421875 0.26875 0.3890625
1 0.3234375 0.16015625 0.14375 0.1953125
3 0.37734375 0.30703125 0.4453125 0.0796875
3 0.490625 0.55390625 0.29375 0.0703125
3 0.503125 0.09296875 0.159375 0.0390625
3 0.4359375 0.0171875 0.221875 0.034375
2 0.3375 0.45546875 0.06875 0.1828125
2 0.28828125 0.66796875 0.0609375 0.2015625
2 0.23359375 0.89375 0.0453125 0.178125
2 0.76875 0.80546875 0.09375 0.2796875
2 0.659375 0.36796875 0.059375 0.2078125
2 0.6109375 0.178125 0.05625 0.146875
2 0.40234375 0.221875 0.0734375 0.165625
1 0.4453125 0.83203125 0.26875 0.2890625
2 0.6671875 0.628125 0.040625 0.15625
2 0.70703125 0.8515625 0.0546875 0.225
2 0.625 0.4296875 0.053125 0.11875
