1 0.52109375 0.2828125 0.1796875 0.2125
1 0.54140625 0.48984375 0.2671875 0.2078125
1 0.28046875 0.34609375 0.2453125 0.2078125
1 0.1859375 0.62109375 0.31875 0.3109375
1 0.15078125 0.93125 0.2328125 0.1125
3 0.25703125 0.3953125 0.2015625 0.0375
3 0.42890625 0.14453125 0.3484375 0.0578125
2 0.44453125 0.0578125 0.0265625 0.071875
2 0.86328125 0.83671875 0.0890625 0.2046875
2 0.6734375 0.26953125 0.08125 0.2453125
2 0.628125 0.06328125 0.109375 0.0734375
2 0.415625 0.26640625 0.046875 0.2046875
2 0.209375 0.1890625 0.090625 0.115625
2 0.103125 0.36875 0.121875 0.196875
2 0.28671875 0.0640625 0.0578125 0.084375
0 0.72265625 0.55703125 0.0578125 0.1046875
