1 0.28828125 0.4015625 0.1171875 0.171875
1 0.16171875 0.596875 0.2921875 0.209375
1 0.14296875 0.84375 0.2453125 0.26875
3 0.4984375 0.19140625 0.159375 0.0484375
3 0.4984375 0.33984375 0.14375 0.0828125
2 0.43515625 0.10078125 0.0578125 0.1328125
2 0.80625 0.88359375 0.05 0.1671875
2 0.6796875 0.33984375 0.1 0.2578125
2 0.61484375 0.11796875 0.0703125 0.1734375
2 0.3109375 0.1609375 0.1125 0.259375
2 0.190625 0.40078125 0.090625 0.1953125
2 0.2546875 0.875 0.0875 0.221875
2 0.39140625 0.29609375 0.0703125 0.1671875
2 0.6578125 0.4734375 0.05 0.165625
2 0.62578125 0.3078125 0.0515625 0.15
