3 0.4703125 0.53984375 0.209375 0.0578125
3 0.46484375 0.81875 0.3078125 0.096875
1 0.17109375 0.39609375 0.1703125 0.1921875
1 0.4296875 0.4453125 0.215625 0.134375
1 0.446875 0.27578125 0.20625 0.0921875
1 0.37109375 0.11484375 0.3078125 0.1140625
3 0.34921875 0.21015625 0.4421875 0.0296875
1 0.0921875 0.63828125 0.153125 0.1671875
1 0.0625 0.82890625 0.0875 0.1796875
1 0.30078125 0.61796875 0.1078125 0.1796875
1 0.2515625 0.86015625 0.1125 0.2578125
1 0.50390625 0.6578125 0.1734375 0.171875
2 0.30078125 0.33671875 0.0734375 0.1671875
2 0.19296875 0.68359375 0.0609375 0.1578125
2 0.13359375 0.89140625 0.0609375 0.2078125
