1 0.12109375 0.84609375 0.2046875 0.2203125
3 0.5015625 0.640625 0.35 0.103125
3 0.1734375 0.70234375 0.2625 0.0578125
3 0.2953125 0.35390625 0.253125 0.0828125
3 0.3703125 0.02421875 0.11875 0.0390625
1 0.19921875 0.51875 0.1390625 0.196875
1 0.325 0.1921875 0.15 0.175
2 0.34296875 0.49375 0.0859375 0.15
2 0.3953125 0.2421875 0.053125 0.15
2 0.59921875 0.08046875 0.0421875 0.1234375
2 0.640625 0.23828125 0.04375 0.1578125
2 0.684375 0.39609375 0.034375 0.1109375
2 0.76875 0.74296875 0.071875 0.2078125
2 0.82734375 0.92734375 0.0578125 0.1140625
2 0.28515625 0.865625 0.0796875 0.18125
2 0.7203125 0.75546875 0.046875 0.1328125
2 0.75625 0.9234375 0.071875 0.103125
2 0.67734375 0.55 0.0609375 0.159375
2 0.634375 0.36171875 0.04375 0.1046875
