1 0.24609375 0.43046875 0.2421875 0.2484375
1 0.17109375 0.765625 0.2859375 0.375
2 0.61328125 0.71171875 0.1484375 0.5703125
3 0.4453125 0.22890625 0.44375 0.0765625
3 0.55625 0.403125 0.18125 0.04375
1 0.49921875 0.09453125 0.1015625 0.1640625
1 0.3703125 0.08984375 0.14375 0.1640625
2 0.22109375 0.41171875 0.0953125 0.2359375
2 0.409375 0.41171875 0.065625 0.2984375
2 0.33046875 0.78125 0.0859375 0.34375
1 0.7671875 0.54140625 0.09375 0.1484375
3 0.77265625 0.6390625 0.1421875 0.025
3 0.8671875 0.85390625 0.121875 0.0890625
3 0.72734375 0.434375 0.0703125 0.021875
