2 0.44375 0.4859375 0.0375 0.3
2 0.415625 0.8609375 0.06875 0.2375
2 0.48671875 0.1515625 0.0421875 0.16875
3 0.31953125 0.290625 0.4203125 0.078125
3 0.1609375 0.39140625 0.271875 0.0671875
2 0.24296875 0.57265625 0.0890625 0.2671875
2 0.15078125 0.84765625 0.0953125 0.2546875
2 0.38203125 0.08828125 0.0640625 0.1515625
2 0.34375 0.21171875 0.0375 0.0828125
2 0.22734375 0.14296875 0.0515625 0.0734375
2 0.18203125 0.22421875 0.0390625 0.0640625
1 0.0703125 0.5265625 0.11875 0.14375
1 0.52890625 0.47734375 0.1046875 0.2953125
1 0.53203125 0.85859375 0.1484375 0.2171875
3 0.30078125 0.71328125 0.1859375 0.0734375
