1 0.509375 0.58203125 0.259375 0.1546875
1 0.2359375 0.5703125 0.09375 0.159375
1 0.16171875 0.76171875 0.2046875 0.1953125
1 0.08515625 0.56328125 0.1515625 0.1265625
1 0.20859375 0.39296875 0.1890625 0.1453125
1 0.48046875 0.271875 0.1734375 0.121875
1 0.28671875 0.2421875 0.2109375 0.15
1 0.475 0.81875 0.375 0.321875
1 0.47890625 0.11171875 0.1296875 0.1640625
2 0.24140625 0.82109375 0.0796875 0.2671875
2 0.3921875 0.159375 0.0625 0.2
1 0.1 0.9234375 0.15625 0.0875
2 0.3171875 0.57890625 0.071875 0.1078125
2 0.18515625 0.50625 0.0484375 0.065625
2 0.334375 0.4359375 0.05 0.06875
