1 0.42265625 0.63046875 0.2609375 0.5109375
1 0.44375 0.1890625 0.134375 0.203125
1 0.271875 0.1828125 0.13125 0.159375
3 0.403125 0.9515625 0.43125 0.078125
3 0.384375 0.3484375 0.125 0.053125
1 0.16171875 0.51328125 0.1359375 0.0796875
2 0.2203125 0.62734375 0.09375 0.1921875
2 0.14765625 0.3140625 0.0765625 0.103125
2 0.0625 0.45625 0.096875 0.16875
2 0.309375 0.32421875 0.075 0.1015625
2 0.26484375 0.4734375 0.0328125 0.11875
2 0.38203125 0.05625 0.0921875 0.109375
3 0.10546875 0.71640625 0.1734375 0.0640625
3 0.07578125 0.884375 0.1015625 0.084375
