3 0.14375 0.63671875 0.2375 0.0546875
3 0.1703125 0.51484375 0.221875 0.0484375
1 0.47734375 0.196875 0.1296875 0.13125
1 0.45390625 0.39921875 0.1921875 0.2296875
1 0.47109375 0.74765625 0.3078125 0.4046875
3 0.44140625 0.54375 0.1609375 0.065625
3 0.3015625 0.115625 0.09375 0.065625
1 0.21875 0.39921875 0.190625 0.0921875
2 0.4203125 0.0671875 0.0375 0.109375
2 0.378125 0.21796875 0.034375 0.1515625
2 0.32109375 0.43515625 0.0671875 0.2203125
2 0.2421875 0.77734375 0.11875 0.4140625
2 0.2765625 0.26171875 0.028125 0.0453125
2 0.30703125 0.88828125 0.0515625 0.2078125
2 0.44375 0.078125 0.04375 0.075
