1 0.246875 0.4015625 0.2625 0.178125
1 0.16015625 0.72265625 0.2953125 0.4453125
1 0.49765625 0.42109375 0.1734375 0.3421875
3 0.51484375 0.71796875 0.3609375 0.0609375
3 0.49921875 0.13828125 0.1515625 0.0296875
2 0.65078125 0.24765625 0.0578125 0.1796875
2 0.7078125 0.46640625 0.0625 0.1984375
2 0.78671875 0.72578125 0.0890625 0.2640625
2 0.8484375 0.9359375 0.053125 0.08125
2 0.29609375 0.87734375 0.0921875 0.2078125
2 0.37578125 0.42265625 0.0578125 0.1703125
2 0.40390625 0.234375 0.0671875 0.140625
2 0.31015625 0.1625 0.1171875 0.2375
2 0.44765625 0.07734375 0.0734375 0.1109375
2 0.6125 0.0859375 0.05625 0.09375
