1 0.5 0.8109375 0.340625 0.278125
1 0.12265625 0.8109375 0.1734375 0.26875
1 0.2078125 0.4734375 0.215625 0.2625
1 0.315625 0.2015625 0.153125 0.1375
1 0.3703125 0.0625 0.084375 0.075
1 0.52578125 0.459375 0.1984375 0.15625
3 0.496875 0.5984375 0.29375 0.078125
3 0.2703125 0.30703125 0.221875 0.0640625
3 0.50078125 0.11015625 0.1546875 0.0421875
2 0.64921875 0.35625 0.0859375 0.2625
2 0.61796875 0.16015625 0.0671875 0.1203125
2 0.38984375 0.203125 0.0421875 0.1625
2 0.24609375 0.8203125 0.0890625 0.25625
2 0.328125 0.50703125 0.1125 0.2421875
0 0.66328125 0.58359375 0.0484375 0.0734375
