1 0.40546875 0.696875 0.3421875 0.325
1 0.19765625 0.28515625 0.2390625 0.1796875
1 0.115625 0.5578125 0.16875 0.309375
2 0.484375 0.90078125 0.046875 0.1515625
2 0.19453125 0.7171875 0.0984375 0.259375
2 0.27265625 0.478125 0.0796875 0.153125
2 0.35625 0.19765625 0.05 0.1265625
2 0.390625 0.06875 0.034375 0.11875
2 0.54375 0.63046875 0.04375 0.3203125
3 0.46953125 0.0546875 0.1359375 0.034375
3 0.3078125 0.07890625 0.1375 0.0515625
2 0.490625 0.19375 0.040625 0.215625
2 0.48515625 0.42265625 0.0390625 0.1953125
1 0.3875 0.409375 0.140625 0.165625
1 0.06484375 0.92421875 0.1140625 0.0984375
