1 0.42265625 0.13984375 0.1359375 0.1859375
1 0.44765625 0.30390625 0.2078125 0.0765625
1 0.3875 0.43828125 0.209375 0.1328125
1 0.19375 0.3328125 0.196875 0.146875
1 0.41640625 0.609375 0.2796875 0.16875
3 0.37421875 0.2328125 0.3296875 0.084375
2 0.2234375 0.60625 0.0625 0.221875
2 0.05703125 0.825 0.1046875 0.225
2 0.1515625 0.8453125 0.071875 0.23125
1 0.11328125 0.47265625 0.1953125 0.0984375
1 0.09296875 0.62109375 0.1734375 0.1421875
2 0.23828125 0.15390625 0.0859375 0.0953125
2 0.4734375 0.86640625 0.05625 0.2078125
2 0.24140625 0.83125 0.0734375 0.153125
