1 0.134375 0.7953125 0.25625 0.403125
1 0.48515625 0.78046875 0.3140625 0.3828125
1 0.3390625 0.14453125 0.15625 0.1265625
1 0.25859375 0.3203125 0.1859375 0.209375
3 0.49140625 0.44609375 0.3390625 0.0453125
3 0.1890625 0.53828125 0.31875 0.0765625
1 0.4890625 0.28828125 0.1625 0.1640625
2 0.69921875 0.55859375 0.0390625 0.1515625
2 0.7390625 0.73984375 0.078125 0.1640625
2 0.78203125 0.91796875 0.0984375 0.0984375
2 0.60859375 0.1484375 0.0421875 0.125
2 0.6359375 0.27734375 0.046875 0.0890625
2 0.4359375 0.05703125 0.05 0.0984375
2 0.37890625 0.3125 0.0453125 0.146875
2 0.71171875 0.8609375 0.0453125 0.178125
2 0.68046875 0.678125 0.0578125 0.146875
2 0.6375 0.53046875 0.05625 0.1015625
