1 0.1828125 0.5203125 0.3 0.225
1 0.1453125 0.75 0.265625 0.2375
1 0.54140625 0.396875 0.1703125 0.184375
2 0.609375 0.646875 0.0875 0.271875
1 0.25234375 0.28359375 0.2359375 0.1546875
3 0.51328125 0.878125 0.3953125 0.059375
3 0.4046875 0.13828125 0.35 0.0578125
3 0.26796875 0.39453125 0.2453125 0.0390625
3 0.44609375 0.028125 0.2671875 0.03125
2 0.83828125 0.8328125 0.1046875 0.20625
2 0.68046875 0.2328125 0.0578125 0.165625
2 0.421875 0.2625 0.046875 0.1875
2 0.6 0.07109375 0.0375 0.0984375
2 0.72109375 0.60546875 0.0765625 0.2109375
2 0.6203125 0.26328125 0.059375 0.1796875
