1 0.3953125 0.284375 0.134375 0.25625
2 0.5390625 0.7109375 0.071875 0.5375
2 0.25625 0.51015625 0.078125 0.1609375
2 0.1640625 0.78828125 0.128125 0.3328125
2 0.25390625 0.31484375 0.0765625 0.1546875
2 0.28828125 0.09140625 0.0984375 0.1578125
2 0.39296875 0.06875 0.0609375 0.11875
2 0.51640625 0.2671875 0.0484375 0.1
0 0.9265625 0.8984375 0.125 0.153125
2 0.7046875 0.73125 0.1 0.43125
2 0.61640625 0.28203125 0.0953125 0.3015625
1 0.28984375 0.7953125 0.1578125 0.18125
1 0.06953125 0.7953125 0.1203125 0.1875
