1 0.51484375 0.77890625 0.2203125 0.4140625
1 0.51015625 0.44921875 0.1421875 0.1703125
1 0.51796875 0.24921875 0.0921875 0.1703125
3 0.45078125 0.22578125 0.0953125 0.0609375
3 0.43359375 0.35703125 0.0796875 0.0703125
1 0.20234375 0.340625 0.1703125 0.259375
1 0.128125 0.6578125 0.25 0.234375
2 0.4046875 0.30078125 0.034375 0.0734375
2 0.3671875 0.46875 0.071875 0.125
2 0.33203125 0.38046875 0.0796875 0.1890625
2 0.28359375 0.56953125 0.0484375 0.1671875
2 0.22421875 0.8390625 0.0921875 0.28125
2 0.40390625 0.8859375 0.0453125 0.184375
2 0.44765625 0.0625 0.0234375 0.1
2 0.31484375 0.2265625 0.0703125 0.1
1 0.103125 0.87734375 0.115625 0.1796875
