1 0.309375 0.18203125 0.16875 0.1921875
1 0.22578125 0.38671875 0.2515625 0.1984375
1 0.159375 0.73203125 0.3125 0.4734375
3 0.50234375 0.6609375 0.2984375 0.121875
2 0.60625 0.8484375 0.1125 0.28125
2 0.56640625 0.52109375 0.0546875 0.1796875
3 0.509375 0.23125 0.125 0.053125
3 0.5078125 0.41328125 0.228125 0.0390625
3 0.49765625 0.06796875 0.0890625 0.0265625
2 0.38671875 0.32265625 0.0359375 0.1390625
2 0.4078125 0.1578125 0.05625 0.140625
2 0.63515625 0.246875 0.0515625 0.1625
2 0.603125 0.090625 0.046875 0.10625
2 0.678125 0.4 0.059375 0.11875
2 0.778125 0.72109375 0.08125 0.1953125
2 0.82421875 0.9203125 0.0734375 0.128125
2 0.43203125 0.0515625 0.0515625 0.084375
1 0.4296875 0.84921875 0.1875 0.2546875
2 0.72890625 0.8140625 0.0859375 0.19375
