3 0.53203125 0.47265625 0.2046875 0.0609375
3 0.1484375 0.56640625 0.246875 0.1015625
3 0.17109375 0.41328125 0.2203125 0.0546875
3 0.121875 0.7203125 0.19375 0.0875
1 0.5234375 0.70234375 0.184375 0.3859375
1 0.51015625 0.26484375 0.1546875 0.1890625
1 0.48984375 0.109375 0.1140625 0.103125
1 0.34140625 0.2921875 0.0890625 0.125
3 0.31015625 0.14765625 0.1109375 0.0453125
1 0.20078125 0.9234375 0.2109375 0.13125
2 0.325 0.51953125 0.1375 0.2671875
2 0.29765625 0.76171875 0.2046875 0.2109375
2 0.3 0.93125 0.059375 0.121875
2 0.409375 0.278125 0.046875 0.171875
2 0.31640625 0.196875 0.0640625 0.06875
