3 0.49765625 0.61484375 0.2171875 0.0984375
3 0.4265625 0.25390625 0.25 0.0671875
3 0.31171875 0.1890625 0.1453125 0.053125
1 0.5046875 0.8515625 0.4 0.26875
1 0.46484375 0.51796875 0.3640625 0.1234375
1 0.4875 0.365625 0.24375 0.109375
3 0.25078125 0.396875 0.1984375 0.0875
1 0.4515625 0.1328125 0.203125 0.19375
2 0.26953125 0.74609375 0.1046875 0.2265625
3 0.10234375 0.80859375 0.1890625 0.0515625
3 0.21875 0.87578125 0.11875 0.0515625
3 0.078125 0.9203125 0.11875 0.06875
3 0.215625 0.484375 0.2 0.03125
