1 0.44140625 0.82734375 0.3796875 0.2859375
1 0.146875 0.5890625 0.25625 0.1875
1 0.484375 0.415625 0.23125 0.2625
1 0.4578125 0.1625 0.140625 0.1625
1 0.2390625 0.38984375 0.121875 0.1390625
1 0.31171875 0.18203125 0.0921875 0.1390625
1 0.5109375 0.6296875 0.128125 0.134375
2 0.25234375 0.6171875 0.0640625 0.221875
2 0.1828125 0.8578125 0.071875 0.23125
2 0.31484375 0.38671875 0.0765625 0.2390625
2 0.18515625 0.32578125 0.0984375 0.1296875
2 0.09609375 0.4546875 0.0859375 0.096875
2 0.38046875 0.1921875 0.0796875 0.16875
2 0.50234375 0.12265625 0.0390625 0.1453125
2 0.32109375 0.053125 0.0703125 0.0875
1 0.0734375 0.92578125 0.075 0.1203125
