1 0.51875 0.175 0.165625 0.15
1 0.52734375 0.528125 0.2640625 0.234375
1 0.54453125 0.8625 0.3359375 0.240625
1 0.3453125 0.1796875 0.134375 0.159375
1 0.26484375 0.3890625 0.2484375 0.2125
1 0.2015625 0.58203125 0.31875 0.1234375
1 0.14296875 0.87734375 0.2640625 0.1609375
3 0.4828125 0.72734375 0.228125 0.0421875
2 0.43828125 0.15859375 0.0515625 0.1796875
2 0.23515625 0.39375 0.0734375 0.2
2 0.36171875 0.6484375 0.0859375 0.271875
2 0.3203125 0.8890625 0.06875 0.196875
1 0.1703125 0.7265625 0.296875 0.11875
3 0.7796875 0.63359375 0.103125 0.0421875
2 0.6453125 0.27890625 0.0625 0.2296875
2 0.78828125 0.84453125 0.0859375 0.2296875
2 0.70546875 0.51171875 0.0421875 0.1515625
