1 0.52578125 0.26328125 0.0671875 0.1234375
1 0.18515625 0.36171875 0.1203125 0.1453125
3 0.4703125 0.0875 0.125 0.0375
3 0.41796875 0.51875 0.1265625 0.053125
1 0.46796875 0.6375 0.3171875 0.228125
1 0.17890625 0.63828125 0.0953125 0.1765625
1 0.4453125 0.88203125 0.41875 0.2203125
1 0.0765625 0.8765625 0.10625 0.165625
2 0.4078125 0.2671875 0.05625 0.2375
2 0.31328125 0.41796875 0.1015625 0.2578125
2 0.25703125 0.66171875 0.0578125 0.1859375
2 0.19921875 0.8421875 0.0484375 0.159375
2 0.50078125 0.38359375 0.0609375 0.1109375
2 0.409375 0.053125 0.034375 0.0625
3 0.05625 0.6296875 0.1 0.059375
3 0.2078125 0.24609375 0.1 0.0171875
2 0.34375 0.21796875 0.025 0.0328125
2 0.28828125 0.27265625 0.0453125 0.0515625
