1 0.26171875 0.2625 0.1953125 0.175
1 0.190625 0.43515625 0.2625 0.1484375
1 0.13125 0.7515625 0.240625 0.428125
1 0.46953125 0.246875 0.1953125 0.140625
1 0.46953125 0.43359375 0.2296875 0.2015625
1 0.45625 0.76796875 0.33125 0.4203125
3 0.5859375 0.64296875 0.165625 0.1046875
3 0.40703125 0.12890625 0.3109375 0.0703125
2 0.41875 0.05 0.065625 0.08125
2 0.75234375 0.87265625 0.0640625 0.1484375
2 0.6359375 0.33203125 0.075 0.2734375
2 0.59453125 0.096875 0.0578125 0.175
2 0.31796875 0.45703125 0.0640625 0.2484375
2 0.25078125 0.7296875 0.0703125 0.253125
2 0.67578125 0.86015625 0.0578125 0.2421875
