3 0.15078125 0.48984375 0.2015625 0.0640625
1 0.4484375 0.484375 0.228125 0.30625
1 0.490625 0.746875 0.3125 0.20625
1 0.42578125 0.22109375 0.1328125 0.1359375
3 0.10078125 0.6625 0.1140625 0.090625
3 0.2921875 0.86796875 0.203125 0.1171875
1 0.5265625 0.91796875 0.196875 0.1109375
3 0.19296875 0.3546875 0.1765625 0.053125
2 0.1984375 0.75234375 0.0625 0.1953125
2 0.14296875 0.9203125 0.0484375 0.11875
2 0.26015625 0.565625 0.0609375 0.146875
2 0.38984375 0.13515625 0.0734375 0.1953125
2 0.3375 0.2921875 0.025 0.078125
1 0.48515625 0.071875 0.1109375 0.1
