3 0.459375 0.834375 0.415625 0.09375
1 0.175 0.528125 0.29375 0.21875
1 0.1328125 0.821875 0.2375 0.315625
1 0.515625 0.58828125 0.30625 0.3671875
1 0.28671875 0.21796875 0.2359375 0.2796875
3 0.515625 0.15078125 0.11875 0.0328125
3 0.24296875 0.384375 0.2203125 0.040625
2 0.41484375 0.13984375 0.0578125 0.1734375
2 0.334375 0.56640625 0.05 0.1546875
2 0.28984375 0.72734375 0.0640625 0.1265625
2 0.63359375 0.28046875 0.0546875 0.1796875
2 0.69140625 0.42421875 0.0609375 0.0671875
2 0.8 0.81328125 0.075 0.1421875
2 0.61015625 0.12578125 0.0578125 0.1203125
2 0.6921875 0.71796875 0.040625 0.1546875
