3 0.31640625 0.4859375 0.6015625 0.19375
3 0.37265625 0.2671875 0.4609375 0.15625
3 0.4046875 0.1546875 0.31875 0.075
3 0.41328125 0.0734375 0.3015625 0.071875
3 0.7109375 0.22734375 0.146875 0.0640625
3 0.71796875 0.31484375 0.2234375 0.0859375
3 0.796875 0.484375 0.26875 0.115625
3 0.87421875 0.78359375 0.2046875 0.0953125
3 0.44375 0.871875 0.340625 0.175
2 0.27578125 0.71171875 0.1203125 0.2796875
2 0.67421875 0.403125 0.0578125 0.103125
2 0.7296875 0.64453125 0.075 0.1703125
2 0.621875 0.1578125 0.01875 0.059375
