3 0.75078125 0.3953125 0.3109375 0.059375
3 0.21015625 0.43515625 0.2796875 0.0890625
2 0.27890625 0.67890625 0.1109375 0.2578125
2 0.23359375 0.88046875 0.0953125 0.1609375
2 0.371875 0.32265625 0.09375 0.1390625
3 0.2984375 0.15546875 0.16875 0.0734375
3 0.2640625 0.2515625 0.184375 0.05625
3 0.33515625 0.0734375 0.1171875 0.05
3 0.50078125 0.14296875 0.1546875 0.0796875
2 0.6375 0.24921875 0.06875 0.1890625
2 0.6 0.0828125 0.04375 0.096875
2 0.6859375 0.48125 0.059375 0.090625
2 0.76171875 0.6859375 0.0828125 0.259375
