2 0.10703125 0.32109375 0.0828125 0.0984375
2 0.196875 0.16171875 0.103125 0.0921875
2 0.41328125 0.1328125 0.0953125 0.121875
2 0.3765625 0.32421875 0.1125 0.1109375
2 0.296875 0.8421875 0.096875 0.275
3 0.69453125 0.32890625 0.0453125 0.0359375
3 0.5265625 0.44140625 0.29375 0.0640625
3 0.1984375 0.4296875 0.25625 0.09375
3 0.51015625 0.225 0.2078125 0.0625
3 0.25390625 0.253125 0.2046875 0.046875
3 0.5015625 0.0203125 0.1125 0.028125
3 0.3375 0.0375 0.153125 0.0625
2 0.60546875 0.0796875 0.0484375 0.14375
2 0.6390625 0.240625 0.05625 0.15
3 0.8359375 0.74140625 0.084375 0.0234375
