3 0.1875 0.3578125 0.33125 0.06875
3 0.1796875 0.55078125 0.321875 0.0890625
3 0.834375 0.75859375 0.11875 0.0890625
3 0.73984375 0.41953125 0.0609375 0.0640625
3 0.08515625 0.84609375 0.1359375 0.1109375
3 0.51640625 0.23359375 0.2234375 0.0953125
3 0.27734375 0.2625 0.2046875 0.053125
3 0.52890625 0.11328125 0.1640625 0.0390625
3 0.34140625 0.12578125 0.1578125 0.0390625
2 0.05703125 0.4234375 0.0890625 0.121875
2 0.16328125 0.24375 0.0921875 0.115625
2 0.24375 0.1265625 0.071875 0.1
2 0.30859375 0.0390625 0.0703125 0.078125
2 0.4578125 0.0484375 0.071875 0.084375
2 0.61640625 0.053125 0.0296875 0.0875
2 0.63984375 0.175 0.0421875 0.090625
2 0.67421875 0.328125 0.0609375 0.171875
2 0.7359375 0.565625 0.05625 0.190625
2 0.315625 0.6625 0.1 0.196875
