3 0.22890625 0.36796875 0.3046875 0.1046875
3 0.15 0.71015625 0.29375 0.0859375
2 0.10859375 0.29453125 0.0734375 0.1015625
2 0.22421875 0.12578125 0.0640625 0.0890625
2 0.421875 0.096875 0.059375 0.121875
2 0.37265625 0.31015625 0.0921875 0.1046875
2 0.27578125 0.8640625 0.1234375 0.24375
3 0.5078125 0.5015625 0.28125 0.096875
3 0.1515625 0.546875 0.303125 0.08125
3 0.5203125 0.18984375 0.225 0.0640625
3 0.28515625 0.1921875 0.1984375 0.05
2 0.0390625 0.41640625 0.0625 0.1203125
2 0.59140625 0.0859375 0.0640625 0.146875
2 0.6375 0.24296875 0.053125 0.1203125
2 0.70234375 0.421875 0.0859375 0.1625
2 0.7546875 0.62890625 0.059375 0.1453125
