3 0.5734375 0.29921875 0.284375 0.0921875
2 0.115625 0.2859375 0.0625 0.121875
2 0.04296875 0.434375 0.0734375 0.13125
2 0.2125 0.12421875 0.103125 0.1234375
3 0.159375 0.72109375 0.26875 0.0890625
3 0.5125 0.17109375 0.18125 0.0578125
3 0.2875 0.215625 0.184375 0.040625
2 0.4203125 0.08515625 0.0625 0.1484375
2 0.3828125 0.3109375 0.059375 0.1375
2 0.58671875 0.06796875 0.0484375 0.1171875
2 0.62890625 0.20703125 0.0453125 0.0984375
2 0.68046875 0.37265625 0.0609375 0.1703125
2 0.7296875 0.546875 0.084375 0.15
2 0.78984375 0.73125 0.0796875 0.196875
