2 0.4296875 0.228125 0.05 0.1875
3 0.1984375 0.50546875 0.3125 0.1015625
3 0.5828125 0.2859375 0.125 0.071875
3 0.2546875 0.36171875 0.25625 0.0671875
3 0.71875 0.4875 0.128125 0.05625
2 0.8875 0.8625 0.078125 0.159375
2 0.81328125 0.6765625 0.0765625 0.165625
2 0.77265625 0.5609375 0.0453125 0.059375
2 0.73203125 0.3953125 0.0421875 0.11875
2 0.68984375 0.2859375 0.0515625 0.08125
2 0.64765625 0.17734375 0.0515625 0.0953125
2 0.61640625 0.0640625 0.0453125 0.09375
2 0.2703125 0.05546875 0.040625 0.0890625
2 0.2234375 0.1609375 0.05 0.078125
2 0.15234375 0.26875 0.0796875 0.109375
2 0.090625 0.3875 0.046875 0.0875
2 0.39296875 0.48125 0.0609375 0.16875
2 0.3703125 0.6953125 0.06875 0.221875
2 0.3203125 0.9125 0.084375 0.153125
2 0.44453125 0.03984375 0.0546875 0.0796875
