3 0.175 0.70703125 0.284375 0.0828125
3 0.46015625 0.109375 0.4265625 0.078125
3 0.75390625 0.50859375 0.1546875 0.0234375
3 0.82421875 0.7484375 0.2390625 0.0375
3 0.321875 0.29296875 0.271875 0.0671875
3 0.56953125 0.24296875 0.1609375 0.0515625
2 0.28984375 0.084375 0.0609375 0.103125
2 0.215625 0.21484375 0.05625 0.1078125
2 0.14140625 0.34921875 0.0859375 0.1390625
2 0.05546875 0.50234375 0.0796875 0.1453125
2 0.6421875 0.05390625 0.04375 0.0890625
2 0.66875 0.17421875 0.059375 0.1234375
2 0.7109375 0.3109375 0.03125 0.13125
2 0.75859375 0.4375 0.0453125 0.096875
2 0.79765625 0.63359375 0.0453125 0.1171875
