3 0.175 0.60390625 0.321875 0.0953125
3 0.0953125 0.76875 0.140625 0.059375
3 0.7484375 0.52734375 0.18125 0.0546875
3 0.54375 0.12734375 0.134375 0.0546875
3 0.25859375 0.3546875 0.2171875 0.09375
3 0.67578125 0.3609375 0.0921875 0.05
3 0.55 0.221875 0.190625 0.075
3 0.2984375 0.26171875 0.2125 0.0515625
2 0.28203125 0.090625 0.0640625 0.109375
2 0.190625 0.234375 0.059375 0.0875
2 0.1234375 0.35859375 0.0625 0.1234375
2 0.03984375 0.50546875 0.0515625 0.0765625
2 0.45 0.1390625 0.05625 0.203125
2 0.63203125 0.05390625 0.0515625 0.0921875
2 0.6515625 0.16640625 0.05625 0.1078125
2 0.68203125 0.28515625 0.0484375 0.0953125
2 0.728125 0.43359375 0.071875 0.0953125
2 0.78671875 0.6859375 0.1015625 0.196875
