3 0.1734375 0.7 0.278125 0.090625
2 0.17734375 0.20625 0.1234375 0.153125
2 0.071875 0.39609375 0.075 0.1546875
2 0.39453125 0.21015625 0.1046875 0.1859375
2 0.28203125 0.0515625 0.0515625 0.075
3 0.80078125 0.571875 0.1046875 0.0375
3 0.54921875 0.23046875 0.1328125 0.0640625
3 0.62109375 0.29921875 0.0609375 0.0328125
3 0.22578125 0.31953125 0.2859375 0.0609375
3 0.51640625 0.0828125 0.1671875 0.040625
3 0.33515625 0.08984375 0.1640625 0.0328125
2 0.59296875 0.046875 0.0296875 0.08125
2 0.61953125 0.15234375 0.0609375 0.0796875
2 0.665625 0.26953125 0.0625 0.0984375
2 0.6984375 0.403125 0.05 0.084375
