2 0.41171875 0.325 0.0796875 0.165625
2 0.45625 0.1015625 0.059375 0.140625
3 0.87265625 0.76953125 0.0828125 0.0359375
3 0.075 0.92109375 0.13125 0.0984375
3 0.31953125 0.2140625 0.1859375 0.06875
2 0.36015625 0.62265625 0.0890625 0.1953125
2 0.31171875 0.84375 0.0640625 0.23125
2 0.0828125 0.4484375 0.109375 0.171875
2 0.16953125 0.275 0.0953125 0.121875
2 0.27578125 0.10546875 0.0703125 0.1109375
2 0.6421875 0.084375 0.053125 0.146875
2 0.6734375 0.26875 0.078125 0.165625
2 0.73671875 0.47265625 0.0671875 0.2015625
2 0.78203125 0.6890625 0.0734375 0.171875
