2 0.19453125 0.190625 0.0953125 0.146875
2 0.09296875 0.3671875 0.0921875 0.14375
2 0.27265625 0.0796875 0.1046875 0.071875
3 0.16953125 0.6234375 0.3296875 0.075
3 0.76640625 0.54375 0.1515625 0.0375
3 0.534375 0.14375 0.228125 0.075
3 0.553125 0.2296875 0.290625 0.09375
2 0.7875 0.6765625 0.084375 0.171875
2 0.709375 0.4109375 0.090625 0.16875
2 0.6671875 0.2859375 0.059375 0.084375
2 0.434375 0.0765625 0.053125 0.134375
2 0.6015625 0.05546875 0.04375 0.0890625
2 0.390625 0.27578125 0.059375 0.1484375
