3 0.22421875 0.6 0.2921875 0.1125
3 0.75703125 0.53203125 0.1640625 0.0453125
3 0.26953125 0.3375 0.2296875 0.078125
3 0.54140625 0.26640625 0.1765625 0.0734375
3 0.3234375 0.19296875 0.153125 0.0859375
3 0.3703125 0.0578125 0.165625 0.034375
3 0.35859375 0.10546875 0.1671875 0.0390625
2 0.4421875 0.1296875 0.0625 0.165625
2 0.334375 0.21640625 0.121875 0.2515625
2 0.24296875 0.1265625 0.0734375 0.096875
2 0.1796875 0.25 0.075 0.10625
2 0.06796875 0.4234375 0.1140625 0.203125
2 0.409375 0.29296875 0.065625 0.1390625
2 0.63046875 0.0875 0.0421875 0.125
2 0.66484375 0.22890625 0.0515625 0.1359375
2 0.7046875 0.39921875 0.078125 0.1484375
2 0.7953125 0.66796875 0.084375 0.1859375
2 0.85859375 0.88359375 0.1171875 0.1984375
