3 0.203125 0.5046875 0.328125 0.1
2 0.32734375 0.78046875 0.0765625 0.3984375
2 0.37421875 0.43984375 0.0609375 0.1828125
2 0.08515625 0.38203125 0.0953125 0.1546875
2 0.18046875 0.21328125 0.1078125 0.1171875
2 0.2609375 0.07890625 0.090625 0.1203125
3 0.5140625 0.25234375 0.215625 0.0953125
3 0.25703125 0.2921875 0.2453125 0.065625
3 0.30703125 0.171875 0.1578125 0.053125
3 0.5203125 0.08125 0.1375 0.05
2 0.428125 0.05703125 0.03125 0.0765625
2 0.41953125 0.1890625 0.0546875 0.140625
2 0.603125 0.06875 0.04375 0.1
2 0.6359375 0.1734375 0.05 0.0875
2 0.67421875 0.31953125 0.0609375 0.1140625
2 0.72421875 0.478125 0.0578125 0.096875
