2 0.415625 0.17734375 0.1 0.2046875
3 0.5890625 0.2421875 0.19375 0.08125
3 0.21953125 0.31484375 0.3046875 0.0703125
3 0.14453125 0.43046875 0.2640625 0.0609375
2 0.09375 0.365625 0.05 0.06875
2 0.0359375 0.48671875 0.040625 0.0828125
2 0.18359375 0.24296875 0.0546875 0.0890625
2 0.24296875 0.128125 0.0578125 0.103125
2 0.29375 0.03515625 0.04375 0.0703125
2 0.60625 0.05859375 0.040625 0.0703125
2 0.62734375 0.16328125 0.0484375 0.0890625
2 0.675 0.31484375 0.065625 0.1203125
2 0.7265625 0.46171875 0.05625 0.1390625
