2 0.275 0.096875 0.10625 0.1625
2 0.153125 0.296875 0.084375 0.128125
2 0.06484375 0.49375 0.1171875 0.228125
3 0.05078125 0.29140625 0.0890625 0.0734375
3 0.78515625 0.55546875 0.2015625 0.0546875
3 0.828125 0.73203125 0.215625 0.0796875
3 0.45078125 0.03828125 0.2390625 0.0546875
3 0.63359375 0.34609375 0.1078125 0.0421875
3 0.23828125 0.3859375 0.1671875 0.08125
3 0.4234375 0.19296875 0.40625 0.1109375
3 0.11640625 0.19921875 0.1578125 0.0421875
2 0.82109375 0.79140625 0.0578125 0.1078125
2 0.846875 0.9171875 0.0625 0.11875
2 0.77421875 0.63671875 0.0578125 0.1359375
2 0.7359375 0.425 0.05625 0.146875
2 0.6640625 0.23125 0.0625 0.10625
2 0.615625 0.08203125 0.0375 0.0828125
