3 0.44453125 0.0484375 0.3453125 0.059375
2 0.07578125 0.4140625 0.1140625 0.16875
2 0.20703125 0.17734375 0.1109375 0.1703125
2 0.42109375 0.184375 0.0671875 0.1625
2 0.3671875 0.4671875 0.078125 0.153125
2 0.303125 0.846875 0.0875 0.246875
3 0.8125 0.58203125 0.071875 0.0265625
3 0.91015625 0.86484375 0.1328125 0.0921875
3 0.58515625 0.26953125 0.2296875 0.0734375
3 0.23359375 0.3125 0.2984375 0.0625
3 0.51796875 0.628125 0.3078125 0.121875
3 0.159375 0.62265625 0.2625 0.1046875
2 0.6234375 0.1328125 0.059375 0.140625
2 0.6828125 0.34765625 0.06875 0.1578125
