1 0.34609375 0.1625 0.2328125 0.11875
1 0.41875 0.29296875 0.471875 0.1046875
1 0.196875 0.54453125 0.33125 0.3515625
3 0.58828125 0.12578125 0.1703125 0.0765625
3 0.44609375 0.0453125 0.2421875 0.078125
3 0.825 0.58359375 0.078125 0.0671875
2 0.8765625 0.8734375 0.10625 0.19375
2 0.8234375 0.70078125 0.084375 0.1359375
2 0.76015625 0.4609375 0.0765625 0.15
2 0.70078125 0.2921875 0.0734375 0.175
2 0.6703125 0.1859375 0.05625 0.10625
2 0.63046875 0.04609375 0.0390625 0.0703125
2 0.27421875 0.05625 0.0640625 0.0625
2 0.203125 0.1890625 0.053125 0.09375
2 0.1328125 0.31328125 0.078125 0.1359375
