3 0.17890625 0.43359375 0.2734375 0.1609375
2 0.40546875 0.253125 0.1234375 0.2
2 0.3109375 0.65234375 0.115625 0.2796875
3 0.74609375 0.3671875 0.0953125 0.028125
3 0.52578125 0.0890625 0.1671875 0.04375
3 0.3453125 0.1140625 0.15625 0.053125
3 0.23515625 0.10859375 0.0421875 0.0359375
3 0.64921875 0.07109375 0.0484375 0.0328125
2 0.13671875 0.303125 0.1046875 0.178125
2 0.21796875 0.178125 0.0515625 0.084375
2 0.296875 0.05 0.075 0.09375
2 0.45390625 0.0359375 0.0796875 0.053125
2 0.60703125 0.0296875 0.0390625 0.021875
2 0.63515625 0.17421875 0.0515625 0.1484375
2 0.67890625 0.32890625 0.0578125 0.1296875
2 0.7 0.50234375 0.065625 0.1546875
2 0.746875 0.70078125 0.1125 0.1546875
2 0.81328125 0.89375 0.1015625 0.184375
2 0.37578125 0.41015625 0.1015625 0.1078125
2 0.25078125 0.88515625 0.1234375 0.1578125
