3 0.22890625 0.39140625 0.2421875 0.0890625
3 0.3671875 0.034375 0.146875 0.046875
3 0.1515625 0.73515625 0.2875 0.1703125
3 0.74921875 0.5328125 0.1546875 0.046875
3 0.52421875 0.209375 0.2140625 0.046875
3 0.290625 0.26640625 0.18125 0.0859375
2 0.23046875 0.1421875 0.0953125 0.13125
2 0.13984375 0.2765625 0.0671875 0.115625
2 0.05859375 0.43046875 0.0734375 0.1796875
2 0.41953125 0.14453125 0.0671875 0.1203125
2 0.62421875 0.09453125 0.0609375 0.0953125
2 0.65703125 0.2296875 0.0515625 0.1375
2 0.7046875 0.378125 0.059375 0.125
2 0.77890625 0.64375 0.0796875 0.153125
2 0.8328125 0.80546875 0.096875 0.1328125
