2 0.28828125 0.2375 0.0921875 0.2
2 0.21796875 0.48046875 0.1015625 0.2421875
2 0.08984375 0.7828125 0.1546875 0.284375
2 0.3453125 0.05859375 0.040625 0.0796875
3 0.11171875 0.4203125 0.1640625 0.053125
3 0.65859375 0.284375 0.1140625 0.059375
3 0.6984375 0.39765625 0.1 0.0515625
3 0.51640625 0.1 0.1484375 0.059375
3 0.3390625 0.11953125 0.18125 0.0390625
2 0.1890625 0.18828125 0.06875 0.0984375
2 0.1171875 0.31796875 0.0875 0.1234375
2 0.26484375 0.0640625 0.0671875 0.103125
2 0.76171875 0.55078125 0.0640625 0.1546875
2 0.8 0.6953125 0.06875 0.1375
