3 0.42734375 0.06953125 0.3328125 0.0546875
2 0.2484375 0.084375 0.09375 0.1375
2 0.1359375 0.2625 0.109375 0.178125
2 0.61484375 0.1046875 0.0578125 0.184375
2 0.64609375 0.32265625 0.0921875 0.1828125
2 0.70625 0.58125 0.115625 0.178125
2 0.759375 0.7375 0.159375 0.096875
3 0.165625 0.4375 0.1875 0.040625
3 0.1453125 0.57890625 0.259375 0.2046875
3 0.225 0.36796875 0.2375 0.0859375
3 0.55234375 0.28125 0.1265625 0.04375
3 0.36484375 0.309375 0.0703125 0.065625
3 0.2921875 0.20078125 0.171875 0.1453125
3 0.51328125 0.21484375 0.1421875 0.0546875
