3 0.4390625 0.1671875 0.321875 0.109375
2 0.42265625 0.3328125 0.0609375 0.171875
2 0.5640625 0.11484375 0.046875 0.0953125
2 0.3 0.084375 0.06875 0.1125
2 0.20625 0.23203125 0.084375 0.1296875
2 0.0828125 0.45703125 0.10625 0.1921875
3 0.778125 0.4421875 0.06875 0.05625
3 0.7265625 0.296875 0.05625 0.05
3 0.2921875 0.5296875 0.09375 0.053125
3 0.3109375 0.384375 0.053125 0.078125
2 0.65 0.4296875 0.06875 0.146875
2 0.71484375 0.81015625 0.0703125 0.2921875
2 0.07421875 0.61484375 0.1140625 0.1859375
2 0.1640625 0.43515625 0.0625 0.0828125
2 0.6265625 0.0484375 0.0375 0.096875
2 0.6625 0.17734375 0.053125 0.1484375
2 0.7703125 0.54375 0.084375 0.14375
2 0.8171875 0.7 0.06875 0.13125
2 0.85546875 0.8578125 0.0859375 0.1625
2 0.72265625 0.3734375 0.0671875 0.06875
