3 0.19140625 0.45625 0.3515625 0.078125
3 0.14375 0.6921875 0.24375 0.053125
2 0.43046875 0.2875 0.0453125 0.14375
3 0.7796875 0.43515625 0.059375 0.0515625
3 0.55546875 0.13671875 0.1671875 0.0609375
3 0.3453125 0.1609375 0.18125 0.0375
3 0.5453125 0.07265625 0.140625 0.0296875
3 0.375 0.07109375 0.140625 0.0296875
2 0.296875 0.0734375 0.04375 0.08125
2 0.2421875 0.175 0.05625 0.084375
2 0.17265625 0.29609375 0.0703125 0.1078125
2 0.06171875 0.4734375 0.1109375 0.184375
2 0.63515625 0.065625 0.0359375 0.1125
2 0.67890625 0.20703125 0.0515625 0.1109375
