3 0.253125 0.38203125 0.2875 0.1546875
3 0.184375 0.621875 0.203125 0.128125
3 0.796875 0.6796875 0.165625 0.0625
3 0.7609375 0.4203125 0.0625 0.0375
3 0.91015625 0.8703125 0.1078125 0.059375
3 0.55 0.16640625 0.171875 0.0609375
3 0.3203125 0.17890625 0.1875 0.0671875
2 0.4203125 0.29921875 0.075 0.1265625
2 0.453125 0.08046875 0.046875 0.1484375
2 0.28515625 0.0703125 0.0796875 0.128125
2 0.178125 0.2375 0.078125 0.125
2 0.06953125 0.43203125 0.1265625 0.2171875
2 0.63828125 0.08359375 0.0515625 0.1484375
2 0.6859375 0.3 0.059375 0.190625
2 0.7546875 0.53515625 0.06875 0.1546875
