3 0.2375 0.340625 0.3 0.115625
3 0.4109375 0.0890625 0.440625 0.06875
3 0.16875 0.7171875 0.28125 0.109375
2 0.41875 0.20078125 0.0625 0.1453125
2 0.178125 0.21640625 0.10625 0.1484375
2 0.0515625 0.44609375 0.084375 0.1328125
3 0.64921875 0.3015625 0.1484375 0.059375
3 0.74765625 0.51953125 0.1359375 0.0390625
2 0.27578125 0.03828125 0.0484375 0.0546875
2 0.4359375 0.05078125 0.04375 0.0515625
2 0.5890625 0.04140625 0.025 0.0453125
2 0.6328125 0.190625 0.0625 0.15625
2 0.6921875 0.38515625 0.06875 0.1265625
