3 0.2 0.40703125 0.25625 0.1046875
2 0.325 0.69765625 0.09375 0.2234375
2 0.415625 0.2296875 0.065625 0.096875
2 0.1921875 0.1953125 0.0625 0.11875
2 0.09765625 0.32890625 0.0703125 0.1015625
2 0.0390625 0.4453125 0.053125 0.08125
2 0.26328125 0.05078125 0.0796875 0.0890625
3 0.81171875 0.64609375 0.1078125 0.0609375
3 0.86953125 0.8 0.1203125 0.04375
3 0.51640625 0.72265625 0.3265625 0.1484375
3 0.17890625 0.559375 0.2984375 0.059375
3 0.51171875 0.26796875 0.2140625 0.0796875
3 0.26171875 0.28125 0.2203125 0.05625
3 0.5171875 0.15390625 0.171875 0.0765625
3 0.30234375 0.15 0.1234375 0.040625
3 0.34375 0.08203125 0.1375 0.0546875
