3 0.51484375 0.25390625 0.3015625 0.1015625
3 0.25625 0.37421875 0.253125 0.0640625
3 0.16640625 0.78515625 0.3015625 0.1453125
2 0.4046875 0.17890625 0.05625 0.1421875
3 0.0875 0.546875 0.13125 0.05
3 0.12421875 0.47265625 0.0984375 0.0609375
3 0.52265625 0.0828125 0.1453125 0.040625
3 0.3390625 0.09296875 0.153125 0.0609375
3 0.28828125 0.16328125 0.1296875 0.0546875
2 0.15 0.26484375 0.090625 0.1703125
2 0.0703125 0.41484375 0.046875 0.0953125
2 0.028125 0.50078125 0.0375 0.0671875
2 0.28671875 0.034375 0.0484375 0.04375
2 0.228125 0.13125 0.05625 0.096875
