3 0.18671875 0.28671875 0.2234375 0.0578125
3 0.178125 0.5109375 0.31875 0.071875
3 0.10234375 0.77421875 0.1484375 0.0765625
3 0.56640625 0.2515625 0.1578125 0.06875
3 0.3375 0.0578125 0.1125 0.034375
3 0.5140625 0.1421875 0.18125 0.046875
3 0.3171875 0.1734375 0.184375 0.08125
2 0.68046875 0.32109375 0.0453125 0.1234375
2 0.7203125 0.45 0.05625 0.1125
2 0.75078125 0.57890625 0.0546875 0.1203125
2 0.7890625 0.725 0.078125 0.134375
2 0.63203125 0.15703125 0.0328125 0.1015625
2 0.58984375 0.04453125 0.0765625 0.0703125
2 0.39609375 0.259375 0.0609375 0.13125
2 0.384375 0.37734375 0.0625 0.0609375
2 0.43125 0.0671875 0.059375 0.115625
