3 0.1828125 0.43203125 0.290625 0.0796875
2 0.234375 0.12890625 0.09375 0.1203125
2 0.1140625 0.3390625 0.090625 0.146875
3 0.821875 0.69296875 0.190625 0.0515625
3 0.75 0.5421875 0.134375 0.059375
3 0.33359375 0.0359375 0.1640625 0.053125
3 0.53515625 0.21015625 0.1859375 0.0703125
3 0.3015625 0.2234375 0.1875 0.059375
2 0.165625 0.23125 0.046875 0.071875
2 0.046875 0.48125 0.05625 0.103125
2 0.42578125 0.11875 0.0515625 0.103125
2 0.5859375 0.071875 0.059375 0.096875
2 0.64453125 0.20625 0.0578125 0.11875
2 0.696875 0.35390625 0.0625 0.1328125
