3 0.46171875 0.9125 0.6390625 0.1625
2 0.1453125 0.24140625 0.071875 0.1140625
2 0.05859375 0.3890625 0.0671875 0.11875
2 0.21171875 0.12890625 0.0640625 0.0703125
2 0.265625 0.03125 0.053125 0.05625
2 0.3 0.703125 0.128125 0.275
3 0.475 0.5421875 0.25 0.084375
3 0.19453125 0.46953125 0.2703125 0.0921875
3 0.496875 0.23515625 0.209375 0.0796875
3 0.4296875 0.32265625 0.115625 0.0671875
3 0.23125 0.3140625 0.225 0.059375
3 0.2921875 0.19140625 0.19375 0.0484375
3 0.61640625 0.36953125 0.0453125 0.0953125
3 0.50078125 0.115625 0.1390625 0.06875
3 0.49765625 0.034375 0.1203125 0.05
3 0.35078125 0.071875 0.1109375 0.0625
2 0.59375 0.07890625 0.040625 0.1390625
2 0.646875 0.25859375 0.065625 0.1640625
2 0.6953125 0.4625 0.05625 0.190625
2 0.7375 0.64296875 0.046875 0.1109375
