3 0.4734375 0.09140625 0.303125 0.0671875
3 0.28125 0.32265625 0.2625 0.0390625
3 0.2125 0.4609375 0.26875 0.09375
3 0.203125 0.6359375 0.265625 0.065625
3 0.12421875 0.78359375 0.2046875 0.0859375
3 0.64296875 0.36015625 0.0765625 0.0390625
3 0.5390625 0.175 0.1875 0.0625
3 0.31953125 0.21484375 0.2015625 0.0453125
2 0.421875 0.29296875 0.046875 0.1296875
2 0.4015625 0.46328125 0.065625 0.1671875
2 0.29921875 0.06015625 0.0828125 0.1015625
2 0.23203125 0.16953125 0.0671875 0.1078125
2 0.15859375 0.30234375 0.0796875 0.1203125
2 0.05625 0.46171875 0.1125 0.1640625
2 0.6265625 0.0609375 0.0375 0.109375
2 0.659375 0.2046875 0.040625 0.1375
2 0.7 0.384375 0.071875 0.146875
2 0.7578125 0.578125 0.090625 0.165625
