3 0.41640625 0.10625 0.3734375 0.1
3 0.56796875 0.278125 0.1546875 0.2
3 0.24140625 0.38046875 0.3703125 0.1171875
3 0.1890625 0.66015625 0.278125 0.2203125
3 0.7671875 0.53828125 0.178125 0.0578125
3 0.821875 0.66875 0.184375 0.046875
2 0.4125 0.30390625 0.034375 0.0953125
2 0.62890625 0.0328125 0.0328125 0.046875
2 0.646875 0.11328125 0.05625 0.0828125
2 0.70390625 0.2296875 0.0765625 0.0875
2 0.7171875 0.34609375 0.065625 0.1171875
2 0.79296875 0.6 0.0765625 0.096875
2 0.84296875 0.76640625 0.0671875 0.1265625
2 0.89140625 0.90859375 0.0765625 0.1171875
