2 0.415625 0.20703125 0.084375 0.3109375
2 0.38984375 0.5234375 0.0859375 0.275
2 0.34921875 0.8046875 0.0984375 0.25625
2 0.8515625 0.90625 0.05625 0.11875
2 0.83125 0.7234375 0.06875 0.159375
2 0.77421875 0.5390625 0.0578125 0.175
2 0.7296875 0.37578125 0.075 0.1265625
2 0.66875 0.23671875 0.065625 0.1265625
2 0.62890625 0.09765625 0.0578125 0.0984375
2 0.26875 0.0640625 0.065625 0.096875
2 0.203125 0.184375 0.071875 0.115625
2 0.1203125 0.346875 0.09375 0.134375
2 0.04296875 0.496875 0.0859375 0.125
