3 0.396875 0.159375 0.478125 0.04375
3 0.17734375 0.51484375 0.3453125 0.0609375
2 0.359375 0.3328125 0.090625 0.271875
2 0.2484375 0.77421875 0.128125 0.3859375
2 0.41484375 0.07265625 0.0640625 0.1203125
3 0.7015625 0.403125 0.05625 0.034375
3 0.86484375 0.940625 0.0984375 0.084375
2 0.0625 0.35859375 0.084375 0.0984375
2 0.134375 0.2546875 0.078125 0.09375
2 0.2296875 0.0953125 0.0625 0.065625
2 0.7015625 0.61640625 0.06875 0.1890625
2 0.58125 0.05234375 0.025 0.0890625
2 0.61953125 0.24921875 0.0390625 0.1015625
2 0.6421875 0.3546875 0.034375 0.06875
