2 0.3484375 0.46640625 0.153125 0.2859375
2 0.42109375 0.11640625 0.0734375 0.1640625
2 0.23203125 0.11953125 0.0828125 0.1265625
2 0.09375 0.37578125 0.065625 0.1203125
2 0.028125 0.48984375 0.04375 0.0703125
3 0.51484375 0.70234375 0.3984375 0.1296875
3 0.16953125 0.76171875 0.2203125 0.1046875
3 0.521875 0.246875 0.209375 0.075
3 0.27890625 0.25078125 0.2234375 0.0546875
2 0.296875 0.89609375 0.075 0.1796875
2 0.6140625 0.0734375 0.053125 0.115625
2 0.6578125 0.2453125 0.05625 0.128125
2 0.7109375 0.4328125 0.0625 0.14375
