3 0.1640625 0.759375 0.303125 0.165625
2 0.453125 0.18828125 0.059375 0.1265625
3 0.90078125 0.69140625 0.0890625 0.0578125
3 0.24375 0.32578125 0.3 0.0796875
3 0.67265625 0.2765625 0.1578125 0.0875
3 0.55234375 0.05625 0.1421875 0.04375
3 0.37890625 0.08828125 0.1453125 0.0578125
3 0.26640625 0.10078125 0.0390625 0.0359375
2 0.10078125 0.43515625 0.0953125 0.1484375
2 0.0375 0.5609375 0.0625 0.090625
2 0.23515625 0.21484375 0.0859375 0.1453125
2 0.325 0.034375 0.075 0.053125
2 0.640625 0.06328125 0.0375 0.1109375
2 0.6703125 0.18984375 0.065625 0.0921875
2 0.73203125 0.35 0.0546875 0.16875
2 0.778125 0.52109375 0.05625 0.1453125
2 0.82265625 0.67109375 0.0640625 0.1421875
2 0.89140625 0.85234375 0.0734375 0.1609375
2 0.434375 0.3609375 0.0625 0.19375
2 0.4109375 0.571875 0.09375 0.159375
2 0.37421875 0.8234375 0.1234375 0.24375
