3 0.81796875 0.7125 0.2203125 0.103125
3 0.64296875 0.31875 0.0984375 0.05625
3 0.26796875 0.35390625 0.2265625 0.0703125
3 0.109375 0.3265625 0.06875 0.0375
3 0.5484375 0.09140625 0.13125 0.0484375
2 0.3109375 0.06796875 0.053125 0.1015625
2 0.24140625 0.1921875 0.0796875 0.11875
2 0.16328125 0.315625 0.0453125 0.075
2 0.1 0.4328125 0.0625 0.1
2 0.03046875 0.54921875 0.0328125 0.0765625
2 0.459375 0.07734375 0.046875 0.1046875
2 0.43359375 0.21796875 0.0609375 0.1453125
2 0.41796875 0.34296875 0.0703125 0.1046875
2 0.63359375 0.04375 0.0484375 0.05625
2 0.66796875 0.14296875 0.0421875 0.1078125
2 0.69921875 0.27109375 0.0640625 0.1078125
2 0.73046875 0.425 0.0515625 0.1375
2 0.7875 0.584375 0.08125 0.15625
2 0.87421875 0.85859375 0.1203125 0.2078125
