3 0.1515625 0.734375 0.25 0.1
3 0.36953125 0.16796875 0.3234375 0.0640625
1 0.5765625 0.2046875 0.103125 0.29375
3 0.78671875 0.46875 0.0421875 0.021875
3 0.90625 0.846875 0.078125 0.096875
2 0.14296875 0.30234375 0.1078125 0.1703125
2 0.04765625 0.46796875 0.0828125 0.1421875
2 0.25390625 0.10234375 0.0734375 0.1109375
2 0.378125 0.35078125 0.075 0.2015625
2 0.63828125 0.1453125 0.0578125 0.109375
2 0.67109375 0.27265625 0.0484375 0.1328125
2 0.709375 0.43828125 0.053125 0.1703125
2 0.75703125 0.615625 0.0796875 0.121875
