2 0.5453125 0.18984375 0.059375 0.2484375
3 0.34921875 0.2109375 0.3234375 0.09375
3 0.20703125 0.3984375 0.2796875 0.11875
3 0.18984375 0.6078125 0.3015625 0.209375
3 0.38203125 0.11875 0.2296875 0.05625
3 0.73359375 0.27109375 0.0453125 0.0328125
3 0.7984375 0.4453125 0.053125 0.078125
3 0.69140625 0.16640625 0.0359375 0.0359375
2 0.4765625 0.05390625 0.03125 0.0859375
2 0.459375 0.175 0.028125 0.078125
2 0.4390625 0.2859375 0.04375 0.078125
2 0.64765625 0.075 0.0515625 0.10625
2 0.68671875 0.23671875 0.0359375 0.0953125
2 0.7296875 0.36875 0.065625 0.121875
2 0.79609375 0.56328125 0.0828125 0.1671875
2 0.83984375 0.7484375 0.0828125 0.15625
2 0.890625 0.90859375 0.075 0.1171875
