3 0.1765625 0.365625 0.321875 0.06875
2 0.24765625 0.0890625 0.0765625 0.096875
2 0.14296875 0.25078125 0.0796875 0.1421875
2 0.0328125 0.43203125 0.05625 0.0890625
3 0.51953125 0.7109375 0.3578125 0.1375
3 0.128125 0.753125 0.21875 0.11875
3 0.1515625 0.6078125 0.265625 0.0875
3 0.75 0.5765625 0.090625 0.040625
3 0.67890625 0.3734375 0.1078125 0.065625
3 0.51015625 0.134375 0.1484375 0.0875
3 0.29765625 0.17109375 0.2140625 0.0765625
2 0.3984375 0.290625 0.08125 0.134375
2 0.34765625 0.48515625 0.1015625 0.1984375
2 0.428125 0.07578125 0.06875 0.1140625
2 0.5890625 0.04921875 0.034375 0.0828125
2 0.6328125 0.17109375 0.071875 0.1109375
2 0.65546875 0.2984375 0.0546875 0.078125
2 0.6875 0.46328125 0.059375 0.1359375
