3 0.3640625 0.05859375 0.15625 0.0578125
2 0.434375 0.14765625 0.065625 0.1140625
2 0.40234375 0.31171875 0.0921875 0.1453125
3 0.7359375 0.40078125 0.0625 0.0890625
3 0.51796875 0.2 0.1203125 0.078125
2 0.27265625 0.0859375 0.0765625 0.1
2 0.19296875 0.21640625 0.0796875 0.1140625
2 0.10859375 0.3578125 0.0796875 0.13125
2 0.0390625 0.496875 0.065625 0.10625
2 0.61015625 0.071875 0.0515625 0.10625
2 0.63984375 0.1828125 0.0484375 0.1
2 0.66875 0.3078125 0.065625 0.09375
2 0.725 0.49921875 0.05 0.0578125
2 0.7578125 0.60390625 0.078125 0.1609375
2 0.80546875 0.77265625 0.0734375 0.1234375
