3 0.5328125 0.2 0.21875 0.059375
3 0.30234375 0.225 0.1765625 0.05625
2 0.8671875 0.83046875 0.09375 0.2171875
2 0.3984375 0.346875 0.06875 0.15
2 0.37109375 0.55234375 0.0796875 0.2171875
2 0.3296875 0.8453125 0.059375 0.28125
2 0.77578125 0.6046875 0.0765625 0.15
2 0.72265625 0.41953125 0.0859375 0.1734375
2 0.68046875 0.26953125 0.0515625 0.1234375
2 0.6171875 0.103125 0.040625 0.090625
2 0.43984375 0.05859375 0.0515625 0.0921875
2 0.27421875 0.059375 0.0703125 0.08125
2 0.21171875 0.165625 0.0609375 0.090625
2 0.14453125 0.28984375 0.0796875 0.1078125
2 0.05859375 0.45703125 0.1015625 0.1765625
