3 0.52734375 0.1515625 0.2484375 0.071875
3 0.2609375 0.24296875 0.290625 0.1015625
3 0.46015625 0.0453125 0.2953125 0.046875
3 0.15 0.6046875 0.3 0.14375
2 0.08359375 0.3515625 0.0671875 0.1
2 0.03125 0.44453125 0.0375 0.0671875
2 0.21875 0.1296875 0.096875 0.10625
2 0.35546875 0.38671875 0.0703125 0.1484375
3 0.6640625 0.35 0.13125 0.06875
3 0.30703125 0.11484375 0.1296875 0.0421875
2 0.59765625 0.08515625 0.0265625 0.0359375
2 0.634375 0.22421875 0.0375 0.1140625
2 0.69296875 0.425 0.0453125 0.134375
2 0.73671875 0.59921875 0.0578125 0.1484375
2 0.25625 0.85546875 0.06875 0.1390625
