2 0.40234375 0.228125 0.0859375 0.2
2 0.22578125 0.15390625 0.0796875 0.1015625
2 0.1390625 0.29140625 0.0875 0.1359375
2 0.05859375 0.41796875 0.0828125 0.1078125
2 0.2765625 0.04765625 0.071875 0.0796875
2 0.4328125 0.053125 0.0625 0.075
3 0.1515625 0.8015625 0.290625 0.134375
3 0.81953125 0.696875 0.1640625 0.0625
3 0.5859375 0.25078125 0.196875 0.0984375
3 0.22421875 0.390625 0.3171875 0.10625
3 0.50859375 0.0921875 0.1703125 0.053125
3 0.3171875 0.1046875 0.16875 0.0625
2 0.68515625 0.36328125 0.0765625 0.0953125
2 0.72578125 0.5546875 0.0859375 0.16875
2 0.7921875 0.78046875 0.040625 0.0828125
2 0.61640625 0.14453125 0.0671875 0.1015625
