3 0.4140625 0.12890625 0.496875 0.0859375
3 0.2 0.55546875 0.284375 0.0890625
2 0.1703125 0.1875 0.06875 0.090625
2 0.10546875 0.31328125 0.0609375 0.1140625
2 0.04453125 0.46015625 0.0484375 0.1171875
2 0.265625 0.05546875 0.071875 0.0828125
2 0.40234375 0.2640625 0.0859375 0.14375
2 0.428125 0.06015625 0.053125 0.0890625
3 0.728125 0.38203125 0.059375 0.0328125
2 0.57890625 0.04453125 0.0484375 0.0734375
2 0.63828125 0.20859375 0.0578125 0.1140625
2 0.66875 0.33984375 0.053125 0.0984375
2 0.73046875 0.55 0.0734375 0.134375
2 0.7796875 0.7171875 0.0875 0.1625
