3 0.20546875 0.43046875 0.2890625 0.0828125
2 0.12890625 0.2984375 0.1203125 0.18125
2 0.2296875 0.1046875 0.103125 0.153125
2 0.39609375 0.3234375 0.1296875 0.15625
3 0.11328125 0.725 0.1703125 0.071875
3 0.08515625 0.8359375 0.1578125 0.065625
3 0.74765625 0.54296875 0.1609375 0.0234375
3 0.803125 0.75703125 0.159375 0.0734375
3 0.64375 0.2984375 0.103125 0.065625
3 0.50625 0.08515625 0.16875 0.0453125
3 0.50078125 0.18671875 0.1453125 0.1078125
3 0.27734375 0.22265625 0.1953125 0.0671875
3 0.325 0.121875 0.15625 0.059375
2 0.03046875 0.4734375 0.0484375 0.090625
2 0.57890625 0.0265625 0.0328125 0.053125
2 0.6046875 0.10625 0.034375 0.05625
2 0.634375 0.20546875 0.040625 0.0890625
2 0.6796875 0.35078125 0.04375 0.1015625
2 0.75703125 0.63671875 0.0796875 0.1671875
