3 0.22578125 0.51640625 0.3265625 0.0484375
3 0.2015625 0.64140625 0.29375 0.0609375
3 0.7546875 0.48203125 0.1125 0.0546875
3 0.67734375 0.36796875 0.1546875 0.0671875
3 0.23125 0.33046875 0.325 0.0796875
3 0.86328125 0.7375 0.0984375 0.071875
3 0.54921875 0.24296875 0.2046875 0.0578125
3 0.30078125 0.24296875 0.2015625 0.0703125
3 0.55625 0.14609375 0.178125 0.0453125
3 0.34765625 0.153125 0.1828125 0.034375
3 0.36640625 0.1046875 0.1546875 0.028125
3 0.546875 0.06640625 0.140625 0.0296875
2 0.2921875 0.0578125 0.084375 0.09375
2 0.21171875 0.1875 0.0609375 0.08125
2 0.15625 0.27421875 0.040625 0.0515625
2 0.06484375 0.4203125 0.1171875 0.19375
2 0.46171875 0.07421875 0.0484375 0.1140625
2 0.4390625 0.2109375 0.059375 0.121875
2 0.4078125 0.35078125 0.078125 0.1296875
2 0.6140625 0.08359375 0.028125 0.1234375
2 0.6609375 0.20078125 0.05 0.0828125
2 0.6875 0.29921875 0.034375 0.0421875
2 0.71796875 0.4125 0.0421875 0.09375
2 0.7671875 0.603125 0.08125 0.2125
