3 0.475 0.1734375 0.290625 0.04375
2 0.5921875 0.2453125 0.075 0.203125
3 0.1515625 0.7125 0.2125 0.05
3 0.8171875 0.58671875 0.071875 0.0421875
2 0.375 0.07734375 0.0875 0.1296875
2 0.30625 0.25546875 0.04375 0.1078125
2 0.2859375 0.08671875 0.065625 0.1078125
2 0.184375 0.234375 0.090625 0.125
2 0.08125 0.41171875 0.1125 0.1921875
2 0.634375 0.07265625 0.028125 0.0953125
2 0.68046875 0.24453125 0.0640625 0.1921875
2 0.73671875 0.46640625 0.0640625 0.1953125
2 0.8046875 0.73203125 0.084375 0.2171875
2 0.8671875 0.92890625 0.05 0.1046875
2 0.409375 0.27734375 0.05625 0.1265625
2 0.378125 0.4234375 0.04375 0.11875
2 0.3328125 0.6078125 0.040625 0.134375
2 0.26484375 0.91796875 0.0640625 0.0984375
