3 0.17734375 0.7640625 0.2640625 0.109375
3 0.1859375 0.6265625 0.2875 0.078125
1 0.53046875 0.13515625 0.0953125 0.1890625
2 0.1125 0.365625 0.1 0.165625
3 0.79375 0.5453125 0.08125 0.028125
3 0.88203125 0.8484375 0.1296875 0.096875
3 0.5421875 0.26953125 0.2125 0.0734375
3 0.29453125 0.284375 0.2171875 0.084375
2 0.2953125 0.0515625 0.059375 0.090625
2 0.2265625 0.16015625 0.06875 0.1109375
2 0.14765625 0.26171875 0.0703125 0.0765625
2 0.05234375 0.47734375 0.0765625 0.0828125
2 0.6171875 0.07421875 0.05625 0.1046875
2 0.65546875 0.19453125 0.0453125 0.1109375
2 0.69140625 0.346875 0.0390625 0.121875
2 0.72109375 0.50625 0.0484375 0.109375
