3 0.16953125 0.621875 0.2796875 0.0625
3 0.2296875 0.36171875 0.28125 0.0859375
3 0.32578125 0.09296875 0.1859375 0.0421875
2 0.3921875 0.2421875 0.078125 0.16875
2 0.178125 0.2140625 0.10625 0.165625
2 0.0640625 0.4015625 0.078125 0.071875
2 0.43359375 0.03359375 0.0328125 0.0515625
2 0.2671875 0.04921875 0.05625 0.0703125
2 0.59453125 0.046875 0.0328125 0.08125
2 0.61640625 0.1609375 0.0390625 0.09375
2 0.65 0.27734375 0.046875 0.1078125
2 0.6703125 0.39453125 0.04375 0.0703125
2 0.70703125 0.52890625 0.0421875 0.1109375
2 0.28359375 0.72734375 0.0640625 0.1078125
