1 0.375 0.80703125 0.675 0.2484375
3 0.759375 0.35546875 0.053125 0.0265625
3 0.8109375 0.5171875 0.053125 0.040625
3 0.88671875 0.73515625 0.1296875 0.0484375
3 0.6953125 0.203125 0.08125 0.05
3 0.6609375 0.11953125 0.065625 0.0453125
2 0.2890625 0.06640625 0.0875 0.1203125
2 0.2046875 0.2015625 0.08125 0.134375
2 0.0921875 0.35859375 0.115625 0.1546875
2 0.02578125 0.5078125 0.0515625 0.109375
2 0.62421875 0.05234375 0.0484375 0.0859375
2 0.68125 0.30234375 0.040625 0.1140625
2 0.72734375 0.46015625 0.0796875 0.1546875
2 0.7859375 0.65703125 0.059375 0.1703125
2 0.83515625 0.86875 0.0953125 0.196875
