2 0.32578125 0.7578125 0.1078125 0.284375
2 0.37265625 0.3609375 0.0828125 0.175
2 0.41015625 0.171875 0.0671875 0.096875
2 0.428125 0.07109375 0.059375 0.0671875
3 0.52734375 0.55234375 0.3109375 0.1859375
3 0.18203125 0.60546875 0.3390625 0.0984375
3 0.51328125 0.22421875 0.1859375 0.0703125
3 0.2828125 0.2515625 0.2 0.040625
3 0.3265625 0.12421875 0.175 0.0578125
2 0.04296875 0.4640625 0.0828125 0.121875
2 0.1171875 0.3203125 0.078125 0.11875
2 0.6671875 0.27421875 0.05 0.1265625
2 0.70546875 0.40703125 0.0734375 0.1109375
2 0.74453125 0.53828125 0.0734375 0.1109375
2 0.79609375 0.7046875 0.1203125 0.159375
2 0.86015625 0.86953125 0.0953125 0.1203125
2 0.621875 0.12265625 0.0625 0.1078125
2 0.26015625 0.08203125 0.0390625 0.0609375
2 0.203125 0.184375 0.059375 0.096875
