3 0.41015625 0.1171875 0.3828125 0.153125
2 0.49140625 0.43671875 0.1046875 0.5296875
3 0.34921875 0.48671875 0.1203125 0.3140625
2 0.1625 0.2171875 0.065625 0.11875
2 0.08203125 0.35859375 0.0890625 0.1453125
2 0.2625 0.05703125 0.0625 0.0953125
2 0.36796875 0.278125 0.0671875 0.125
3 0.67265625 0.26796875 0.0484375 0.0171875
3 0.8 0.65625 0.1 0.046875
2 0.58515625 0.0578125 0.0421875 0.103125
2 0.62578125 0.2109375 0.0328125 0.13125
2 0.67421875 0.38828125 0.0796875 0.1328125
2 0.7109375 0.578125 0.05625 0.11875
0 0.28828125 0.8 0.2953125 0.271875
3 0.6453125 0.8234375 0.2 0.078125
