3 0.4265625 0.175 0.4625 0.08125
3 0.44921875 0.0953125 0.2640625 0.078125
1 0.171875 0.5953125 0.290625 0.3375
3 0.3 0.265625 0.190625 0.075
3 0.5359375 0.26796875 0.203125 0.0734375
2 0.3015625 0.059375 0.071875 0.090625
2 0.22578125 0.175 0.0671875 0.1
2 0.15078125 0.30546875 0.0765625 0.1328125
2 0.0609375 0.4328125 0.06875 0.09375
2 0.61875 0.071875 0.046875 0.1125
2 0.64765625 0.20078125 0.0515625 0.1296875
2 0.69296875 0.35234375 0.0578125 0.1140625
2 0.7234375 0.53203125 0.0625 0.1484375
2 0.7625 0.7234375 0.071875 0.140625
