3 0.18359375 0.6265625 0.3296875 0.08125
2 0.42734375 0.30390625 0.0734375 0.1109375
3 0.82421875 0.5203125 0.0828125 0.05625
3 0.5453125 0.22578125 0.20625 0.0546875
3 0.7046875 0.20703125 0.05 0.0265625
3 0.546875 0.1671875 0.171875 0.053125
3 0.3578125 0.15078125 0.165625 0.0265625
2 0.41875 0.4625 0.103125 0.175
2 0.38125 0.68515625 0.059375 0.2046875
2 0.35390625 0.8953125 0.0890625 0.165625
2 0.08046875 0.4953125 0.1046875 0.171875
2 0.16796875 0.33828125 0.0796875 0.1453125
2 0.23359375 0.20546875 0.0890625 0.1265625
2 0.3078125 0.06640625 0.078125 0.1203125
2 0.46328125 0.065625 0.0921875 0.11875
2 0.6421875 0.059375 0.053125 0.103125
2 0.66875 0.1546875 0.028125 0.04375
2 0.71171875 0.2953125 0.0640625 0.13125
2 0.75390625 0.43828125 0.0796875 0.1390625
2 0.803125 0.63046875 0.09375 0.1484375
2 0.87265625 0.8421875 0.1078125 0.23125
