3 0.20078125 0.50859375 0.2484375 0.1171875
2 0.3921875 0.296875 0.090625 0.259375
2 0.1703125 0.23671875 0.08125 0.1515625
2 0.06328125 0.41328125 0.1265625 0.1765625
2 0.421875 0.0625 0.103125 0.06875
3 0.7140625 0.34765625 0.075 0.0296875
3 0.51015625 0.125 0.1609375 0.053125
3 0.321875 0.1296875 0.175 0.0375
3 0.6421875 0.10625 0.065625 0.028125
3 0.18125 0.12421875 0.05625 0.0296875
2 0.59140625 0.046875 0.0453125 0.0875
2 0.25859375 0.05234375 0.0640625 0.0953125
2 0.634375 0.2109375 0.06875 0.1375
2 0.675 0.40390625 0.0375 0.0671875
2 0.72421875 0.53671875 0.0765625 0.1328125
2 0.76953125 0.6875 0.0734375 0.15625
