3 0.140625 0.7875 0.26875 0.065625
3 0.61875 0.94296875 0.45 0.1015625
3 0.32421875 0.15625 0.1609375 0.059375
2 0.240625 0.10234375 0.06875 0.1359375
2 0.16640625 0.225 0.0640625 0.084375
2 0.0875 0.34609375 0.08125 0.1359375
2 0.3484375 0.47578125 0.075 0.1640625
2 0.415625 0.09296875 0.0875 0.0890625
3 0.53046875 0.45390625 0.2421875 0.1296875
3 0.4890625 0.5953125 0.215625 0.096875
3 0.1625 0.609375 0.28125 0.084375
3 0.553125 0.2828125 0.15625 0.046875
3 0.68359375 0.25078125 0.0515625 0.0359375
3 0.73828125 0.42734375 0.0609375 0.0390625
3 0.8328125 0.7046875 0.09375 0.0625
3 0.26015625 0.29296875 0.2234375 0.0828125
2 0.60234375 0.08359375 0.0296875 0.1484375
2 0.64453125 0.2125 0.0453125 0.078125
2 0.68046875 0.36328125 0.0578125 0.1109375
2 0.71875 0.53046875 0.059375 0.1515625
