3 0.7609375 0.56484375 0.18125 0.0609375
3 0.140625 0.728125 0.28125 0.128125
3 0.51875 0.10859375 0.1375 0.0359375
3 0.34765625 0.121875 0.1703125 0.0625
3 0.37890625 0.02265625 0.1140625 0.0359375
2 0.4265625 0.24296875 0.0625 0.1890625
2 0.14140625 0.33125 0.0703125 0.115625
2 0.0609375 0.4890625 0.10625 0.15
2 0.203125 0.20078125 0.075 0.1078125
2 0.64921875 0.17109375 0.0703125 0.1609375
2 0.709375 0.34296875 0.090625 0.1734375
2 0.61171875 0.04921875 0.0359375 0.0703125
2 0.28515625 0.05625 0.0421875 0.05625
