3 0.190625 0.46953125 0.303125 0.1234375
3 0.80390625 0.6609375 0.0765625 0.065625
3 0.5375 0.23671875 0.215625 0.0671875
3 0.28671875 0.26015625 0.1890625 0.0734375
3 0.33515625 0.140625 0.1515625 0.046875
3 0.37578125 0.07265625 0.1578125 0.0546875
2 0.4171875 0.22890625 0.053125 0.2046875
2 0.62109375 0.08515625 0.0609375 0.1515625
2 0.67109375 0.34140625 0.0734375 0.1828125
2 0.30625 0.04375 0.05625 0.05625
2 0.2421875 0.13515625 0.065625 0.1046875
2 0.15703125 0.2671875 0.0921875 0.125
2 0.05546875 0.41953125 0.0828125 0.1453125
3 0.23359375 0.60546875 0.0953125 0.2078125
3 0.08125 0.84296875 0.13125 0.0859375
