3 0.1671875 0.58828125 0.278125 0.0390625
2 0.44453125 0.10078125 0.0734375 0.1328125
3 0.89140625 0.82578125 0.1203125 0.0578125
1 0.5640625 0.13203125 0.103125 0.1828125
1 0.24609375 0.36328125 0.2140625 0.0640625
1 0.59609375 0.2890625 0.1796875 0.06875
3 0.37734375 0.0375 0.1359375 0.040625
2 0.26953125 0.0765625 0.0703125 0.08125
2 0.2078125 0.1921875 0.065625 0.096875
2 0.1375 0.3140625 0.075 0.096875
2 0.05703125 0.43203125 0.0703125 0.1140625
2 0.4265625 0.2578125 0.0875 0.159375
2 0.6203125 0.07421875 0.034375 0.1046875
2 0.6515625 0.18203125 0.04375 0.1265625
2 0.7296875 0.52109375 0.08125 0.1515625
2 0.78203125 0.690625 0.0890625 0.2375
