2 0.103125 0.37578125 0.071875 0.1265625
2 0.03515625 0.49609375 0.0484375 0.0828125
2 0.265625 0.0875 0.0875 0.096875
2 0.43984375 0.109375 0.0984375 0.115625
2 0.37578125 0.45078125 0.1046875 0.1828125
3 0.559375 0.6203125 0.359375 0.115625
3 0.1546875 0.6421875 0.26875 0.084375
3 0.52421875 0.21328125 0.1765625 0.0734375
3 0.29375 0.23359375 0.209375 0.0515625
2 0.340625 0.746875 0.0625 0.325
2 0.17734375 0.22109375 0.0796875 0.1203125
2 0.615625 0.07578125 0.04375 0.1078125
2 0.6484375 0.22734375 0.04375 0.1234375
2 0.7 0.39140625 0.053125 0.1453125
2 0.75 0.5734375 0.053125 0.121875
2 0.79765625 0.72265625 0.0453125 0.1359375
