3 0.17109375 0.45703125 0.2046875 0.0796875
3 0.2953125 0.23203125 0.165625 0.0671875
3 0.5171875 0.23359375 0.134375 0.0578125
3 0.5375 0.04296875 0.109375 0.0390625
3 0.37265625 0.0625 0.1078125 0.046875
2 0.390625 0.3546875 0.06875 0.19375
2 0.3328125 0.571875 0.059375 0.209375
2 0.27109375 0.83203125 0.0703125 0.2578125
2 0.03828125 0.4546875 0.0515625 0.109375
2 0.11953125 0.33125 0.0828125 0.13125
2 0.2046875 0.20703125 0.05 0.0921875
2 0.25703125 0.1140625 0.0765625 0.1125
2 0.4359375 0.128125 0.04375 0.084375
2 0.63984375 0.125 0.0578125 0.14375
2 0.684375 0.2984375 0.053125 0.159375
2 0.7328125 0.49765625 0.06875 0.1765625
2 0.7828125 0.7203125 0.078125 0.225
