3 0.26484375 0.25625 0.2203125 0.06875
3 0.490625 0.86640625 0.58125 0.1296875
2 0.109375 0.3171875 0.075 0.096875
2 0.19453125 0.1796875 0.0578125 0.08125
2 0.265625 0.05390625 0.071875 0.0734375
3 0.8015625 0.675 0.090625 0.059375
3 0.615625 0.27421875 0.15625 0.0765625
3 0.1828125 0.41953125 0.221875 0.0890625
3 0.50078125 0.5234375 0.2921875 0.084375
3 0.48984375 0.1734375 0.1703125 0.06875
3 0.34921875 0.034375 0.1296875 0.025
2 0.046875 0.415625 0.06875 0.140625
2 0.59140625 0.06015625 0.0390625 0.1046875
2 0.61953125 0.1890625 0.0390625 0.0875
2 0.665625 0.35078125 0.046875 0.1078125
2 0.6953125 0.4921875 0.053125 0.1375
2 0.73984375 0.63046875 0.0640625 0.1046875
2 0.77734375 0.784375 0.0484375 0.121875
