3 0.16640625 0.76953125 0.3140625 0.1015625
3 0.221875 0.45703125 0.321875 0.0953125
3 0.44609375 0.053125 0.4078125 0.08125
2 0.40546875 0.35625 0.0578125 0.11875
2 0.33828125 0.62265625 0.1015625 0.2015625
2 0.240625 0.15859375 0.078125 0.1171875
2 0.10234375 0.3609375 0.0765625 0.1125
3 0.7765625 0.55859375 0.0875 0.0265625
3 0.53515625 0.2453125 0.1953125 0.06875
3 0.27421875 0.26171875 0.1890625 0.0546875
3 0.2 0.33203125 0.096875 0.0453125
2 0.290625 0.915625 0.1 0.146875
2 0.02734375 0.47265625 0.0421875 0.0921875
2 0.6328125 0.13828125 0.05 0.1390625
2 0.68046875 0.334375 0.0765625 0.165625
2 0.75234375 0.7015625 0.0640625 0.203125
