3 0.1734375 0.5875 0.240625 0.09375
3 0.77421875 0.5390625 0.1953125 0.06875
3 0.54609375 0.16796875 0.1859375 0.0484375
3 0.328125 0.17578125 0.18125 0.0390625
3 0.24609375 0.234375 0.1046875 0.034375
3 0.55234375 0.08359375 0.1453125 0.0421875
3 0.38203125 0.06015625 0.1390625 0.0171875
2 0.678125 0.3125 0.1125 0.265625
2 0.41484375 0.2921875 0.0703125 0.1625
2 0.13828125 0.3078125 0.0765625 0.140625
2 0.05625 0.4671875 0.0875 0.159375
2 0.25234375 0.11796875 0.0578125 0.0859375
2 0.6390625 0.0640625 0.04375 0.10625
