3 0.4125 0.2203125 0.521875 0.0625
2 0.3203125 0.4453125 0.065625 0.209375
2 0.2921875 0.678125 0.078125 0.2125
2 0.221875 0.88828125 0.084375 0.1515625
3 0.228125 0.29296875 0.265625 0.0609375
2 0.65390625 0.33203125 0.0640625 0.1140625
2 0.67109375 0.45 0.0734375 0.109375
2 0.70390625 0.57421875 0.1171875 0.1359375
2 0.73671875 0.7265625 0.1140625 0.15
2 0.765625 0.8875 0.09375 0.13125
2 0.60390625 0.12578125 0.0671875 0.0921875
2 0.25390625 0.05234375 0.0609375 0.0703125
2 0.203125 0.14296875 0.071875 0.0828125
2 0.05625 0.3890625 0.06875 0.13125
