2 0.159375 0.23828125 0.075 0.1109375
2 0.0671875 0.390625 0.096875 0.14375
2 0.38828125 0.2703125 0.1078125 0.24375
2 0.3078125 0.77421875 0.13125 0.3828125
3 0.55703125 0.4515625 0.4015625 0.0875
3 0.15859375 0.55859375 0.2984375 0.0953125
3 0.5109375 0.10546875 0.159375 0.0421875
3 0.303125 0.13359375 0.153125 0.0484375
3 0.50703125 0.0296875 0.1296875 0.025
3 0.353125 0.05 0.14375 0.053125
2 0.6046875 0.05859375 0.046875 0.0921875
2 0.64140625 0.196875 0.0515625 0.128125
2 0.67109375 0.36015625 0.0671875 0.1203125
2 0.74609375 0.5859375 0.0953125 0.2
