3 0.18828125 0.46484375 0.2640625 0.0984375
3 0.41875 0.10703125 0.3875 0.0921875
2 0.140625 0.27265625 0.059375 0.0796875
2 0.07578125 0.40234375 0.0703125 0.1328125
2 0.203125 0.18359375 0.084375 0.1140625
2 0.2546875 0.078125 0.078125 0.13125
3 0.21875 0.31640625 0.321875 0.0796875
3 0.6390625 0.3296875 0.184375 0.059375
3 0.51953125 0.25390625 0.2234375 0.0796875
3 0.2828125 0.22265625 0.2 0.0484375
2 0.5765625 0.0296875 0.028125 0.046875
2 0.60625 0.14609375 0.05625 0.0984375
2 0.64921875 0.25078125 0.0515625 0.0953125
2 0.690625 0.4078125 0.04375 0.13125
2 0.73359375 0.55703125 0.0640625 0.1296875
2 0.771875 0.70078125 0.096875 0.1359375
2 0.83671875 0.88203125 0.0859375 0.2046875
