3 0.4453125 0.0390625 0.3875 0.071875
2 0.4359375 0.1921875 0.11875 0.209375
2 0.3234375 0.72109375 0.19375 0.4171875
3 0.83203125 0.68671875 0.0609375 0.0203125
3 0.08359375 0.77734375 0.1671875 0.0765625
3 0.8921875 0.88671875 0.096875 0.1109375
3 0.1953125 0.37890625 0.290625 0.1015625
3 0.6359375 0.3390625 0.165625 0.046875
2 0.27578125 0.1 0.0734375 0.109375
2 0.18125 0.24140625 0.109375 0.1546875
2 0.0609375 0.44609375 0.090625 0.1484375
2 0.63984375 0.10234375 0.0453125 0.1640625
2 0.67890625 0.259375 0.0421875 0.1125
2 0.721875 0.42734375 0.046875 0.1484375
2 0.759375 0.6015625 0.05625 0.15625
2 0.7921875 0.79609375 0.065625 0.1453125
