3 0.40234375 0.14140625 0.4828125 0.0984375
3 0.1859375 0.61953125 0.290625 0.1015625
2 0.1453125 0.2625 0.115625 0.1875
2 0.05625 0.4265625 0.0625 0.128125
2 0.390625 0.29609375 0.103125 0.1390625
2 0.43203125 0.0640625 0.0828125 0.1125
2 0.25390625 0.0828125 0.0921875 0.125
2 0.30703125 0.83515625 0.0890625 0.2421875
2 0.5828125 0.05390625 0.040625 0.0796875
2 0.6328125 0.2140625 0.05 0.134375
2 0.6734375 0.3609375 0.04375 0.13125
2 0.725 0.55859375 0.0625 0.1640625
2 0.78046875 0.73203125 0.0796875 0.1671875
