3 0.18359375 0.71484375 0.2984375 0.1234375
3 0.515625 0.12421875 0.21875 0.0640625
3 0.2390625 0.38359375 0.2 0.0484375
2 0.10859375 0.3375 0.0859375 0.1375
2 0.0453125 0.49296875 0.071875 0.1265625
2 0.22421875 0.15546875 0.1078125 0.1109375
2 0.27734375 0.0515625 0.0765625 0.065625
3 0.734375 0.5375 0.10625 0.05625
3 0.525 0.21484375 0.203125 0.0703125
3 0.27734375 0.23515625 0.2265625 0.0546875
2 0.37421875 0.32265625 0.0546875 0.1328125
2 0.65234375 0.2578125 0.0359375 0.1
2 0.68515625 0.3734375 0.0453125 0.103125
2 0.75703125 0.60703125 0.0546875 0.1140625
2 0.7984375 0.74765625 0.0625 0.1046875
