3 0.19453125 0.39140625 0.3234375 0.0609375
3 0.2578125 0.246875 0.234375 0.078125
3 0.2921875 0.1578125 0.28125 0.04375
2 0.3421875 0.53203125 0.0875 0.2109375
2 0.2765625 0.8671875 0.1 0.196875
2 0.4234375 0.05625 0.05625 0.09375
3 0.6796875 0.365625 0.146875 0.05
3 0.765625 0.590625 0.103125 0.0375
3 0.4859375 0.68125 0.31875 0.09375
3 0.15546875 0.74296875 0.2734375 0.1078125
2 0.03515625 0.4734375 0.0453125 0.0875
2 0.11640625 0.3078125 0.0546875 0.078125
2 0.23828125 0.08515625 0.0671875 0.0953125
