3 0.16796875 0.7046875 0.3109375 0.15
3 0.81875 0.528125 0.05625 0.053125
3 0.61015625 0.28828125 0.1046875 0.0515625
3 0.28671875 0.31171875 0.2171875 0.0578125
3 0.14140625 0.28046875 0.0640625 0.0296875
3 0.33359375 0.16484375 0.1171875 0.0515625
3 0.5375 0.19765625 0.19375 0.0828125
2 0.40390625 0.428125 0.0828125 0.14375
2 0.3828125 0.603125 0.090625 0.190625
2 0.346875 0.84921875 0.125 0.2859375
2 0.04140625 0.53046875 0.0609375 0.1140625
2 0.1078125 0.39453125 0.09375 0.1328125
2 0.2265625 0.20859375 0.0625 0.1109375
2 0.30234375 0.0828125 0.0734375 0.109375
2 0.64609375 0.084375 0.0609375 0.13125
2 0.6859375 0.22421875 0.040625 0.1359375
2 0.73125 0.3984375 0.0625 0.134375
2 0.78203125 0.56640625 0.0609375 0.1203125
2 0.84453125 0.75546875 0.0828125 0.1796875
2 0.88515625 0.90546875 0.0515625 0.0984375
2 0.4609375 0.06171875 0.059375 0.0953125
