3 0.2171875 0.4453125 0.284375 0.075
3 0.846875 0.765625 0.09375 0.05
3 0.68984375 0.25078125 0.0421875 0.0671875
3 0.2328125 0.53203125 0.178125 0.0859375
2 0.29609375 0.06328125 0.0671875 0.0984375
2 0.22734375 0.16953125 0.0640625 0.0859375
2 0.1578125 0.3046875 0.05625 0.125
2 0.0609375 0.45390625 0.090625 0.1171875
2 0.60546875 0.0796875 0.0546875 0.121875
2 0.64921875 0.21796875 0.0453125 0.1078125
2 0.7 0.39140625 0.0875 0.1609375
2 0.74453125 0.6375 0.0734375 0.196875
2 0.41875 0.21328125 0.046875 0.1609375
