3 0.19296875 0.58828125 0.3546875 0.1453125
3 0.21484375 0.41796875 0.2015625 0.0921875
3 0.7671875 0.36796875 0.071875 0.0359375
3 0.790625 0.48515625 0.08125 0.0296875
3 0.54921875 0.2296875 0.2203125 0.084375
3 0.3296875 0.19765625 0.16875 0.0421875
3 0.3015625 0.3 0.215625 0.075
3 0.14375 0.27109375 0.034375 0.0078125
3 0.0703125 0.3734375 0.08125 0.021875
3 0.7015625 0.20078125 0.04375 0.0390625
3 0.53671875 0.1171875 0.1453125 0.075
3 0.3640625 0.125 0.146875 0.053125
3 0.55078125 0.05703125 0.1171875 0.0515625
2 0.2375 0.1828125 0.075 0.125
2 0.159375 0.325 0.0625 0.090625
2 0.33046875 0.0421875 0.0640625 0.078125
2 0.08828125 0.45546875 0.1046875 0.1390625
2 0.6296875 0.0484375 0.034375 0.078125
2 0.665625 0.13671875 0.040625 0.0890625
2 0.6921875 0.2796875 0.0375 0.109375
2 0.73671875 0.409375 0.0453125 0.084375
2 0.77890625 0.55 0.0421875 0.065625
2 0.82265625 0.70546875 0.0515625 0.2046875
