2 0.240625 0.10078125 0.103125 0.1140625
2 0.15390625 0.2484375 0.0703125 0.128125
2 0.0671875 0.40625 0.096875 0.140625
3 0.13359375 0.74609375 0.2390625 0.1078125
3 0.175 0.5078125 0.2625 0.103125
3 0.5625 0.2515625 0.278125 0.103125
3 0.5359375 0.17578125 0.24375 0.0671875
3 0.2890625 0.20625 0.203125 0.046875
2 0.71796875 0.54375 0.0765625 0.15
2 0.659375 0.31171875 0.078125 0.1328125
2 0.60390625 0.06484375 0.0640625 0.1234375
2 0.42421875 0.08671875 0.0671875 0.1234375
2 0.76171875 0.71015625 0.0828125 0.1671875
3 0.50234375 0.0765625 0.0984375 0.021875
3 0.31796875 0.09453125 0.1046875 0.0390625
