3 0.2921875 0.3671875 0.225 0.165625
3 0.1578125 0.7203125 0.253125 0.090625
3 0.54609375 0.23359375 0.2015625 0.0828125
3 0.35625 0.1546875 0.16875 0.05
3 0.55625 0.12578125 0.14375 0.0453125
3 0.5359375 0.07734375 0.1375 0.0453125
2 0.2984375 0.07578125 0.065625 0.0734375
2 0.2171875 0.1921875 0.075 0.121875
2 0.13515625 0.33203125 0.0796875 0.1265625
2 0.0578125 0.4921875 0.053125 0.128125
2 0.68671875 0.27265625 0.0796875 0.1109375
2 0.740625 0.44453125 0.096875 0.1859375
2 0.78203125 0.603125 0.0640625 0.165625
2 0.625 0.0796875 0.034375 0.096875
2 0.66328125 0.16953125 0.0421875 0.0734375
2 0.83984375 0.78359375 0.0859375 0.1703125
2 0.88671875 0.91875 0.0640625 0.11875
2 0.42421875 0.22421875 0.0640625 0.1390625
