3 0.1921875 0.35 0.296875 0.071875
3 0.853125 0.63125 0.225 0.0625
3 0.134375 0.7515625 0.246875 0.071875
3 0.51484375 0.23828125 0.2203125 0.0796875
3 0.25546875 0.25078125 0.2140625 0.0734375
3 0.6703125 0.05625 0.140625 0.040625
3 0.509375 0.07734375 0.14375 0.0578125
3 0.33828125 0.08203125 0.1515625 0.0640625
2 0.20625 0.15 0.071875 0.125
2 0.128125 0.27890625 0.075 0.1234375
2 0.65 0.34296875 0.0875 0.1703125
2 0.6921875 0.53046875 0.09375 0.1484375
2 0.74765625 0.7125 0.1046875 0.184375
2 0.39921875 0.1703125 0.0609375 0.159375
2 0.37421875 0.34375 0.0453125 0.096875
