3 0.16640625 0.62890625 0.2421875 0.0859375
3 0.446875 0.13359375 0.340625 0.0734375
2 0.38828125 0.265625 0.0953125 0.1875
2 0.31328125 0.52890625 0.0578125 0.1859375
2 0.43984375 0.06484375 0.0609375 0.0984375
3 0.72578125 0.48984375 0.0734375 0.0390625
2 0.26484375 0.0765625 0.0703125 0.1
2 0.18359375 0.1984375 0.0828125 0.121875
2 0.075 0.3828125 0.13125 0.178125
2 0.60625 0.04375 0.046875 0.08125
2 0.6328125 0.21640625 0.078125 0.1109375
2 0.65703125 0.34296875 0.0640625 0.0921875
2 0.27734375 0.72734375 0.0734375 0.1140625
