3 0.428125 0.1359375 0.3875 0.071875
3 0.2359375 0.38515625 0.253125 0.1640625
2 0.5921875 0.27109375 0.046875 0.1078125
2 0.27578125 0.07421875 0.0734375 0.0765625
2 0.20859375 0.18203125 0.0546875 0.1078125
2 0.1125 0.3421875 0.075 0.103125
2 0.040625 0.45078125 0.059375 0.0953125
2 0.609375 0.0484375 0.03125 0.071875
2 0.6328125 0.16640625 0.05625 0.1109375
2 0.6703125 0.2875 0.053125 0.109375
2 0.69140625 0.42734375 0.0671875 0.1296875
2 0.7390625 0.58203125 0.08125 0.1390625
2 0.771875 0.7359375 0.0625 0.140625
2 0.409375 0.25234375 0.059375 0.1265625
