3 0.4421875 0.17265625 0.528125 0.0953125
3 0.1953125 0.43046875 0.209375 0.0796875
3 0.725 0.38359375 0.1375 0.0296875
3 0.784375 0.64140625 0.175 0.0328125
2 0.5375 0.315625 0.04375 0.215625
2 0.29375 0.065625 0.075 0.1125
2 0.1578125 0.30390625 0.10625 0.1546875
2 0.04609375 0.49921875 0.0609375 0.1296875
2 0.6390625 0.07265625 0.04375 0.1046875
2 0.70234375 0.290625 0.0765625 0.140625
2 0.73984375 0.45859375 0.0640625 0.1078125
2 0.8421875 0.825 0.071875 0.246875
2 0.4640625 0.08359375 0.05625 0.1234375
2 0.425 0.334375 0.059375 0.196875
2 0.390625 0.60078125 0.096875 0.2109375
