3 0.190625 0.47421875 0.275 0.1546875
2 0.090625 0.3328125 0.09375 0.153125
2 0.1875 0.18671875 0.053125 0.0921875
2 0.2375 0.08359375 0.06875 0.0765625
2 0.35625 0.37578125 0.078125 0.1734375
2 0.30859375 0.61015625 0.1015625 0.1765625
2 0.25703125 0.90625 0.0984375 0.175
3 0.71640625 0.3859375 0.0484375 0.028125
3 0.48203125 0.35859375 0.1640625 0.0546875
3 0.51015625 0.71171875 0.3390625 0.1015625
3 0.14453125 0.79765625 0.2546875 0.0984375
3 0.509375 0.203125 0.246875 0.125
3 0.290625 0.14921875 0.16875 0.0453125
3 0.253125 0.25625 0.1875 0.053125
3 0.49609375 0.04609375 0.1515625 0.0546875
3 0.32421875 0.06953125 0.1609375 0.0578125
2 0.5890625 0.07734375 0.046875 0.1109375
2 0.63203125 0.215625 0.0609375 0.11875
2 0.665625 0.375 0.059375 0.1375
2 0.39765625 0.88828125 0.0765625 0.1734375
