3 0.19140625 0.50390625 0.2890625 0.1140625
3 0.16015625 0.7125 0.2796875 0.134375
3 0.77578125 0.57265625 0.0921875 0.0265625
3 0.865625 0.8421875 0.115625 0.0875
3 0.57421875 0.1609375 0.1109375 0.075
3 0.3671875 0.0828125 0.121875 0.078125
3 0.26640625 0.2953125 0.2046875 0.0625
2 0.28203125 0.05859375 0.0578125 0.0765625
2 0.21484375 0.18046875 0.0703125 0.1171875
2 0.13359375 0.315625 0.0859375 0.134375
2 0.03203125 0.46484375 0.0640625 0.0953125
2 0.61796875 0.06796875 0.0484375 0.1015625
2 0.6375 0.22734375 0.059375 0.1390625
2 0.68125 0.36484375 0.065625 0.0921875
2 0.71796875 0.52734375 0.0515625 0.0953125
2 0.75 0.68359375 0.06875 0.1390625
2 0.76015625 0.80625 0.0609375 0.05625
2 0.42109375 0.23125 0.0640625 0.23125
