3 0.2421875 0.37890625 0.221875 0.1078125
3 0.1984375 0.775 0.2375 0.1375
3 0.39609375 0.121875 0.2421875 0.034375
3 0.3921875 0.0484375 0.115625 0.053125
3 0.53203125 0.1984375 0.1296875 0.06875
3 0.34921875 0.20078125 0.1609375 0.0265625
3 0.28203125 0.25078125 0.1453125 0.0265625
2 0.2953125 0.0671875 0.059375 0.096875
2 0.21640625 0.20390625 0.0734375 0.1234375
2 0.11171875 0.37265625 0.1234375 0.1921875
2 0.02421875 0.525 0.0390625 0.078125
2 0.47109375 0.059375 0.0828125 0.1
2 0.6296875 0.07578125 0.065625 0.1203125
2 0.67421875 0.23671875 0.0734375 0.1578125
2 0.725 0.41484375 0.08125 0.1421875
2 0.77578125 0.60703125 0.0765625 0.1578125
2 0.8296875 0.8046875 0.096875 0.20625
2 0.43046875 0.21953125 0.0421875 0.1234375
