2 0.16015625 0.2546875 0.0578125 0.140625
2 0.06953125 0.40859375 0.1046875 0.1796875
2 0.39140625 0.38046875 0.1203125 0.2578125
2 0.2703125 0.0640625 0.096875 0.084375
2 0.44375 0.06484375 0.109375 0.1046875
3 0.13046875 0.72890625 0.2109375 0.1359375
3 0.515625 0.14296875 0.171875 0.0609375
3 0.3109375 0.15703125 0.175 0.0390625
2 0.3203125 0.75390625 0.15 0.4453125
2 0.60234375 0.06171875 0.0484375 0.0921875
2 0.63828125 0.234375 0.0609375 0.134375
2 0.69375 0.42890625 0.0875 0.1640625
2 0.734375 0.62734375 0.1125 0.1921875
2 0.81640625 0.81171875 0.0765625 0.1609375
