3 0.228125 0.3140625 0.375 0.09375
3 0.18046875 0.54453125 0.3390625 0.0890625
3 0.45625 0.053125 0.390625 0.0625
3 0.31640625 0.13515625 0.2265625 0.0515625
2 0.17265625 0.22265625 0.0921875 0.1234375
2 0.0796875 0.37890625 0.090625 0.1484375
2 0.39453125 0.23359375 0.1328125 0.1234375
2 0.36328125 0.44609375 0.0828125 0.1546875
3 0.07421875 0.83515625 0.1265625 0.0828125
3 0.7984375 0.66328125 0.0875 0.0578125
3 0.7 0.28203125 0.04375 0.0171875
2 0.63984375 0.175 0.0359375 0.159375
2 0.68828125 0.3921875 0.0609375 0.15
