3 0.26328125 0.3671875 0.2671875 0.075
3 0.1546875 0.6171875 0.271875 0.08125
3 0.30234375 0.2296875 0.1546875 0.053125
3 0.53359375 0.171875 0.1734375 0.046875
3 0.5890625 0.2109375 0.096875 0.05
3 0.62109375 0.30625 0.0671875 0.04375
3 0.16875 0.20625 0.05 0.025
3 0.365625 0.02109375 0.103125 0.0328125
2 0.26171875 0.10703125 0.0953125 0.1484375
2 0.15625 0.27890625 0.065625 0.0734375
2 0.06875 0.42109375 0.1 0.1921875
2 0.44140625 0.14453125 0.0671875 0.1515625
2 0.5390625 0.1125 0.040625 0.078125
2 0.62421875 0.08125 0.0671875 0.128125
2 0.675 0.2359375 0.059375 0.134375
2 0.715625 0.4296875 0.08125 0.178125
2 0.77421875 0.65 0.1078125 0.19375
