3 0.43203125 0.07890625 0.3609375 0.0578125
2 0.2578125 0.07578125 0.078125 0.1078125
2 0.17265625 0.2125 0.0734375 0.146875
2 0.06171875 0.37578125 0.0890625 0.1390625
2 0.615625 0.09453125 0.059375 0.1671875
2 0.646875 0.26953125 0.06875 0.1109375
2 0.68984375 0.4828125 0.0390625 0.175
2 0.74375 0.69609375 0.08125 0.2078125
3 0.50390625 0.19765625 0.1796875 0.1015625
3 0.271875 0.21796875 0.159375 0.0421875
3 0.246875 0.3109375 0.18125 0.059375
3 0.09609375 0.475 0.0890625 0.034375
3 0.2265625 0.5375 0.146875 0.06875
3 0.5359375 0.290625 0.090625 0.0375
2 0.07421875 0.65 0.1296875 0.2375
