3 0.19296875 0.56640625 0.3265625 0.0390625
2 0.18046875 0.2203125 0.0984375 0.14375
2 0.046875 0.44140625 0.08125 0.1140625
2 0.26484375 0.06640625 0.0765625 0.1203125
2 0.38125 0.60546875 0.0875 0.3578125
2 0.3421875 0.915625 0.084375 0.11875
2 0.40078125 0.23203125 0.0640625 0.1359375
3 0.82109375 0.646875 0.1171875 0.034375
3 0.225 0.359375 0.23125 0.059375
3 0.6890625 0.28828125 0.06875 0.0453125
3 0.5671875 0.81796875 0.378125 0.0953125
3 0.51640625 0.096875 0.1515625 0.05
3 0.32734375 0.134375 0.1609375 0.06875
3 0.35625 0.0375 0.115625 0.05
2 0.60078125 0.04375 0.0546875 0.075
2 0.62890625 0.18046875 0.0453125 0.1078125
2 0.68125 0.36796875 0.065625 0.1140625
2 0.74609375 0.55234375 0.0828125 0.1546875
2 0.78671875 0.7609375 0.0578125 0.125
