3 0.1671875 0.75859375 0.296875 0.1171875
2 0.06171875 0.434375 0.0671875 0.15625
2 0.14609375 0.2578125 0.0640625 0.13125
2 0.21171875 0.14765625 0.0765625 0.0828125
3 0.76953125 0.58984375 0.1609375 0.0765625
3 0.52734375 0.26328125 0.1796875 0.0734375
3 0.2671875 0.2984375 0.209375 0.065625
3 0.50390625 0.153125 0.1765625 0.071875
3 0.31640625 0.13359375 0.1671875 0.0484375
3 0.32578125 0.0671875 0.1671875 0.046875
3 0.50625 0.0703125 0.140625 0.0375
2 0.596875 0.04609375 0.0375 0.0828125
2 0.6265625 0.16015625 0.04375 0.1109375
2 0.6640625 0.2875 0.05625 0.115625
2 0.690625 0.41171875 0.065625 0.0796875
2 0.72890625 0.5203125 0.0296875 0.078125
2 0.76015625 0.67421875 0.0390625 0.1171875
