3 0.4546875 0.02734375 0.3375 0.0484375
3 0.17265625 0.71171875 0.2578125 0.1390625
3 0.81328125 0.6484375 0.0890625 0.05625
3 0.53046875 0.1515625 0.1578125 0.05
3 0.29921875 0.2359375 0.1796875 0.05
3 0.575 0.27578125 0.128125 0.0734375
2 0.40390625 0.3546875 0.0953125 0.16875
2 0.43984375 0.11875 0.0765625 0.178125
2 0.2734375 0.1 0.09375 0.134375
2 0.17265625 0.24453125 0.0921875 0.1203125
2 0.0453125 0.45234375 0.090625 0.1453125
2 0.6296875 0.07890625 0.046875 0.1140625
2 0.659375 0.2234375 0.046875 0.13125
2 0.68515625 0.38203125 0.0734375 0.1265625
2 0.7265625 0.55390625 0.059375 0.1078125
2 0.81328125 0.77734375 0.0609375 0.1328125
