3 0.140625 0.79375 0.28125 0.13125
3 0.19140625 0.46171875 0.3390625 0.0640625
2 0.08359375 0.359375 0.0859375 0.159375
2 0.20546875 0.16640625 0.0921875 0.1140625
3 0.7515625 0.50234375 0.0625 0.0484375
3 0.83671875 0.79296875 0.0859375 0.0578125
3 0.51796875 0.25546875 0.2140625 0.0703125
3 0.2609375 0.28984375 0.215625 0.0734375
3 0.42734375 0.03125 0.2921875 0.0625
2 0.2609375 0.0578125 0.065625 0.084375
2 0.59375 0.0625 0.034375 0.1
2 0.61875 0.1859375 0.040625 0.0875
2 0.6609375 0.3140625 0.0375 0.115625
2 0.7 0.47421875 0.021875 0.1265625
