3 0.33046875 0.1125 0.2390625 0.05625
2 0.40390625 0.31328125 0.0828125 0.1359375
2 0.12890625 0.29921875 0.1015625 0.1140625
3 0.18359375 0.41015625 0.2515625 0.0578125
3 0.71796875 0.36171875 0.1265625 0.0296875
3 0.52734375 0.196875 0.1890625 0.046875
3 0.3046875 0.215625 0.2 0.028125
2 0.60625 0.06171875 0.03125 0.1046875
2 0.4359375 0.04375 0.05 0.0625
2 0.278125 0.04921875 0.05 0.0640625
2 0.196875 0.18984375 0.059375 0.0703125
2 0.03203125 0.48515625 0.0546875 0.0671875
2 0.715625 0.446875 0.0625 0.1
2 0.75 0.571875 0.0625 0.1
2 0.8 0.70390625 0.06875 0.1296875
2 0.828125 0.81484375 0.04375 0.0734375
2 0.6671875 0.26875 0.05 0.14375
