3 0.25078125 0.29140625 0.2578125 0.0734375
2 0.11328125 0.746875 0.1828125 0.39375
2 0.053125 0.3953125 0.08125 0.1625
2 0.15703125 0.24140625 0.1015625 0.1390625
2 0.24140625 0.10234375 0.0859375 0.1484375
3 0.515625 0.1765625 0.190625 0.075
3 0.51015625 0.1015625 0.1578125 0.071875
3 0.33125 0.1078125 0.134375 0.059375
3 0.35703125 0.05 0.1078125 0.04375
2 0.40234375 0.1796875 0.0484375 0.1375
2 0.38359375 0.3796875 0.0484375 0.10625
2 0.76015625 0.61484375 0.0703125 0.1796875
2 0.6875 0.39609375 0.06875 0.1859375
2 0.6390625 0.2203125 0.059375 0.134375
2 0.803125 0.78125 0.0625 0.1
2 0.8484375 0.9328125 0.05 0.06875
2 0.5921875 0.0375 0.034375 0.0625
