3 0.33203125 0.1875 0.1890625 0.0375
3 0.25 0.33125 0.153125 0.034375
3 0.140625 0.7046875 0.240625 0.128125
2 0.42890625 0.27578125 0.0796875 0.1921875
3 0.8765625 0.63359375 0.06875 0.0359375
3 0.378125 0.115625 0.134375 0.04375
3 0.5546875 0.11640625 0.15625 0.0421875
2 0.0546875 0.5265625 0.078125 0.15
2 0.13984375 0.3625 0.1015625 0.18125
2 0.22265625 0.21953125 0.0796875 0.1359375
2 0.3046875 0.07578125 0.078125 0.1109375
2 0.6453125 0.06328125 0.053125 0.1109375
2 0.68203125 0.2359375 0.0890625 0.171875
2 0.74765625 0.4046875 0.0859375 0.140625
2 0.84375 0.73515625 0.078125 0.1078125
2 0.88984375 0.88515625 0.0796875 0.1578125
