3 0.17109375 0.54765625 0.3203125 0.0984375
3 0.1890625 0.38125 0.340625 0.078125
3 0.44296875 0.06640625 0.3953125 0.0546875
3 0.79609375 0.66171875 0.0796875 0.0421875
3 0.51875 0.246875 0.234375 0.08125
3 0.271875 0.26796875 0.221875 0.0578125
3 0.11640625 0.24453125 0.0515625 0.0203125
3 0.68046875 0.20625 0.0546875 0.046875
2 0.37265625 0.4296875 0.0828125 0.196875
2 0.42109375 0.15390625 0.0671875 0.1203125
2 0.22890625 0.1609375 0.0984375 0.146875
2 0.13359375 0.31015625 0.0828125 0.1015625
2 0.0484375 0.44296875 0.06875 0.0953125
2 0.625 0.084375 0.040625 0.13125
2 0.66171875 0.2734375 0.0453125 0.14375
2 0.690625 0.44140625 0.084375 0.1828125
2 0.72265625 0.625 0.0609375 0.11875
2 0.78203125 0.7828125 0.0765625 0.165625
2 0.828125 0.94765625 0.084375 0.0859375
