2 0.39375 0.29609375 0.140625 0.1734375
2 0.43203125 0.08515625 0.0671875 0.0890625
3 0.69453125 0.36875 0.1359375 0.05625
3 0.1421875 0.43671875 0.24375 0.0546875
3 0.53359375 0.13984375 0.1859375 0.0546875
3 0.3234375 0.140625 0.1875 0.05625
2 0.83359375 0.8046875 0.0859375 0.1875
2 0.76953125 0.59765625 0.0796875 0.1484375
2 0.72109375 0.4578125 0.0640625 0.09375
2 0.671875 0.278125 0.053125 0.10625
2 0.646875 0.19140625 0.06875 0.0671875
2 0.6046875 0.05546875 0.05625 0.0921875
2 0.275 0.05546875 0.05625 0.0671875
2 0.18515625 0.21328125 0.0703125 0.0984375
2 0.1140625 0.34140625 0.075 0.1203125
2 0.0359375 0.4859375 0.065625 0.084375
