2 0.23359375 0.33203125 0.1703125 0.2859375
2 0.1109375 0.68984375 0.190625 0.3671875
2 0.10546875 0.34921875 0.0984375 0.1859375
2 0.25859375 0.08359375 0.1015625 0.1296875
2 0.428125 0.0765625 0.075 0.125
2 0.3953125 0.309375 0.078125 0.171875
3 0.24140625 0.58984375 0.1421875 0.0546875
3 0.84140625 0.77734375 0.1796875 0.0296875
3 0.50390625 0.1421875 0.1859375 0.040625
3 0.34921875 0.1390625 0.0671875 0.04375
2 0.0296875 0.446875 0.046875 0.096875
2 0.7640625 0.64609375 0.0625 0.1796875
2 0.6375 0.1953125 0.05 0.10625
2 0.6734375 0.34296875 0.0625 0.1484375
2 0.59375 0.046875 0.05625 0.09375
2 0.83359375 0.9515625 0.0609375 0.078125
