3 0.14765625 0.64375 0.2765625 0.1
2 0.1984375 0.20234375 0.08125 0.1203125
3 0.74140625 0.53828125 0.1609375 0.0640625
3 0.5296875 0.28203125 0.21875 0.1234375
3 0.26953125 0.3078125 0.2234375 0.059375
3 0.534375 0.171875 0.196875 0.046875
3 0.33984375 0.10546875 0.1671875 0.0546875
2 0.2640625 0.05234375 0.071875 0.0984375
2 0.10703125 0.33984375 0.0890625 0.1421875
2 0.0390625 0.484375 0.075 0.121875
2 0.43671875 0.05078125 0.0390625 0.0828125
2 0.6 0.0546875 0.03125 0.09375
2 0.625 0.13125 0.034375 0.040625
2 0.646875 0.2296875 0.04375 0.084375
2 0.690625 0.35 0.05625 0.10625
