3 0.4046875 0.065625 0.321875 0.05
3 0.18046875 0.44296875 0.2296875 0.0546875
2 0.18203125 0.184375 0.0953125 0.1375
2 0.08359375 0.33515625 0.0859375 0.1203125
2 0.1296875 0.5890625 0.109375 0.1875
2 0.06640625 0.76484375 0.0890625 0.1078125
2 0.2875 0.18515625 0.084375 0.1296875
3 0.85078125 0.79375 0.1328125 0.059375
1 0.5296875 0.440625 0.19375 0.275
1 0.5546875 0.79375 0.30625 0.371875
1 0.51875 0.20234375 0.128125 0.1765625
2 0.60390625 0.08125 0.0359375 0.13125
2 0.653125 0.23984375 0.0625 0.1453125
2 0.69453125 0.41015625 0.0671875 0.1484375
2 0.734375 0.58046875 0.065625 0.1484375
