3 0.2453125 0.30859375 0.278125 0.0765625
3 0.321875 0.1828125 0.1875 0.10625
3 0.13046875 0.553125 0.2078125 0.053125
3 0.15625 0.76953125 0.2375 0.0796875
2 0.38828125 0.5359375 0.0515625 0.20625
2 0.4265625 0.18203125 0.04375 0.0859375
2 0.4359375 0.0921875 0.05 0.040625
3 0.184375 0.4015625 0.115625 0.065625
3 0.34609375 0.07578125 0.1296875 0.0484375
2 0.0578125 0.45859375 0.096875 0.1578125
2 0.18671875 0.2171875 0.0671875 0.096875
2 0.253125 0.11484375 0.046875 0.0671875
2 0.2984375 0.025 0.046875 0.040625
