3 0.17734375 0.40078125 0.3421875 0.0671875
3 0.66171875 0.340625 0.1734375 0.065625
3 0.17421875 0.77734375 0.2734375 0.0859375
2 0.15546875 0.2359375 0.0984375 0.184375
2 0.2375 0.096875 0.10625 0.103125
3 0.51171875 0.10859375 0.1546875 0.0546875
2 0.590625 0.046875 0.05 0.075
2 0.628125 0.1671875 0.05625 0.121875
2 0.66484375 0.27421875 0.0359375 0.0828125
2 0.70546875 0.4171875 0.0453125 0.109375
2 0.7453125 0.5703125 0.059375 0.15
2 0.39609375 0.25703125 0.0640625 0.2234375
2 0.42109375 0.07734375 0.0328125 0.1171875
