1 0.35859375 0.684375 0.5671875 0.41875
3 0.8046875 0.45703125 0.059375 0.0484375
3 0.86484375 0.71953125 0.0828125 0.0453125
2 0.3078125 0.05859375 0.046875 0.1015625
2 0.23515625 0.16953125 0.0546875 0.0890625
2 0.16328125 0.28828125 0.0828125 0.1203125
2 0.06015625 0.45390625 0.0984375 0.1546875
2 0.62890625 0.0625 0.0390625 0.1125
2 0.66328125 0.20703125 0.0546875 0.1171875
2 0.69921875 0.3640625 0.0640625 0.13125
2 0.77734375 0.5546875 0.0890625 0.14375
2 0.815625 0.75703125 0.05625 0.1609375
2 0.865625 0.91328125 0.05 0.1140625
2 0.425 0.22421875 0.065625 0.1765625
2 0.53203125 0.103125 0.0296875 0.0875
