2 0.690625 0.64453125 0.15 0.6234375
2 0.27734375 0.15703125 0.0765625 0.0953125
2 0.16328125 0.334375 0.1015625 0.153125
2 0.0703125 0.52578125 0.08125 0.1734375
3 0.890625 0.65078125 0.075 0.0265625
2 0.6 0.1234375 0.04375 0.109375
3 0.5640625 0.228125 0.209375 0.0625
3 0.32421875 0.259375 0.1890625 0.046875
2 0.6515625 0.06171875 0.05 0.0984375
2 0.6890625 0.1703125 0.040625 0.096875
2 0.72578125 0.30234375 0.0359375 0.0953125
2 0.771875 0.44296875 0.05 0.1203125
2 0.81328125 0.59375 0.0640625 0.153125
2 0.8578125 0.7515625 0.059375 0.125
2 0.89296875 0.89609375 0.0796875 0.1296875
