3 0.4296875 0.0390625 0.29375 0.0375
2 0.11328125 0.3015625 0.0765625 0.13125
2 0.0453125 0.41015625 0.053125 0.1015625
2 0.23203125 0.11875 0.0734375 0.134375
3 0.76640625 0.5515625 0.1421875 0.053125
3 0.64921875 0.228125 0.0796875 0.065625
3 0.66171875 0.3046875 0.1296875 0.065625
3 0.496875 0.6375 0.334375 0.09375
3 0.16796875 0.5234375 0.3140625 0.075
3 0.05703125 0.63046875 0.1046875 0.0734375
3 0.1375 0.778125 0.2625 0.11875
3 0.4953125 0.36875 0.221875 0.046875
3 0.278125 0.2546875 0.209375 0.059375
3 0.31015625 0.1703125 0.1765625 0.05625
3 0.50234375 0.1671875 0.1703125 0.0875
3 0.4921875 0.28203125 0.171875 0.0890625
2 0.3609375 0.49375 0.0875 0.190625
2 0.28828125 0.8671875 0.0890625 0.196875
2 0.6015625 0.07109375 0.034375 0.1015625
