1 0.58828125 0.1484375 0.0953125 0.190625
2 0.3796875 0.52421875 0.109375 0.2515625
2 0.43984375 0.07421875 0.0640625 0.0984375
2 0.403125 0.2328125 0.040625 0.1375
2 0.28046875 0.08515625 0.1203125 0.1140625
2 0.1953125 0.2109375 0.06875 0.084375
2 0.0921875 0.39765625 0.065625 0.1296875
2 0.0296875 0.4875 0.021875 0.071875
3 0.8765625 0.846875 0.096875 0.065625
3 0.26484375 0.31171875 0.1984375 0.0859375
3 0.54765625 0.28984375 0.1265625 0.0359375
2 0.61796875 0.06640625 0.0515625 0.0703125
2 0.6578125 0.17890625 0.05 0.1078125
2 0.675 0.29609375 0.040625 0.0578125
2 0.69453125 0.40234375 0.0609375 0.1171875
2 0.73203125 0.5515625 0.0609375 0.165625
2 0.77265625 0.725 0.0828125 0.146875
