3 0.35234375 0.0890625 0.1453125 0.065625
2 0.41484375 0.22421875 0.0515625 0.1796875
3 0.65859375 0.3203125 0.1734375 0.071875
3 0.1734375 0.45390625 0.315625 0.0609375
2 0.75546875 0.59609375 0.0703125 0.1921875
2 0.8078125 0.76328125 0.05625 0.1234375
2 0.65 0.21953125 0.034375 0.1109375
2 0.6265625 0.09921875 0.040625 0.1140625
2 0.2453125 0.10078125 0.059375 0.0953125
2 0.1796875 0.2328125 0.065625 0.109375
2 0.09765625 0.38359375 0.0890625 0.1109375
2 0.02265625 0.50078125 0.0390625 0.0546875
