3 0.29140625 0.12421875 0.2015625 0.0609375
3 0.1765625 0.671875 0.296875 0.11875
3 0.4125 0.04609375 0.334375 0.0671875
2 0.0625 0.3859375 0.0875 0.115625
2 0.14296875 0.22734375 0.0515625 0.1015625
2 0.2203125 0.1140625 0.075 0.084375
3 0.7609375 0.51328125 0.078125 0.0421875
3 0.51484375 0.24609375 0.2265625 0.1015625
3 0.2828125 0.2046875 0.1875 0.06875
3 0.228125 0.296875 0.184375 0.065625
2 0.59375 0.06953125 0.05 0.0921875
2 0.63359375 0.17734375 0.0484375 0.1078125
2 0.6625 0.3125 0.053125 0.121875
