2 0.13828125 0.3109375 0.0953125 0.175
2 0.2171875 0.12265625 0.10625 0.0890625
3 0.1671875 0.67265625 0.290625 0.1203125
3 0.76171875 0.55078125 0.1359375 0.0640625
3 0.5125 0.19765625 0.18125 0.0703125
3 0.30703125 0.18671875 0.1890625 0.0421875
3 0.51328125 0.0671875 0.1421875 0.053125
3 0.35 0.084375 0.140625 0.065625
2 0.38515625 0.2859375 0.0828125 0.15
2 0.4296875 0.08359375 0.03125 0.1484375
2 0.60625 0.05546875 0.05 0.0921875
2 0.64296875 0.1921875 0.0421875 0.140625
2 0.690625 0.36796875 0.071875 0.1578125
2 0.784375 0.7109375 0.084375 0.209375
