3 0.25703125 0.2890625 0.2828125 0.08125
3 0.36953125 0.08828125 0.1671875 0.0328125
3 0.8078125 0.65546875 0.090625 0.0390625
3 0.5328125 0.190625 0.2 0.059375
3 0.315625 0.19296875 0.1875 0.0359375
3 0.171875 0.18203125 0.034375 0.0171875
3 0.68046875 0.15703125 0.0453125 0.0265625
2 0.325 0.5171875 0.184375 0.35625
2 0.065625 0.41015625 0.09375 0.1828125
2 0.2515625 0.11953125 0.059375 0.0828125
2 0.31015625 0.0375 0.0578125 0.06875
2 0.625 0.07734375 0.05 0.1296875
2 0.6703125 0.3015625 0.04375 0.1875
2 0.72421875 0.5171875 0.0609375 0.21875
2 0.78359375 0.7734375 0.0703125 0.21875
