3 0.51953125 0.14765625 0.2765625 0.0640625
3 0.184375 0.56328125 0.21875 0.0703125
2 0.296875 0.79609375 0.09375 0.2453125
2 0.02421875 0.47578125 0.0359375 0.0609375
2 0.09765625 0.32421875 0.0703125 0.0828125
2 0.21328125 0.13671875 0.1015625 0.1109375
3 0.86171875 0.7734375 0.1171875 0.046875
3 0.35234375 0.03828125 0.1328125 0.0671875
3 0.5125 0.4265625 0.2625 0.090625
3 0.18671875 0.421875 0.2203125 0.065625
3 0.52890625 0.2921875 0.2359375 0.08125
3 0.26328125 0.25390625 0.1984375 0.0609375
2 0.37109375 0.35546875 0.0609375 0.1171875
2 0.58515625 0.053125 0.0453125 0.1
2 0.64140625 0.21953125 0.0640625 0.1140625
2 0.68203125 0.35859375 0.0390625 0.1234375
2 0.72890625 0.5515625 0.0515625 0.165625
