3 0.20234375 0.5375 0.2703125 0.15
2 0.14140625 0.7734375 0.1328125 0.265625
3 0.5359375 0.2640625 0.20625 0.096875
3 0.2390625 0.33125 0.2 0.075
3 0.19140625 0.3984375 0.1515625 0.071875
3 0.5203125 0.09375 0.1625 0.04375
3 0.34296875 0.1078125 0.1515625 0.059375
2 0.39765625 0.284375 0.0734375 0.25625
2 0.20859375 0.203125 0.0953125 0.15625
2 0.0859375 0.384375 0.0875 0.146875
2 0.64296875 0.078125 0.0421875 0.121875
2 0.6828125 0.26484375 0.04375 0.1765625
2 0.7328125 0.484375 0.06875 0.190625
2 0.79140625 0.7109375 0.0921875 0.203125
2 0.84765625 0.9125 0.0640625 0.159375
