3 0.5546875 0.271875 0.25 0.140625
3 0.4453125 0.03984375 0.2875 0.0609375
2 0.08671875 0.46875 0.0984375 0.221875
2 0.22578125 0.19375 0.1359375 0.2
3 0.18125 0.540625 0.225 0.09375
3 0.07265625 0.31015625 0.1296875 0.0421875
2 0.86640625 0.7296875 0.0734375 0.125
2 0.8125 0.59921875 0.0625 0.1171875
2 0.75703125 0.45703125 0.0640625 0.1296875
2 0.71484375 0.35078125 0.0515625 0.1265625
2 0.91328125 0.88984375 0.0828125 0.1484375
2 0.628125 0.12265625 0.05 0.0890625
2 0.4296875 0.14296875 0.08125 0.0921875
