3 0.3703125 0.09453125 0.103125 0.0359375
2 0.41640625 0.2234375 0.0953125 0.271875
3 0.18203125 0.37578125 0.2796875 0.0953125
3 0.653125 0.33984375 0.153125 0.0609375
3 0.8171875 0.7078125 0.090625 0.06875
3 0.078125 0.88203125 0.13125 0.1078125
2 0.2703125 0.08125 0.071875 0.121875
2 0.175 0.23984375 0.11875 0.1734375
2 0.62734375 0.0828125 0.0609375 0.140625
2 0.65625 0.24609375 0.071875 0.1203125
2 0.7203125 0.47734375 0.05 0.1796875
2 0.7453125 0.63515625 0.03125 0.0828125
2 0.04375 0.45390625 0.06875 0.1046875
