3 0.190625 0.42578125 0.29375 0.0515625
3 0.1640625 0.65546875 0.29375 0.1265625
2 0.4265625 0.10703125 0.0875 0.1734375
2 0.25390625 0.121875 0.0921875 0.134375
2 0.115625 0.32109375 0.090625 0.1171875
2 0.33203125 0.5421875 0.0671875 0.103125
3 0.8046875 0.62109375 0.078125 0.0359375
3 0.72421875 0.39765625 0.0515625 0.0578125
3 0.5078125 0.2265625 0.196875 0.078125
3 0.27578125 0.2453125 0.1640625 0.059375
2 0.36953125 0.38984375 0.0640625 0.1484375
2 0.25859375 0.85625 0.0953125 0.209375
2 0.62265625 0.09140625 0.0390625 0.1421875
2 0.6609375 0.25703125 0.0625 0.1421875
2 0.69765625 0.52421875 0.0890625 0.1453125
2 0.76171875 0.75234375 0.0671875 0.1953125
