3 0.17265625 0.425 0.2359375 0.059375
3 0.49140625 0.921875 0.5671875 0.0375
2 0.36640625 0.30390625 0.0953125 0.3109375
2 0.28359375 0.6796875 0.1109375 0.3875
3 0.646875 0.325 0.125 0.06875
3 0.79765625 0.746875 0.1140625 0.084375
3 0.50390625 0.115625 0.1421875 0.05
3 0.3171875 0.09296875 0.15625 0.0703125
2 0.58359375 0.04765625 0.0421875 0.0765625
2 0.6140625 0.18046875 0.05 0.1421875
2 0.66796875 0.440625 0.0546875 0.16875
2 0.196875 0.15546875 0.065625 0.1046875
2 0.1328125 0.26875 0.08125 0.084375
2 0.06015625 0.37421875 0.0703125 0.0796875
2 0.26171875 0.040625 0.0546875 0.065625
