3 0.215625 0.37890625 0.296875 0.0453125
3 0.30078125 0.153125 0.2109375 0.040625
2 0.353125 0.5421875 0.109375 0.246875
2 0.29453125 0.85078125 0.0984375 0.2078125
2 0.39453125 0.26875 0.0671875 0.165625
2 0.42265625 0.071875 0.0421875 0.09375
3 0.67890625 0.35 0.1265625 0.05
3 0.78046875 0.59296875 0.1140625 0.0203125
3 0.53125 0.6734375 0.3375 0.06875
3 0.15546875 0.74140625 0.2734375 0.1109375
2 0.14453125 0.25703125 0.0953125 0.1359375
2 0.2453125 0.07890625 0.059375 0.0859375
2 0.034375 0.44921875 0.046875 0.1078125
