2 0.64609375 0.55546875 0.1390625 0.5015625
2 0.5734375 0.04296875 0.04375 0.0796875
3 0.171875 0.40625 0.2 0.1
2 0.38984375 0.396875 0.1171875 0.2625
2 0.1609375 0.290625 0.084375 0.1
2 0.05 0.4984375 0.06875 0.115625
2 0.31015625 0.07265625 0.0765625 0.0796875
3 0.8859375 0.79921875 0.096875 0.0421875
3 0.30546875 0.2359375 0.1671875 0.040625
3 0.55703125 0.21875 0.1796875 0.053125
3 0.35390625 0.134375 0.1765625 0.059375
3 0.5421875 0.1234375 0.15625 0.025
2 0.234375 0.15390625 0.046875 0.0890625
2 0.63046875 0.06328125 0.0421875 0.1078125
2 0.65 0.16328125 0.03125 0.0796875
2 0.6921875 0.26328125 0.0375 0.0734375
2 0.72578125 0.4015625 0.0671875 0.153125
2 0.771875 0.56640625 0.078125 0.1328125
2 0.80625 0.725 0.05 0.14375
2 0.85078125 0.903125 0.0765625 0.153125
