3 0.23046875 0.353125 0.3515625 0.075
3 0.18515625 0.53359375 0.3328125 0.0890625
2 0.1390625 0.26875 0.0625 0.10625
2 0.059375 0.4203125 0.09375 0.1375
2 0.22734375 0.13828125 0.0828125 0.1140625
2 0.27265625 0.06015625 0.0546875 0.0578125
3 0.10859375 0.83828125 0.1515625 0.0953125
3 0.51484375 0.1953125 0.2046875 0.08125
3 0.29140625 0.1921875 0.1890625 0.075
3 0.4984375 0.0296875 0.13125 0.0375
3 0.346875 0.0296875 0.14375 0.034375
3 0.33984375 0.0875 0.1421875 0.05
2 0.6015625 0.0734375 0.04375 0.1125
2 0.6453125 0.240625 0.034375 0.115625
2 0.68125 0.37109375 0.05625 0.1046875
2 0.73671875 0.54375 0.0515625 0.13125
2 0.78125 0.71015625 0.071875 0.1609375
