3 0.83515625 0.6546875 0.0640625 0.06875
3 0.7859375 0.4890625 0.05 0.096875
3 0.72734375 0.3203125 0.0578125 0.028125
2 0.2828125 0.0609375 0.0625 0.109375
2 0.20546875 0.1921875 0.0609375 0.1
2 0.115625 0.3328125 0.0875 0.11875
2 0.03828125 0.475 0.0609375 0.1125
2 0.63828125 0.0609375 0.0546875 0.1
2 0.66484375 0.21328125 0.0546875 0.1109375
2 0.69765625 0.37265625 0.0421875 0.1046875
2 0.734375 0.50390625 0.075 0.1359375
2 0.809375 0.70703125 0.08125 0.1796875
2 0.86640625 0.89453125 0.0765625 0.1390625
