3 0.2578125 0.328125 0.334375 0.040625
3 0.2078125 0.4765625 0.309375 0.059375
3 0.159375 0.72734375 0.26875 0.1109375
3 0.8015625 0.50859375 0.071875 0.0390625
3 0.24609375 0.2296875 0.1734375 0.04375
3 0.54296875 0.2515625 0.2234375 0.059375
3 0.54296875 0.18125 0.1859375 0.078125
3 0.71796875 0.221875 0.0546875 0.03125
3 0.53515625 0.0453125 0.1328125 0.040625
3 0.3609375 0.06796875 0.18125 0.0703125
2 0.2390625 0.1484375 0.08125 0.125
2 0.16171875 0.26875 0.0484375 0.065625
2 0.06640625 0.4171875 0.1265625 0.19375
2 0.41796875 0.23046875 0.0765625 0.2515625
2 0.64375 0.09609375 0.034375 0.1546875
2 0.67578125 0.29609375 0.0578125 0.1640625
2 0.7453125 0.53125 0.0625 0.153125
2 0.80234375 0.73828125 0.0734375 0.2109375
