3 0.20078125 0.6328125 0.2765625 0.09375
3 0.19921875 0.390625 0.2765625 0.06875
3 0.51953125 0.153125 0.1578125 0.071875
2 0.23828125 0.1171875 0.0734375 0.121875
2 0.16171875 0.2203125 0.0734375 0.1
2 0.10234375 0.33828125 0.0734375 0.0921875
2 0.0453125 0.47109375 0.078125 0.1140625
3 0.76484375 0.56875 0.1421875 0.05625
3 0.55078125 0.27421875 0.1390625 0.0703125
3 0.26640625 0.29453125 0.2109375 0.0953125
2 0.590625 0.06171875 0.05 0.1015625
2 0.64296875 0.1953125 0.0515625 0.1
2 0.66796875 0.334375 0.0578125 0.15
2 0.73046875 0.49921875 0.0453125 0.0859375
2 0.78203125 0.69453125 0.0796875 0.1859375
2 0.83046875 0.875 0.0734375 0.15625
