3 0.528125 0.746875 0.409375 0.0875
2 0.2296875 0.12109375 0.121875 0.1546875
2 0.12265625 0.321875 0.1265625 0.175
2 0.39921875 0.36796875 0.0921875 0.2484375
2 0.4296875 0.08671875 0.046875 0.1046875
2 0.03046875 0.49609375 0.0421875 0.0734375
3 0.81328125 0.6265625 0.1140625 0.034375
3 0.53125 0.1859375 0.221875 0.05625
3 0.303125 0.20234375 0.190625 0.0515625
3 0.16796875 0.575 0.3078125 0.075
3 0.63984375 0.3515625 0.1921875 0.059375
2 0.35234375 0.62734375 0.0671875 0.1484375
2 0.29921875 0.90390625 0.1046875 0.1671875
2 0.5984375 0.08515625 0.065625 0.1203125
2 0.6515625 0.2375 0.05 0.11875
2 0.70234375 0.421875 0.0578125 0.1375
2 0.74609375 0.5609375 0.0671875 0.1125
2 0.784375 0.7328125 0.0625 0.125
