3 0.15703125 0.48046875 0.3046875 0.0828125
3 0.1484375 0.80859375 0.23125 0.0953125
3 0.4109375 0.0546875 0.303125 0.08125
3 0.2703125 0.146875 0.203125 0.05
2 0.3453125 0.37890625 0.059375 0.1109375
2 0.2953125 0.646875 0.096875 0.25
2 0.4015625 0.17265625 0.059375 0.1265625
3 0.678125 0.35078125 0.090625 0.0578125
3 0.74453125 0.59921875 0.0796875 0.0515625
3 0.50703125 0.25234375 0.1984375 0.0703125
3 0.2453125 0.28671875 0.240625 0.0453125
2 0.05546875 0.36015625 0.0671875 0.1109375
2 0.1578125 0.21328125 0.06875 0.0734375
