2 0.41640625 0.19453125 0.0796875 0.2453125
2 0.2078125 0.16640625 0.11875 0.1828125
3 0.88984375 0.82421875 0.1171875 0.0609375
3 0.5703125 0.284375 0.15 0.04375
3 0.26875 0.31484375 0.196875 0.0703125
2 0.1140625 0.32734375 0.084375 0.0953125
2 0.046875 0.4515625 0.0625 0.1125
2 0.446875 0.03984375 0.084375 0.0453125
2 0.596875 0.06796875 0.0375 0.0953125
2 0.6421875 0.19296875 0.040625 0.1078125
2 0.6953125 0.346875 0.06875 0.13125
2 0.73203125 0.49453125 0.0734375 0.1234375
2 0.7765625 0.6484375 0.071875 0.146875
2 0.8140625 0.7890625 0.034375 0.078125
