3 0.4453125 0.45546875 0.240625 0.0671875
3 0.309375 0.1375 0.15 0.034375
3 0.25703125 0.23046875 0.1734375 0.0546875
2 0.4171875 0.7484375 0.146875 0.471875
2 0.48359375 0.1546875 0.0953125 0.290625
3 0.83515625 0.76796875 0.1484375 0.0703125
2 0.2453125 0.69609375 0.06875 0.1953125
2 0.3390625 0.34609375 0.065625 0.2265625
1 0.17578125 0.5515625 0.1390625 0.2875
0 0.73515625 0.87109375 0.1296875 0.1984375
0 0.6828125 0.64765625 0.1 0.1640625
0 0.65859375 0.42734375 0.1296875 0.1796875
0 0.60078125 0.253125 0.0765625 0.175
