1 0.48671875 0.184375 0.1203125 0.25
1 0.475 0.51328125 0.21875 0.3609375
1 0.51015625 0.8375 0.1953125 0.26875
1 0.13671875 0.68359375 0.2078125 0.3453125
1 0.2390625 0.384375 0.184375 0.259375
1 0.3265625 0.1328125 0.10625 0.159375
3 0.82109375 0.66171875 0.1359375 0.0546875
3 0.78046875 0.4546875 0.1109375 0.078125
2 0.28203125 0.6421875 0.0671875 0.221875
3 0.70078125 0.28828125 0.0890625 0.0734375
0 0.7953125 0.8546875 0.159375 0.26875
0 0.71328125 0.609375 0.0859375 0.2125
0 0.6578125 0.384375 0.0625 0.1875
0 0.60078125 0.20234375 0.0828125 0.1828125
