0 0.7953125 0.4640625 0.225 0.359375
1 0.11484375 0.76328125 0.1859375 0.3984375
1 0.2546875 0.334375 0.196875 0.40625
2 0.48828125 0.43671875 0.0609375 0.8328125
2 0.275 0.63828125 0.115625 0.3046875
2 0.375 0.18359375 0.08125 0.2671875
2 0.18984375 0.90546875 0.0546875 0.1796875
0 0.7546875 0.70859375 0.096875 0.0890625
0 0.8609375 0.8671875 0.228125 0.18125
0 0.62578125 0.30546875 0.0953125 0.1421875
0 0.59296875 0.1765625 0.0765625 0.09375
2 0.06953125 0.38515625 0.0984375 0.1578125
2 0.14765625 0.23828125 0.0734375 0.1234375
2 0.24453125 0.10078125 0.0578125 0.0703125
