1 0.23203125 0.30234375 0.2515625 0.2703125
1 0.13828125 0.653125 0.2109375 0.41875
1 0.49609375 0.41328125 0.1890625 0.2890625
1 0.50859375 0.76171875 0.2484375 0.3765625
3 0.8015625 0.6296875 0.153125 0.078125
3 0.7265625 0.44921875 0.109375 0.0953125
3 0.7 0.290625 0.121875 0.053125
2 0.25703125 0.64921875 0.0859375 0.2953125
2 0.36328125 0.2796875 0.0859375 0.24375
2 0.39375 0.0890625 0.05625 0.146875
0 0.74609375 0.890625 0.1203125 0.134375
0 0.71328125 0.696875 0.1296875 0.2
0 0.6734375 0.4921875 0.1 0.15
0 0.63203125 0.33515625 0.0703125 0.0953125
