3 0.4328125 0.86171875 0.475 0.1328125
3 0.15 0.68671875 0.225 0.0671875
3 0.47890625 0.49609375 0.2515625 0.0484375
1 0.159375 0.49609375 0.175 0.2609375
1 0.27265625 0.24453125 0.1609375 0.2234375
1 0.45859375 0.225 0.1140625 0.284375
2 0.27265625 0.59296875 0.0453125 0.1546875
2 0.3703125 0.2140625 0.078125 0.278125
3 0.70234375 0.46796875 0.2203125 0.0984375
3 0.84765625 0.65859375 0.1140625 0.0515625
1 0.0890625 0.83359375 0.1375 0.1921875
3 0.9140625 0.9203125 0.1375 0.06875
2 0.64609375 0.65859375 0.0609375 0.2484375
2 0.6984375 0.93046875 0.065625 0.0921875
2 0.5875 0.3140625 0.04375 0.165625
2 0.559375 0.15703125 0.0375 0.1390625
2 0.44296875 0.64296875 0.0609375 0.1859375
