2 0.33125 0.17734375 0.096875 0.2796875
2 0.23203125 0.54609375 0.1359375 0.3671875
2 0.125 0.87265625 0.075 0.1765625
2 0.5421875 0.5 0.15625 0.909375
2 0.40859375 0.16953125 0.0484375 0.2171875
2 0.2640625 0.8875 0.078125 0.2
2 0.3421875 0.44296875 0.05 0.1171875
0 0.88046875 0.60234375 0.2046875 0.2890625
0 0.85 0.88515625 0.134375 0.1703125
0 0.7171875 0.540625 0.096875 0.196875
0 0.75546875 0.7015625 0.0890625 0.0875
0 0.671875 0.353125 0.065625 0.096875
0 0.634375 0.22890625 0.075 0.0953125
2 0.06171875 0.42578125 0.0984375 0.1546875
2 0.15703125 0.28203125 0.0703125 0.1296875
2 0.225 0.1578125 0.06875 0.128125
