1 0.44140625 0.4734375 0.1859375 0.234375
3 0.72734375 0.4765625 0.1484375 0.08125
3 0.80625 0.66796875 0.175 0.1015625
2 0.4390625 0.72890625 0.06875 0.1921875
2 0.478125 0.1765625 0.059375 0.240625
2 0.23125 0.646875 0.128125 0.35625
2 0.35703125 0.23125 0.0640625 0.190625
0 0.74375 0.83671875 0.115625 0.1359375
0 0.77578125 0.94453125 0.1171875 0.0546875
0 0.928125 0.853125 0.090625 0.109375
0 0.64921875 0.571875 0.0859375 0.153125
0 0.59921875 0.28515625 0.0828125 0.1984375
2 0.0921875 0.7109375 0.1125 0.196875
2 0.20078125 0.44609375 0.1140625 0.2109375
2 0.265625 0.23984375 0.090625 0.1703125
