3 0.1578125 0.459375 0.25625 0.0625
3 0.85625 0.70859375 0.253125 0.0328125
1 0.459375 0.21796875 0.134375 0.2765625
1 0.45234375 0.678125 0.2140625 0.584375
3 0.73515625 0.4125 0.1421875 0.065625
2 0.1125 0.6921875 0.153125 0.321875
2 0.58203125 0.23828125 0.0703125 0.2671875
2 0.2796875 0.5421875 0.06875 0.125
2 0.33359375 0.3171875 0.0640625 0.14375
2 0.64765625 0.4984375 0.0421875 0.175
2 0.68515625 0.6953125 0.0359375 0.159375
0 0.746875 0.82578125 0.096875 0.0796875
0 0.78046875 0.928125 0.1078125 0.096875
1 0.07109375 0.9140625 0.1328125 0.090625
