2 0.47578125 0.58984375 0.1109375 0.5984375
2 0.48515625 0.128125 0.0703125 0.234375
3 0.29453125 0.20390625 0.1796875 0.0671875
3 0.21328125 0.378125 0.2078125 0.04375
3 0.1234375 0.75078125 0.2125 0.1171875
3 0.83515625 0.6359375 0.2390625 0.096875
2 0.05390625 0.87109375 0.0859375 0.1484375
2 0.74375 0.87578125 0.078125 0.2015625
2 0.59296875 0.25390625 0.0484375 0.2296875
2 0.64921875 0.4359375 0.0609375 0.1
2 0.27265625 0.6078125 0.0671875 0.24375
2 0.346875 0.34453125 0.04375 0.1140625
2 0.40078125 0.0921875 0.0484375 0.146875
0 0.68203125 0.56640625 0.0734375 0.1515625
0 0.71015625 0.68984375 0.0453125 0.0859375
