1 0.459375 0.80234375 0.359375 0.3609375
1 0.46953125 0.4984375 0.2765625 0.25
1 0.49921875 0.25234375 0.1984375 0.2140625
1 0.50625 0.06484375 0.134375 0.1109375
1 0.2921875 0.16484375 0.18125 0.1359375
1 0.23046875 0.31953125 0.2109375 0.1390625
1 0.15390625 0.471875 0.2265625 0.159375
1 0.11796875 0.63671875 0.1984375 0.1734375
2 0.190625 0.846875 0.09375 0.234375
2 0.26484375 0.58984375 0.0859375 0.1921875
2 0.3359375 0.36640625 0.065625 0.1703125
2 0.39375 0.175 0.0625 0.14375
2 0.434375 0.05 0.034375 0.078125
