1 0.4953125 0.7921875 0.346875 0.384375
1 0.515625 0.4515625 0.24375 0.271875
1 0.51796875 0.21171875 0.1640625 0.1703125
1 0.51796875 0.0515625 0.1140625 0.096875
1 0.3453125 0.11953125 0.13125 0.1328125
1 0.2578125 0.2828125 0.16875 0.146875
1 0.21328125 0.440625 0.2234375 0.1375
1 0.14921875 0.6 0.2265625 0.140625
1 0.11328125 0.81328125 0.1890625 0.1921875
2 0.26328125 0.83515625 0.0953125 0.2765625
2 0.3359375 0.5546875 0.059375 0.15625
2 0.3953125 0.2859375 0.05625 0.1625
2 0.4296875 0.134375 0.0375 0.11875
