1 0.49765625 0.071875 0.1234375 0.090625
1 0.4671875 0.534375 0.271875 0.359375
1 0.421875 0.8640625 0.41875 0.2625
1 0.48515625 0.23203125 0.1859375 0.1953125
1 0.23203125 0.29609375 0.1484375 0.1390625
1 0.16015625 0.4359375 0.2109375 0.15
1 0.11328125 0.63515625 0.1953125 0.1640625
2 0.16171875 0.85234375 0.0578125 0.2140625
2 0.2578125 0.59453125 0.078125 0.1890625
2 0.309375 0.40859375 0.06875 0.1296875
2 0.35078125 0.27890625 0.0515625 0.0984375
2 0.38984375 0.153125 0.0484375 0.11875
2 0.415625 0.065625 0.046875 0.1
