1 0.50859375 0.15390625 0.1390625 0.2515625
1 0.17890625 0.446875 0.2171875 0.24375
1 0.31015625 0.20625 0.1109375 0.2
1 0.0890625 0.77734375 0.178125 0.2015625
3 0.671875 0.28203125 0.128125 0.0984375
2 0.61953125 0.43046875 0.0609375 0.2515625
2 0.6390625 0.68046875 0.0625 0.1984375
2 0.65546875 0.87421875 0.0734375 0.1796875
2 0.5953125 0.20546875 0.040625 0.1578125
2 0.35546875 0.3703125 0.0734375 0.16875
2 0.29609375 0.5765625 0.0484375 0.21875
2 0.22578125 0.82890625 0.0859375 0.2453125
2 0.396875 0.20546875 0.040625 0.1078125
2 0.421875 0.07421875 0.046875 0.0921875
