1 0.53125 0.1359375 0.140625 0.1625
1 0.3671875 0.18046875 0.134375 0.1703125
1 0.55390625 0.378125 0.1703125 0.3125
1 0.534375 0.76171875 0.328125 0.4421875
1 0.2875 0.40546875 0.203125 0.2109375
3 0.6578125 0.234375 0.08125 0.0375
2 0.33046875 0.66640625 0.0578125 0.2296875
2 0.27890625 0.890625 0.0984375 0.1875
2 0.39453125 0.4125 0.0890625 0.23125
2 0.434375 0.19921875 0.0625 0.1734375
2 0.46640625 0.04375 0.0359375 0.075
2 0.75546875 0.88359375 0.0578125 0.1609375
2 0.6734375 0.40078125 0.05625 0.1578125
