3 0.3546875 0.2203125 0.35625 0.075
3 0.39375 0.8390625 0.40625 0.134375
2 0.63359375 0.62421875 0.1390625 0.6609375
2 0.5859375 0.1375 0.096875 0.275
2 0.32578125 0.309375 0.0984375 0.09375
2 0.4015625 0.10703125 0.075 0.1015625
2 0.28203125 0.44375 0.0640625 0.0875
2 0.20625 0.70859375 0.071875 0.1390625
3 0.1375 0.37578125 0.25625 0.0796875
3 0.7140625 0.8484375 0.1 0.040625
3 0.6328125 0.32421875 0.090625 0.0390625
3 0.43046875 0.51640625 0.2296875 0.0671875
3 0.13828125 0.615625 0.2734375 0.078125
