3 0.38203125 0.1515625 0.3640625 0.071875
3 0.3546875 0.325 0.475 0.11875
3 0.36875 0.78046875 0.66875 0.1234375
3 0.25 0.50703125 0.2 0.0796875
3 0.63046875 0.13125 0.1109375 0.0625
2 0.2203125 0.9015625 0.08125 0.140625
2 0.41171875 0.0609375 0.0546875 0.0875
2 0.38203125 0.2171875 0.0640625 0.10625
3 0.11328125 0.153125 0.1390625 0.053125
3 0.8078125 0.625 0.2 0.0375
2 0.959375 0.71640625 0.059375 0.1046875
2 0.85234375 0.50390625 0.0859375 0.1296875
2 0.7796875 0.3703125 0.071875 0.1125
2 0.7296875 0.22421875 0.071875 0.1328125
