3 0.453125 0.2140625 0.390625 0.05625
3 0.4296875 0.0546875 0.53125 0.046875
3 0.721875 0.21328125 0.128125 0.0328125
3 0.03203125 0.1890625 0.0578125 0.0375
3 0.15625 0.20390625 0.14375 0.0328125
3 0.1109375 0.29765625 0.165625 0.0640625
3 0.20859375 0.546875 0.1265625 0.05
3 0.80859375 0.48046875 0.2609375 0.1765625
2 0.8734375 0.653125 0.1125 0.134375
2 0.92265625 0.81328125 0.1078125 0.1296875
2 0.7953125 0.659375 0.053125 0.153125
2 0.86015625 0.85859375 0.0796875 0.1984375
2 0.7046875 0.40234375 0.05 0.1671875
2 0.68125 0.28359375 0.065625 0.0609375
2 0.64296875 0.16484375 0.0390625 0.1046875
