3 0.2671875 0.36328125 0.421875 0.0640625
3 0.3734375 0.13671875 0.38125 0.0921875
3 0.425 0.68984375 0.390625 0.1109375
3 0.63828125 0.10546875 0.1109375 0.0578125
3 0.90234375 0.87734375 0.1171875 0.0828125
1 0.7 0.3015625 0.128125 0.215625
1 0.796875 0.54296875 0.225 0.2140625
1 0.8859375 0.73359375 0.18125 0.1390625
2 0.28828125 0.496875 0.0921875 0.196875
2 0.2171875 0.72109375 0.05 0.1578125
2 0.18046875 0.91640625 0.0546875 0.1578125
2 0.3890625 0.05390625 0.053125 0.1078125
2 0.5921875 0.2828125 0.071875 0.24375
