3 0.3578125 0.30859375 0.478125 0.1171875
3 0.41953125 0.16796875 0.3828125 0.0734375
3 0.4453125 0.56171875 0.234375 0.0828125
3 0.39375 0.06953125 0.321875 0.0640625
3 0.628125 0.0796875 0.134375 0.046875
3 0.05546875 0.2875 0.1015625 0.05
3 0.684375 0.26171875 0.13125 0.0640625
2 0.29609375 0.74765625 0.0703125 0.2421875
2 0.35234375 0.43359375 0.0484375 0.1015625
2 0.39140625 0.21953125 0.0640625 0.0734375
2 0.16328125 0.21015625 0.1015625 0.1484375
2 0.678125 0.51171875 0.06875 0.1515625
2 0.72421875 0.68125 0.0734375 0.11875
2 0.759375 0.8734375 0.071875 0.175
