3 0.26171875 0.38046875 0.1796875 0.0546875
3 0.74609375 0.34140625 0.1296875 0.0671875
3 0.31640625 0.1796875 0.1921875 0.04375
3 0.35703125 0.075 0.1140625 0.0375
3 0.1078125 0.3703125 0.1375 0.059375
3 0.10390625 0.596875 0.1171875 0.090625
3 0.46796875 0.01015625 0.2109375 0.0171875
3 0.12421875 0.109375 0.1234375 0.01875
1 0.58359375 0.51171875 0.1671875 0.2484375
2 0.73515625 0.19296875 0.0984375 0.1640625
2 0.11640625 0.1859375 0.0828125 0.09375
2 0.74140625 0.45078125 0.0703125 0.1421875
2 0.8015625 0.62890625 0.075 0.1453125
2 0.8578125 0.78359375 0.059375 0.1265625
2 0.9125 0.91796875 0.065625 0.1109375
