3 0.17109375 0.478125 0.2703125 0.071875
3 0.390625 0.0515625 0.29375 0.0625
3 0.6453125 0.178125 0.1125 0.05
3 0.728125 0.43125 0.1375 0.059375
2 0.3734375 0.18203125 0.046875 0.1515625
2 0.31875 0.34765625 0.0625 0.1390625
2 0.259375 0.66171875 0.128125 0.2671875
3 0.18203125 0.065625 0.1078125 0.04375
3 0.6140625 0.04140625 0.071875 0.0390625
2 0.0484375 0.36640625 0.084375 0.1078125
2 0.1328125 0.2421875 0.053125 0.1125
2 0.1984375 0.1453125 0.05625 0.084375
2 0.71171875 0.84609375 0.0359375 0.1921875
