3 0.4765625 0.39765625 0.3 0.0453125
3 0.15078125 0.56875 0.2765625 0.0625
3 0.3328125 0.084375 0.4625 0.065625
3 0.75546875 0.46875 0.1703125 0.065625
3 0.60234375 0.06484375 0.1015625 0.0515625
2 0.35234375 0.27421875 0.1171875 0.2171875
2 0.2296875 0.75703125 0.146875 0.3140625
3 0.91015625 0.8796875 0.1609375 0.10625
3 0.64921875 0.21171875 0.1140625 0.0359375
2 0.3015625 0.5140625 0.05625 0.078125
2 0.39296875 0.1203125 0.0484375 0.05
2 0.41171875 0.0296875 0.0484375 0.028125
2 0.6890625 0.62421875 0.109375 0.2984375
