3 0.31484375 0.62734375 0.5734375 0.1421875
3 0.4046875 0.0796875 0.3 0.04375
2 0.31953125 0.3453125 0.1421875 0.484375
2 0.165625 0.87109375 0.1 0.2359375
3 0.71328125 0.12109375 0.3015625 0.0890625
3 0.78125 0.25703125 0.340625 0.0796875
3 0.79921875 0.5515625 0.2921875 0.115625
2 0.21015625 0.1234375 0.0703125 0.109375
2 0.12890625 0.26875 0.0765625 0.1375
2 0.0484375 0.40078125 0.071875 0.1046875
2 0.69453125 0.82578125 0.0671875 0.2453125
2 0.6328125 0.4125 0.0875 0.20625
2 0.5953125 0.21328125 0.078125 0.1046875
2 0.5796875 0.0640625 0.0625 0.096875
