3 0.49296875 0.5890625 0.3578125 0.078125
3 0.1421875 0.68203125 0.259375 0.0765625
3 0.153125 0.4046875 0.259375 0.05
3 0.4078125 0.21640625 0.303125 0.0671875
3 0.39609375 0.0921875 0.3296875 0.065625
2 0.3296875 0.44375 0.1 0.321875
3 0.82734375 0.69140625 0.1984375 0.0546875
3 0.7015625 0.4109375 0.190625 0.065625
3 0.69609375 0.21640625 0.1265625 0.0484375
3 0.634375 0.08515625 0.090625 0.0359375
2 0.4015625 0.04609375 0.05 0.0765625
2 0.5953125 0.23515625 0.053125 0.2109375
1 0.0984375 0.52109375 0.11875 0.1703125
