3 0.4578125 0.4390625 0.34375 0.0375
3 0.1625 0.584375 0.290625 0.115625
3 0.38671875 0.184375 0.4109375 0.05625
1 0.478125 0.30546875 0.175 0.1859375
1 0.4890625 0.07890625 0.10625 0.1359375
1 0.18515625 0.3796875 0.1515625 0.259375
2 0.26796875 0.79765625 0.1234375 0.2578125
2 0.38359375 0.09453125 0.0671875 0.1171875
3 0.67265625 0.265625 0.1640625 0.059375
3 0.7546875 0.4484375 0.15625 0.096875
3 0.83828125 0.703125 0.2453125 0.103125
2 0.36484375 0.24765625 0.0421875 0.0890625
2 0.51796875 0.71171875 0.0921875 0.4703125
2 0.30625 0.5140625 0.04375 0.090625
2 0.74296875 0.88203125 0.0640625 0.1796875
2 0.6859375 0.6125 0.06875 0.184375
