3 0.37421875 0.234375 0.4109375 0.09375
1 0.109375 0.80703125 0.1375 0.1734375
2 0.30234375 0.46015625 0.0796875 0.3078125
2 0.403125 0.06875 0.0625 0.128125
3 0.73671875 0.38671875 0.1109375 0.1078125
3 0.76640625 0.4921875 0.1703125 0.040625
3 0.846875 0.76484375 0.20625 0.1140625
3 0.67734375 0.18359375 0.1109375 0.0390625
1 0.50703125 0.8078125 0.3859375 0.2875
2 0.48046875 0.45546875 0.0609375 0.1796875
2 0.7671875 0.265625 0.05 0.10625
2 0.82578125 0.390625 0.0640625 0.1
2 0.903125 0.5515625 0.090625 0.15625
