3 0.4015625 0.16328125 0.384375 0.0640625
1 0.51484375 0.31171875 0.0953125 0.2484375
1 0.1703125 0.43671875 0.221875 0.3953125
2 0.3515625 0.34765625 0.06875 0.2640625
2 0.41640625 0.05078125 0.0671875 0.0828125
3 0.7453125 0.3640625 0.1625 0.05
3 0.88203125 0.73984375 0.1859375 0.0890625
3 0.6671875 0.16796875 0.084375 0.0421875
3 0.64296875 0.06484375 0.0703125 0.0390625
2 0.26328125 0.86796875 0.0859375 0.1859375
2 0.96171875 0.615625 0.0453125 0.08125
2 0.73203125 0.14453125 0.0546875 0.0953125
