3 0.3765625 0.14296875 0.375 0.0640625
3 0.42734375 0.86015625 0.3734375 0.1390625
1 0.0609375 0.6 0.08125 0.1875
1 0.12109375 0.86640625 0.1296875 0.1203125
2 0.334375 0.3234375 0.09375 0.259375
2 0.4109375 0.0546875 0.053125 0.103125
3 0.7484375 0.4046875 0.134375 0.04375
3 0.89453125 0.84296875 0.1359375 0.1140625
2 0.26328125 0.61328125 0.1296875 0.2015625
2 0.4859375 0.4640625 0.08125 0.178125
1 0.4921875 0.278125 0.134375 0.09375
2 0.68828125 0.0890625 0.0484375 0.128125
2 0.76953125 0.2671875 0.0921875 0.153125
2 0.85234375 0.43828125 0.0734375 0.1671875
2 0.9328125 0.61875 0.0875 0.14375
2 0.2109375 0.86796875 0.05625 0.2171875
