3 0.16015625 0.5109375 0.2203125 0.090625
3 0.3921875 0.13828125 0.38125 0.0515625
1 0.23984375 0.33671875 0.1390625 0.2296875
1 0.51015625 0.4140625 0.2609375 0.2375
1 0.5078125 0.7765625 0.146875 0.3375
1 0.090625 0.68515625 0.1625 0.2828125
2 0.3859375 0.121875 0.053125 0.14375
2 0.284375 0.59296875 0.065625 0.2828125
3 0.70546875 0.31015625 0.0765625 0.0828125
3 0.6515625 0.12578125 0.090625 0.0703125
3 0.8296875 0.621875 0.175 0.071875
2 0.36015625 0.36953125 0.1359375 0.7078125
2 0.2046875 0.8703125 0.084375 0.196875
2 0.81328125 0.3515625 0.0578125 0.09375
2 0.88203125 0.48515625 0.0703125 0.1421875
2 0.95859375 0.65390625 0.0484375 0.1078125
2 0.7421875 0.2046875 0.078125 0.15625
2 0.6796875 0.0609375 0.05 0.09375
