3 0.37109375 0.196875 0.4046875 0.05625
3 0.47265625 0.59296875 0.3578125 0.0578125
3 0.14609375 0.67421875 0.2765625 0.0640625
1 0.49375 0.3453125 0.134375 0.178125
1 0.171875 0.396875 0.171875 0.2375
1 0.58828125 0.80390625 0.2765625 0.2390625
2 0.39140625 0.1234375 0.0703125 0.1375
2 0.325 0.34140625 0.08125 0.1546875
3 0.77421875 0.42734375 0.1046875 0.0546875
3 0.7953125 0.5125 0.215625 0.0875
1 0.66015625 0.26796875 0.0890625 0.1359375
2 0.23515625 0.84765625 0.1359375 0.2828125
2 0.79765625 0.30390625 0.0734375 0.1359375
2 0.71953125 0.146875 0.0546875 0.109375
