3 0.40625 0.68359375 0.50625 0.1515625
1 0.44765625 0.43359375 0.1953125 0.2953125
1 0.51015625 0.84609375 0.1421875 0.2734375
1 0.4640625 0.04296875 0.13125 0.0609375
2 0.33984375 0.34140625 0.0640625 0.1890625
3 0.759375 0.4671875 0.215625 0.09375
3 0.8140625 0.61015625 0.203125 0.0953125
3 0.8546875 0.74296875 0.221875 0.1265625
3 0.63984375 0.08359375 0.0734375 0.0546875
2 0.19453125 0.865625 0.0671875 0.18125
3 0.10859375 0.71953125 0.1921875 0.0609375
2 0.7046875 0.80234375 0.065625 0.2796875
2 0.625 0.396875 0.03125 0.1625
3 0.475 0.1859375 0.159375 0.05
3 0.25078125 0.2078125 0.1984375 0.075
