3 0.4125 0.0578125 0.290625 0.053125
1 0.21796875 0.28515625 0.0921875 0.1546875
2 0.35234375 0.22109375 0.1046875 0.2453125
2 0.18203125 0.77421875 0.1234375 0.3671875
0 0.73046875 0.21953125 0.0828125 0.1296875
0 0.85546875 0.09375 0.1234375 0.153125
0 0.77890625 0.04140625 0.0921875 0.0515625
2 0.59609375 0.15703125 0.0609375 0.1015625
2 0.62109375 0.296875 0.0734375 0.15
2 0.6609375 0.478125 0.059375 0.178125
2 0.67890625 0.69140625 0.0515625 0.1984375
2 0.71328125 0.88984375 0.0734375 0.1546875
2 0.88671875 0.9296875 0.1015625 0.096875
2 0.83984375 0.80546875 0.0921875 0.1203125
2 0.81484375 0.68203125 0.0765625 0.1015625
2 0.7703125 0.55390625 0.084375 0.1296875
2 0.75625 0.42578125 0.109375 0.1546875
3 0.44140625 0.403125 0.2640625 0.053125
3 0.13671875 0.509375 0.2390625 0.065625
