1 0.46875 0.54921875 0.303125 0.3234375
1 0.51484375 0.87265625 0.2203125 0.2140625
1 0.134375 0.50859375 0.19375 0.2765625
1 0.4765625 0.1640625 0.146875 0.1375
2 0.38515625 0.17109375 0.0703125 0.2484375
2 0.28046875 0.63984375 0.0765625 0.2765625
3 0.871875 0.7984375 0.165625 0.121875
3 0.725 0.31171875 0.075 0.0796875
3 0.6671875 0.21484375 0.103125 0.0515625
3 0.61796875 0.08203125 0.0796875 0.0203125
3 0.53828125 0.2953125 0.1546875 0.053125
3 0.203125 0.31875 0.240625 0.059375
3 0.0484375 0.25390625 0.090625 0.0265625
