3 0.36953125 0.13125 0.3515625 0.05625
3 0.17265625 0.4875 0.3015625 0.065625
3 0.5078125 0.37109375 0.16875 0.0921875
2 0.346875 0.30703125 0.075 0.2546875
2 0.225 0.73203125 0.128125 0.3578125
3 0.78984375 0.546875 0.1515625 0.08125
3 0.715625 0.365625 0.1 0.046875
3 0.67421875 0.2734375 0.1546875 0.084375
2 0.634375 0.50703125 0.059375 0.2171875
2 0.67109375 0.75234375 0.0765625 0.2140625
2 0.703125 0.9375 0.059375 0.121875
2 0.94375 0.665625 0.090625 0.203125
2 0.85234375 0.44921875 0.0796875 0.1546875
2 0.784375 0.30703125 0.05 0.0703125
2 0.7390625 0.1953125 0.040625 0.1
2 0.69609375 0.109375 0.0390625 0.090625
3 0.90625 0.90859375 0.15625 0.0921875
1 0.0734375 0.684375 0.1125 0.28125
