3 0.38515625 0.05390625 0.2984375 0.0453125
2 0.34921875 0.2265625 0.1015625 0.25625
2 0.1875 0.77265625 0.14375 0.3609375
1 0.21328125 0.30546875 0.1140625 0.1921875
2 0.59765625 0.21640625 0.0703125 0.2234375
2 0.64453125 0.47265625 0.0765625 0.2484375
2 0.75 0.478125 0.1125 0.24375
2 0.690625 0.70859375 0.084375 0.1890625
2 0.71640625 0.890625 0.0796875 0.125
2 0.834375 0.796875 0.128125 0.246875
0 0.7328125 0.23828125 0.125 0.1234375
0 0.8484375 0.1125 0.115625 0.125
0 0.6859375 0.10546875 0.084375 0.0796875
3 0.4453125 0.39453125 0.240625 0.0640625
3 0.13671875 0.51171875 0.2453125 0.0890625
