3 0.34609375 0.2984375 0.4578125 0.090625
3 0.45859375 0.9328125 0.4765625 0.10625
1 0.4703125 0.52265625 0.165625 0.3640625
1 0.09453125 0.5765625 0.1640625 0.315625
1 0.4734375 0.178125 0.096875 0.159375
2 0.36015625 0.1828125 0.0984375 0.246875
2 0.28671875 0.5578125 0.1015625 0.3375
3 0.696875 0.27890625 0.1 0.0328125
3 0.6453125 0.171875 0.103125 0.04375
3 0.78046875 0.5484375 0.1734375 0.0875
2 0.64375 0.50390625 0.05 0.2046875
2 0.68828125 0.74140625 0.0546875 0.1796875
2 0.7125 0.13671875 0.053125 0.1203125
2 0.77890625 0.27578125 0.0671875 0.1015625
