3 0.37578125 0.140625 0.3671875 0.065625
3 0.34375 0.27421875 0.475 0.0609375
3 0.42265625 0.82734375 0.4765625 0.0765625
3 0.13671875 0.5453125 0.2671875 0.090625
3 0.47890625 0.38984375 0.2640625 0.0640625
1 0.46640625 0.590625 0.1296875 0.328125
2 0.36015625 0.22890625 0.0671875 0.1484375
2 0.303125 0.4625 0.05625 0.11875
2 0.2453125 0.6953125 0.1 0.23125
2 0.4 0.05546875 0.0625 0.1078125
3 0.7671875 0.459375 0.146875 0.053125
3 0.68984375 0.31640625 0.1265625 0.0546875
2 0.1921875 0.94296875 0.0625 0.1046875
2 0.72734375 0.83359375 0.0703125 0.2265625
2 0.91171875 0.56484375 0.0921875 0.2078125
2 0.75 0.2109375 0.09375 0.15625
2 0.67890625 0.06875 0.0796875 0.109375
