3 0.35546875 0.1703125 0.3828125 0.0625
1 0.5046875 0.315625 0.121875 0.215625
1 0.5234375 0.70234375 0.146875 0.3390625
2 0.40078125 0.08359375 0.1015625 0.1640625
2 0.36171875 0.3203125 0.1015625 0.259375
2 0.25078125 0.778125 0.1328125 0.228125
3 0.81953125 0.61015625 0.1984375 0.0546875
3 0.884375 0.7765625 0.1625 0.065625
3 0.7078125 0.30546875 0.125 0.0453125
2 0.30390625 0.52734375 0.0734375 0.1140625
3 0.48046875 0.48515625 0.3234375 0.0453125
3 0.1515625 0.60390625 0.265625 0.0828125
2 0.66640625 0.58984375 0.0453125 0.1484375
