3 0.228125 0.3484375 0.221875 0.05625
1 0.48828125 0.259375 0.0796875 0.39375
1 0.475 0.7375 0.15625 0.421875
2 0.375 0.23359375 0.075 0.3171875
2 0.290625 0.5234375 0.04375 0.10625
2 0.24453125 0.7640625 0.0609375 0.2125
3 0.7828125 0.40546875 0.146875 0.1078125
3 0.659375 0.171875 0.084375 0.034375
3 0.128125 0.13203125 0.071875 0.0453125
3 0.0640625 0.24765625 0.1125 0.0890625
3 0.4828125 0.4609375 0.309375 0.06875
3 0.140625 0.61484375 0.2375 0.0546875
2 0.73359375 0.8640625 0.0953125 0.2375
2 0.6875 0.60546875 0.065625 0.2046875
2 0.63828125 0.3984375 0.0765625 0.190625
2 0.603125 0.22421875 0.059375 0.1265625
2 0.0421875 0.39140625 0.040625 0.0953125
2 0.10078125 0.3109375 0.0515625 0.05625
2 0.14765625 0.2328125 0.0390625 0.0625
2 0.1984375 0.14765625 0.05 0.0828125
