3 0.1734375 0.5734375 0.33125 0.05
3 0.50703125 0.4390625 0.2640625 0.053125
3 0.35390625 0.05546875 0.3734375 0.0578125
1 0.20390625 0.3875 0.2296875 0.24375
1 0.56484375 0.75703125 0.1703125 0.4140625
2 0.39765625 0.17734375 0.0734375 0.1953125
2 0.26328125 0.79609375 0.0640625 0.2703125
3 0.8234375 0.5625 0.203125 0.090625
3 0.86953125 0.68828125 0.1859375 0.0734375
2 0.3375 0.459375 0.05 0.14375
3 0.65546875 0.15234375 0.0921875 0.0203125
3 0.69765625 0.21328125 0.1234375 0.0578125
2 0.80234375 0.30078125 0.0703125 0.1359375
2 0.8796875 0.45078125 0.071875 0.1234375
2 0.69296875 0.06875 0.0703125 0.10625
2 0.746875 0.175 0.065625 0.084375
1 0.1015625 0.7421875 0.178125 0.30625
