3 0.37421875 0.12734375 0.3765625 0.0734375
2 0.27421875 0.60625 0.0765625 0.175
2 0.35859375 0.24609375 0.0828125 0.1890625
3 0.74453125 0.37734375 0.1234375 0.0765625
3 0.690625 0.28359375 0.103125 0.0390625
3 0.64921875 0.21328125 0.1453125 0.0515625
3 0.915625 0.846875 0.128125 0.05
2 0.309375 0.415625 0.0375 0.1
2 0.403125 0.04609375 0.053125 0.0796875
3 0.475 0.375 0.28125 0.05625
3 0.13828125 0.49140625 0.2515625 0.0734375
2 0.9640625 0.6859375 0.05625 0.146875
2 0.8875 0.52421875 0.053125 0.1578125
2 0.83828125 0.4109375 0.0453125 0.05
2 0.7875 0.29375 0.03125 0.08125
2 0.73203125 0.178125 0.0609375 0.13125
2 0.6796875 0.071875 0.03125 0.06875
1 0.1109375 0.6578125 0.1875 0.234375
1 0.196875 0.2703125 0.125 0.14375
