3 0.35859375 0.20078125 0.4328125 0.0796875
3 0.48359375 0.5984375 0.3140625 0.065625
3 0.1546875 0.6828125 0.296875 0.078125
1 0.0875 0.5 0.125 0.19375
2 0.28046875 0.52421875 0.1015625 0.1828125
2 0.38671875 0.1265625 0.0890625 0.16875
3 0.67265625 0.2984375 0.1671875 0.071875
3 0.67109375 0.1890625 0.1015625 0.053125
3 0.87109375 0.6828125 0.1296875 0.0625
2 0.24296875 0.83984375 0.0890625 0.2671875
2 0.49921875 0.3921875 0.0765625 0.228125
2 0.54140625 0.821875 0.1828125 0.271875
0 0.7296875 0.7 0.128125 0.190625
0 0.74140625 0.9 0.0921875 0.16875
