3 0.3515625 0.22109375 0.425 0.0546875
3 0.3859375 0.8796875 0.640625 0.140625
3 0.17109375 0.3890625 0.2421875 0.10625
1 0.14921875 0.58046875 0.2203125 0.1953125
1 0.45546875 0.4578125 0.1984375 0.334375
1 0.471875 0.128125 0.1125 0.1375
2 0.2921875 0.55625 0.071875 0.296875
2 0.3859375 0.10390625 0.06875 0.1515625
3 0.8859375 0.77734375 0.14375 0.1296875
3 0.728125 0.33203125 0.09375 0.0890625
2 0.2203125 0.7984375 0.09375 0.171875
2 0.68125 0.62109375 0.090625 0.3296875
2 0.62578125 0.3359375 0.0703125 0.20625
2 0.74296875 0.90703125 0.0703125 0.1203125
