3 0.1546875 0.47421875 0.2375 0.0703125
3 0.515625 0.1109375 0.209375 0.046875
1 0.4859375 0.3734375 0.196875 0.434375
1 0.48515625 0.85859375 0.2234375 0.2296875
1 0.21171875 0.334375 0.1171875 0.14375
2 0.3125 0.5265625 0.090625 0.228125
2 0.36484375 0.2140625 0.1078125 0.315625
3 0.7109375 0.31953125 0.0875 0.0859375
3 0.721875 0.396875 0.06875 0.0375
3 0.7375 0.48828125 0.0875 0.0671875
3 0.89609375 0.83984375 0.1671875 0.1015625
2 0.259375 0.84453125 0.096875 0.2453125
3 0.47265625 0.6828125 0.3609375 0.059375
3 0.1328125 0.75234375 0.2625 0.0890625
