3 0.15625 0.4984375 0.2625 0.078125
3 0.4 0.12265625 0.325 0.0671875
1 0.2015625 0.325 0.178125 0.221875
2 0.35546875 0.28125 0.0953125 0.19375
2 0.2234375 0.71796875 0.115625 0.3359375
3 0.7234375 0.30078125 0.1125 0.0890625
3 0.79140625 0.47109375 0.1703125 0.0671875
3 0.840625 0.67734375 0.20625 0.0859375
3 0.89453125 0.84375 0.1765625 0.125
3 0.64375 0.09921875 0.084375 0.0421875
3 0.51328125 0.36640625 0.1734375 0.0578125
2 0.6875 0.72890625 0.053125 0.1296875
2 0.70625 0.86015625 0.053125 0.1046875
2 0.64609375 0.5296875 0.0546875 0.178125
2 0.91875 0.56484375 0.09375 0.1359375
2 0.72578125 0.18125 0.0421875 0.10625
1 0.075 0.63515625 0.14375 0.1765625
