3 0.17890625 0.5484375 0.1796875 0.05
3 0.24609375 0.37421875 0.1640625 0.0484375
3 0.43515625 0.2 0.3203125 0.0625
2 0.65 0.45234375 0.115625 0.2765625
2 0.71796875 0.81640625 0.1390625 0.3359375
2 0.3734375 0.41328125 0.096875 0.3984375
2 0.3046875 0.83046875 0.103125 0.2796875
2 0.41796875 0.14375 0.0671875 0.109375
3 0.50078125 0.6140625 0.2828125 0.0875
3 0.41953125 0.0875 0.2671875 0.0625
2 0.09921875 0.44609375 0.0796875 0.1265625
2 0.0265625 0.6265625 0.053125 0.08125
2 0.2140625 0.26484375 0.0625 0.1390625
