3 0.31953125 0.78359375 0.6234375 0.1328125
3 0.34453125 0.38828125 0.4765625 0.0671875
3 0.39453125 0.23359375 0.3828125 0.0796875
3 0.4140625 0.10546875 0.303125 0.0671875
3 0.43359375 0.0359375 0.2515625 0.053125
2 0.28046875 0.60078125 0.0953125 0.2109375
2 0.2171875 0.8625 0.09375 0.16875
2 0.34765625 0.340625 0.0703125 0.09375
2 0.40390625 0.17734375 0.0765625 0.1234375
2 0.421875 0.0578125 0.053125 0.046875
2 0.60234375 0.57109375 0.0671875 0.2546875
2 0.63125 0.83515625 0.06875 0.1140625
