3 0.3703125 0.14921875 0.325 0.1015625
3 0.41171875 0.05234375 0.2359375 0.0484375
3 0.31796875 0.2984375 0.4828125 0.0625
2 0.56953125 0.675 0.0703125 0.434375
2 0.56015625 0.28359375 0.0515625 0.2265625
2 0.21171875 0.74453125 0.1328125 0.3515625
2 0.3140625 0.4390625 0.078125 0.203125
2 0.3625 0.24296875 0.053125 0.1234375
2 0.403125 0.09140625 0.053125 0.1546875
3 0.4484375 0.4265625 0.259375 0.05625
3 0.13984375 0.53671875 0.2359375 0.0671875
3 0.07421875 0.903125 0.1296875 0.1
3 0.2734375 0.9734375 0.20625 0.04375
0 0.753125 0.6015625 0.09375 0.171875
0 0.74296875 0.83828125 0.1859375 0.3109375
