3 0.43203125 0.04296875 0.2640625 0.0640625
1 0.45 0.69140625 0.30625 0.2953125
2 0.66484375 0.703125 0.1734375 0.446875
2 0.3828125 0.1890625 0.053125 0.103125
2 0.425 0.075 0.034375 0.05
2 0.346875 0.38359375 0.059375 0.1703125
2 0.25859375 0.734375 0.1171875 0.390625
3 0.471875 0.38203125 0.23125 0.0796875
3 0.1890625 0.4953125 0.275 0.065625
3 0.490625 0.26484375 0.18125 0.0765625
3 0.26328125 0.26953125 0.1859375 0.0421875
3 0.41484375 0.13359375 0.2953125 0.0609375
3 0.09765625 0.86015625 0.1703125 0.1265625
2 0.5203125 0.88359375 0.028125 0.0359375
2 0.5625 0.80859375 0.01875 0.0578125
