3 0.4265625 0.20234375 0.321875 0.0828125
3 0.44296875 0.09765625 0.2984375 0.0671875
2 0.62890625 0.4 0.0765625 0.25
2 0.7171875 0.83046875 0.10625 0.3109375
2 0.2109375 0.51640625 0.103125 0.1984375
2 0.290625 0.284375 0.0625 0.103125
2 0.31015625 0.82421875 0.1046875 0.2703125
2 0.36953125 0.48515625 0.0953125 0.1359375
2 0.4078125 0.30625 0.078125 0.1125
2 0.43515625 0.15234375 0.0828125 0.0859375
2 0.44609375 0.04140625 0.0640625 0.0765625
3 0.5140625 0.603125 0.26875 0.090625
3 0.15703125 0.67265625 0.3078125 0.0640625
3 0.240625 0.36640625 0.228125 0.0765625
