3 0.4359375 0.03671875 0.24375 0.0671875
1 0.08984375 0.63984375 0.1484375 0.2171875
3 0.271875 0.290625 0.165625 0.0875
3 0.2078125 0.3875 0.18125 0.053125
3 0.1609375 0.47109375 0.246875 0.0328125
3 0.47734375 0.2265625 0.1859375 0.065625
3 0.4984375 0.36953125 0.15 0.0546875
3 0.4890625 0.471875 0.34375 0.1125
3 0.1203125 0.78984375 0.21875 0.1078125
2 0.2671875 0.6328125 0.084375 0.221875
2 0.18671875 0.90546875 0.0671875 0.1421875
2 0.325 0.39921875 0.05625 0.1421875
2 0.4125 0.07265625 0.053125 0.0734375
