3 0.40859375 0.07109375 0.2671875 0.0703125
3 0.3890625 0.14765625 0.296875 0.0328125
2 0.59375 0.7515625 0.090625 0.40625
2 0.55625 0.20546875 0.0625 0.1078125
2 0.21328125 0.76171875 0.1390625 0.3859375
2 0.3046875 0.45390625 0.06875 0.1796875
2 0.35 0.259375 0.096875 0.1625
2 0.40546875 0.09375 0.0734375 0.078125
3 0.35625 0.315625 0.403125 0.075
3 0.446875 0.46484375 0.25625 0.0640625
3 0.13984375 0.55703125 0.2578125 0.0890625
3 0.10078125 0.928125 0.1140625 0.096875
1 0.44453125 0.8078125 0.2640625 0.3
