3 0.4109375 0.20546875 0.35625 0.0953125
3 0.43984375 0.09453125 0.3109375 0.0953125
1 0.06640625 0.80234375 0.1078125 0.1203125
2 0.6671875 0.7765625 0.109375 0.31875
2 0.61015625 0.40859375 0.0765625 0.2296875
2 0.26484375 0.296875 0.0734375 0.10625
2 0.18515625 0.4609375 0.1203125 0.15
2 0.36015625 0.39375 0.1140625 0.35
2 0.25 0.821875 0.128125 0.3125
2 0.40703125 0.14921875 0.0703125 0.0859375
3 0.48203125 0.5953125 0.2890625 0.078125
3 0.146875 0.63515625 0.2625 0.0640625
2 0.08828125 0.4375 0.1015625 0.1625
2 0.190625 0.2796875 0.059375 0.071875
