3 0.4203125 0.1796875 0.365625 0.071875
1 0.53828125 0.5703125 0.1484375 0.203125
1 0.534375 0.88828125 0.19375 0.2015625
3 0.49921875 0.7234375 0.3640625 0.08125
2 0.3359375 0.559375 0.109375 0.246875
2 0.275 0.875 0.090625 0.184375
2 0.375 0.3453125 0.04375 0.05625
2 0.42109375 0.13828125 0.0703125 0.0765625
2 0.44609375 0.03671875 0.0734375 0.0734375
2 0.39765625 0.24140625 0.0640625 0.0859375
3 0.2453125 0.37265625 0.19375 0.1078125
3 0.4015625 0.27578125 0.434375 0.0796875
3 0.41796875 0.09453125 0.2828125 0.0453125
2 0.71171875 0.8859375 0.0765625 0.165625
