3 0.41953125 0.1359375 0.2953125 0.0875
3 0.428125 0.0375 0.23125 0.05
3 0.4734375 0.3734375 0.234375 0.059375
3 0.20078125 0.4796875 0.2484375 0.0625
2 0.6234375 0.584375 0.103125 0.390625
2 0.390625 0.20390625 0.05 0.1109375
2 0.34296875 0.3921875 0.0546875 0.16875
2 0.27890625 0.6390625 0.1140625 0.265625
2 0.41953125 0.08125 0.0484375 0.075
3 0.4515625 0.90390625 0.4375 0.1515625
3 0.09453125 0.84921875 0.1390625 0.0671875
3 0.48671875 0.2796875 0.2015625 0.06875
3 0.259375 0.296875 0.1875 0.075
