3 0.41015625 0.28046875 0.3953125 0.1109375
3 0.425 0.11796875 0.29375 0.1078125
3 0.42734375 0.04609375 0.2296875 0.0734375
2 0.2671875 0.7453125 0.153125 0.38125
2 0.3546875 0.384375 0.1 0.19375
2 0.39375 0.19140625 0.06875 0.1234375
2 0.42890625 0.06484375 0.0515625 0.1078125
3 0.5140625 0.446875 0.30625 0.096875
3 0.17890625 0.55234375 0.2828125 0.1046875
2 0.62734375 0.60703125 0.0484375 0.1765625
3 0.48203125 0.88203125 0.3765625 0.0828125
3 0.12265625 0.809375 0.2265625 0.09375
3 0.1640625 0.3234375 0.06875 0.128125
3 0.08359375 0.47265625 0.1046875 0.1328125
