3 0.41015625 0.0359375 0.2484375 0.04375
3 0.40859375 0.11875 0.2765625 0.090625
1 0.51875 0.8328125 0.146875 0.30625
2 0.64140625 0.83125 0.0640625 0.246875
2 0.5953125 0.50703125 0.053125 0.1609375
2 0.58203125 0.28828125 0.0703125 0.1484375
2 0.22890625 0.84453125 0.1171875 0.2359375
2 0.30625 0.534375 0.084375 0.221875
2 0.365625 0.309375 0.053125 0.134375
2 0.41015625 0.13515625 0.0421875 0.1390625
3 0.47109375 0.61796875 0.2578125 0.0796875
3 0.13515625 0.721875 0.2203125 0.071875
3 0.39453125 0.22734375 0.3171875 0.0765625
3 0.475 0.39296875 0.15625 0.0546875
1 0.175 0.45078125 0.146875 0.1828125
