3 0.44375 0.8453125 0.578125 0.05
3 0.48125 0.5828125 0.31875 0.10625
3 0.38515625 0.31484375 0.4171875 0.0765625
3 0.37578125 0.15625 0.3453125 0.084375
3 0.43203125 0.05078125 0.2546875 0.0640625
2 0.63203125 0.70234375 0.0734375 0.1765625
2 0.6046875 0.49296875 0.053125 0.0828125
2 0.271875 0.68828125 0.1 0.2359375
2 0.32265625 0.41171875 0.0734375 0.0890625
2 0.37109375 0.25859375 0.0546875 0.1421875
2 0.4203125 0.09453125 0.084375 0.0703125
3 0.06953125 0.9078125 0.1203125 0.10625
3 0.175 0.46328125 0.25625 0.1109375
3 0.46640625 0.453125 0.2359375 0.078125
