3 0.40625 0.109375 0.25625 0.05625
3 0.4109375 0.24453125 0.384375 0.0484375
2 0.62578125 0.546875 0.0984375 0.4375
2 0.1 0.62421875 0.103125 0.2046875
2 0.2125 0.365625 0.078125 0.125
2 0.48671875 0.6671875 0.0640625 0.278125
2 0.28125 0.675 0.09375 0.29375
2 0.35859375 0.403125 0.0796875 0.171875
2 0.39765625 0.20625 0.0515625 0.15625
2 0.428125 0.0609375 0.046875 0.09375
3 0.45390625 0.86796875 0.4203125 0.1609375
3 0.08671875 0.83984375 0.1609375 0.0859375
3 0.209375 0.440625 0.14375 0.053125
