3 0.3359375 0.8578125 0.63125 0.159375
2 0.28828125 0.56015625 0.1484375 0.4671875
2 0.4078125 0.1390625 0.10625 0.240625
3 0.3765625 0.28125 0.39375 0.11875
2 0.1796875 0.94765625 0.0875 0.0734375
2 0.60234375 0.759375 0.0546875 0.184375
2 0.228125 0.18046875 0.046875 0.0890625
2 0.28515625 0.11875 0.0609375 0.05625
2 0.10546875 0.37578125 0.0609375 0.0578125
2 0.04375 0.47578125 0.053125 0.1046875
2 0.575 0.49921875 0.06875 0.3171875
2 0.559375 0.1265625 0.04375 0.165625
1 0.41875 0.63359375 0.20625 0.2828125
