1 0.22421875 0.4140625 0.1234375 0.15625
1 0.5078125 0.61171875 0.14375 0.3203125
1 0.13046875 0.68671875 0.1828125 0.2453125
3 0.43203125 0.1484375 0.2984375 0.0875
3 0.4453125 0.05390625 0.26875 0.0671875
3 0.196875 0.503125 0.25 0.09375
2 0.39140625 0.23828125 0.0640625 0.1359375
2 0.428125 0.07734375 0.059375 0.0765625
3 0.10703125 0.8703125 0.1640625 0.075
3 0.48984375 0.321875 0.2328125 0.109375
2 0.3484375 0.43125 0.06875 0.125
2 0.3 0.678125 0.10625 0.26875
2 0.25 0.8875 0.08125 0.103125
