1 0.06796875 0.6828125 0.1328125 0.190625
2 0.6203125 0.61015625 0.125 0.3046875
2 0.2796875 0.66015625 0.103125 0.2234375
2 0.34765625 0.39140625 0.0640625 0.1515625
2 0.38671875 0.21328125 0.0671875 0.1234375
2 0.425 0.07734375 0.05 0.0984375
3 0.49765625 0.82109375 0.4140625 0.0984375
3 0.1875 0.8359375 0.13125 0.090625
3 0.2078125 0.4796875 0.221875 0.084375
3 0.503125 0.27578125 0.2125 0.0796875
3 0.265625 0.3015625 0.221875 0.078125
3 0.48984375 0.38671875 0.2015625 0.0703125
3 0.421875 0.1375 0.28125 0.05
2 0.66484375 0.9453125 0.0671875 0.075
1 0.4875 0.60078125 0.18125 0.2328125
