3 0.44765625 0.028125 0.2421875 0.05
1 0.0984375 0.64921875 0.09375 0.1546875
1 0.29921875 0.24296875 0.1234375 0.1828125
1 0.5328125 0.31796875 0.090625 0.1109375
0 0.79296875 0.73515625 0.1328125 0.3671875
0 0.690625 0.390625 0.109375 0.2375
3 0.49453125 0.6625 0.3546875 0.08125
3 0.36171875 0.83203125 0.6984375 0.1828125
3 0.41796875 0.090625 0.2265625 0.04375
3 0.22890625 0.3875 0.2390625 0.08125
2 0.1078125 0.4265625 0.05625 0.065625
2 0.03984375 0.54375 0.0796875 0.128125
2 0.62734375 0.49140625 0.0640625 0.2140625
2 0.6625 0.8046875 0.046875 0.103125
