3 0.43671875 0.1484375 0.3078125 0.109375
1 0.146875 0.825 0.2375 0.3
3 0.5359375 0.9125 0.39375 0.146875
2 0.68203125 0.7078125 0.0859375 0.26875
2 0.33046875 0.7171875 0.1046875 0.278125
3 0.1984375 0.4953125 0.265625 0.084375
3 0.50625 0.39921875 0.259375 0.0859375
2 0.63984375 0.4859375 0.0671875 0.11875
2 0.615625 0.26640625 0.078125 0.1203125
2 0.40625 0.25234375 0.075 0.1703125
2 0.15234375 0.39140625 0.0671875 0.1078125
2 0.22578125 0.26171875 0.0734375 0.1171875
2 0.046875 0.5796875 0.0625 0.090625
