3 0.40234375 0.26171875 0.3609375 0.1046875
3 0.446875 0.09140625 0.278125 0.0921875
2 0.078125 0.7703125 0.146875 0.328125
0 0.7640625 0.6703125 0.14375 0.378125
0 0.69609375 0.36484375 0.0734375 0.1953125
3 0.49765625 0.49453125 0.3078125 0.0671875
3 0.16484375 0.5765625 0.3015625 0.065625
0 0.8390625 0.91328125 0.1375 0.1453125
2 0.6515625 0.69609375 0.059375 0.1734375
2 0.684375 0.88046875 0.046875 0.1671875
2 0.08828125 0.48203125 0.0765625 0.0859375
2 0.1625 0.36953125 0.06875 0.0734375
2 0.25625 0.3359375 0.071875 0.1
