1 0.12109375 0.7078125 0.1921875 0.35625
3 0.41640625 0.1484375 0.2703125 0.046875
3 0.47890625 0.37421875 0.2203125 0.0390625
3 0.203125 0.4765625 0.2875 0.065625
3 0.48046875 0.72578125 0.3734375 0.1265625
3 0.4953125 0.040625 0.10625 0.040625
2 0.49453125 0.546875 0.0859375 0.228125
2 0.49375 0.87578125 0.075 0.1765625
2 0.2390625 0.31015625 0.14375 0.2328125
2 0.3859375 0.27265625 0.071875 0.2203125
2 0.31171875 0.5828125 0.0578125 0.175
2 0.24296875 0.85625 0.1140625 0.21875
2 0.425 0.0546875 0.034375 0.109375
