3 0.4375 0.02578125 0.209375 0.0328125
2 0.30859375 0.16640625 0.0546875 0.1453125
2 0.41875 0.1296875 0.109375 0.203125
2 0.34765625 0.46484375 0.1140625 0.2609375
2 0.27109375 0.83515625 0.1453125 0.2703125
3 0.4609375 0.63828125 0.296875 0.0828125
3 0.15234375 0.68984375 0.2734375 0.0828125
3 0.28359375 0.28515625 0.1765625 0.0484375
3 0.52890625 0.30625 0.1109375 0.06875
3 0.22734375 0.39921875 0.1390625 0.0546875
1 0.14609375 0.55625 0.1421875 0.1625
2 0.67890625 0.84453125 0.1015625 0.2265625
2 0.61015625 0.4734375 0.0703125 0.16875
