3 0.42890625 0.08046875 0.2828125 0.0796875
1 0.12578125 0.7984375 0.2390625 0.234375
1 0.32109375 0.17890625 0.1109375 0.1265625
1 0.2265625 0.4 0.18125 0.309375
1 0.48046875 0.84453125 0.2859375 0.2015625
2 0.28203125 0.79375 0.1390625 0.340625
2 0.38828125 0.3234375 0.1078125 0.31875
3 0.48828125 0.51796875 0.2734375 0.0640625
3 0.16328125 0.58671875 0.2734375 0.0765625
2 0.61015625 0.35078125 0.0953125 0.1984375
2 0.5875 0.215625 0.0375 0.090625
2 0.67265625 0.6390625 0.0421875 0.16875
0 0.73828125 0.48515625 0.0734375 0.0984375
0 0.675 0.35859375 0.06875 0.1171875
