1 0.13125 0.65 0.16875 0.4375
1 0.52890625 0.76796875 0.1890625 0.3578125
1 0.30078125 0.20703125 0.0890625 0.1484375
3 0.43671875 0.08828125 0.2859375 0.0640625
3 0.44140625 0.04453125 0.2609375 0.0390625
3 0.5046875 0.21328125 0.175 0.0609375
2 0.3 0.76640625 0.10625 0.3890625
2 0.3984375 0.28203125 0.075 0.0796875
2 0.41796875 0.15234375 0.0453125 0.0703125
3 0.49140625 0.51640625 0.2453125 0.0609375
3 0.26796875 0.3703125 0.1828125 0.08125
2 0.684375 0.725 0.103125 0.4125
2 0.6140625 0.35 0.071875 0.215625
2 0.371875 0.4265625 0.090625 0.171875
