3 0.471875 0.55 0.290625 0.040625
3 0.32734375 0.35390625 0.5484375 0.0546875
3 0.11796875 0.51640625 0.2359375 0.0734375
3 0.1640625 0.65 0.30625 0.08125
3 0.52734375 0.1328125 0.3203125 0.096875
2 0.146875 0.83359375 0.1 0.2578125
2 0.27578125 0.43046875 0.0328125 0.0703125
2 0.33359375 0.2703125 0.0609375 0.140625
2 0.4015625 0.04609375 0.05 0.0546875
3 0.7296875 0.52109375 0.1875 0.0578125
3 0.734375 0.403125 0.103125 0.053125
3 0.1203125 0.1296875 0.096875 0.053125
2 0.240625 0.5609375 0.0625 0.13125
1 0.428125 0.875 0.2 0.1875
