3 0.665625 0.1625 0.1125 0.046875
3 0.89375 0.82265625 0.175 0.1140625
3 0.79765625 0.603125 0.2140625 0.05
3 0.47265625 0.50546875 0.2609375 0.0609375
3 0.084375 0.61875 0.140625 0.06875
2 0.28203125 0.56484375 0.1421875 0.4578125
2 0.39921875 0.0953125 0.0484375 0.171875
2 0.58203125 0.10859375 0.0453125 0.1296875
2 0.61953125 0.3515625 0.0578125 0.315625
2 0.6796875 0.74140625 0.10625 0.4140625
3 0.06640625 0.24609375 0.0953125 0.0515625
3 0.48828125 0.17578125 0.1703125 0.0484375
3 0.275 0.1796875 0.175 0.0375
