3 0.1921875 0.38515625 0.253125 0.0609375
1 0.53359375 0.80859375 0.3453125 0.2828125
1 0.5296875 0.53984375 0.25 0.2265625
1 0.16171875 0.59140625 0.3015625 0.2296875
1 0.11484375 0.82890625 0.2046875 0.1828125
1 0.271875 0.24609375 0.2125 0.1734375
3 0.86328125 0.58203125 0.1578125 0.0703125
3 0.74765625 0.4109375 0.1546875 0.065625
3 0.71796875 0.30078125 0.1359375 0.0484375
3 0.66875 0.1921875 0.09375 0.06875
3 0.6609375 0.159375 0.103125 0.03125
2 0.38828125 0.2421875 0.0546875 0.275
2 0.2875 0.75390625 0.090625 0.3703125
1 0.85546875 0.78671875 0.1609375 0.2390625
2 0.76875 0.84921875 0.10625 0.2890625
2 0.68359375 0.49765625 0.0390625 0.1078125
