3 0.3875 0.17265625 0.396875 0.1171875
1 0.3890625 0.79453125 0.2875 0.4015625
3 0.7125 0.36796875 0.109375 0.1171875
3 0.82109375 0.61953125 0.2234375 0.1328125
3 0.65546875 0.13515625 0.0890625 0.0859375
3 0.87421875 0.921875 0.1171875 0.08125
2 0.396875 0.084375 0.059375 0.125
2 0.23046875 0.78203125 0.1234375 0.3921875
2 0.61015625 0.28671875 0.0515625 0.1578125
2 0.68984375 0.7203125 0.1140625 0.48125
3 0.14375 0.16640625 0.071875 0.0421875
3 0.04375 0.2921875 0.0875 0.065625
2 0.34296875 0.30234375 0.0546875 0.1453125
3 0.465625 0.41015625 0.25625 0.0765625
3 0.15703125 0.52734375 0.2546875 0.1078125
1 0.2234375 0.32109375 0.2 0.2078125
