3 0.65625 0.14609375 0.1125 0.0671875
3 0.74140625 0.34140625 0.1515625 0.0515625
3 0.76171875 0.45546875 0.2140625 0.1046875
1 0.2671875 0.24375 0.1875 0.134375
1 0.14609375 0.4890625 0.2515625 0.259375
1 0.10703125 0.7453125 0.1984375 0.19375
1 0.49375 0.4375 0.221875 0.159375
1 0.4984375 0.24296875 0.159375 0.1140625
3 0.05234375 0.23984375 0.0984375 0.0453125
2 0.70625 0.85703125 0.065625 0.2453125
2 0.665625 0.61953125 0.078125 0.1765625
2 0.62265625 0.3140625 0.0453125 0.15
2 0.6359375 0.46171875 0.04375 0.1265625
