1 0.63046875 0.1078125 0.0984375 0.078125
2 0.33046875 0.29609375 0.0953125 0.1796875
2 0.17109375 0.859375 0.1109375 0.240625
2 0.64375 0.77578125 0.078125 0.3765625
2 0.57734375 0.2984375 0.0484375 0.1875
3 0.0609375 0.2125 0.090625 0.028125
3 0.03984375 0.2953125 0.0703125 0.034375
0 0.79375 0.66875 0.240625 0.1625
3 0.134375 0.4375 0.240625 0.065625
3 0.46875 0.165625 0.15625 0.065625
3 0.4703125 0.075 0.1125 0.0625
3 0.29765625 0.08671875 0.1484375 0.0515625
3 0.24921875 0.18046875 0.1796875 0.0578125
0 0.7609375 0.85625 0.15 0.15
3 0.70078125 0.37890625 0.1765625 0.0515625
