3 0.48671875 0.7109375 0.4171875 0.078125
3 0.38828125 0.24140625 0.4171875 0.0578125
1 0.50234375 0.50390625 0.2640625 0.2203125
1 0.1421875 0.590625 0.28125 0.359375
3 0.8578125 0.721875 0.1875 0.08125
3 0.70390625 0.26796875 0.1296875 0.0671875
2 0.30390625 0.52890625 0.0703125 0.2515625
2 0.22734375 0.871875 0.0703125 0.171875
2 0.3953125 0.12265625 0.084375 0.1921875
1 0.4984375 0.90703125 0.19375 0.1453125
3 0.89921875 0.8953125 0.1609375 0.1
3 0.74453125 0.340625 0.0828125 0.0375
2 0.66875 0.53125 0.059375 0.303125
2 0.74296875 0.8484375 0.0640625 0.228125
1 0.215625 0.33671875 0.13125 0.1046875
