3 0.83828125 0.621875 0.2046875 0.059375
3 0.778125 0.5140625 0.1625 0.065625
3 0.70703125 0.29921875 0.1453125 0.0578125
1 0.4921875 0.3953125 0.246875 0.25
1 0.4984375 0.77890625 0.38125 0.4015625
3 0.5921875 0.14296875 0.24375 0.0421875
1 0.25390625 0.22109375 0.1546875 0.1390625
1 0.16796875 0.45 0.2484375 0.275
2 0.6609375 0.45390625 0.05625 0.2140625
2 0.6078125 0.22109375 0.059375 0.1140625
2 0.396875 0.15703125 0.046875 0.1640625
2 0.36953125 0.315625 0.0515625 0.121875
2 0.27109375 0.6953125 0.0828125 0.165625
2 0.2234375 0.88203125 0.0875 0.1671875
2 0.7625 0.89453125 0.078125 0.1640625
