3 0.80859375 0.64140625 0.2671875 0.1703125
3 0.84296875 0.85625 0.1234375 0.159375
3 0.72109375 0.27734375 0.1734375 0.0953125
2 0.6265625 0.30234375 0.078125 0.2546875
3 0.465625 0.471875 0.3125 0.05625
3 0.134375 0.58828125 0.2625 0.0703125
2 0.05390625 0.65703125 0.0890625 0.1203125
2 0.6578125 0.5890625 0.05 0.1875
2 0.69609375 0.85078125 0.0734375 0.2765625
2 0.340625 0.33515625 0.075 0.1890625
2 0.5625 0.0734375 0.034375 0.10625
3 0.50390625 0.17421875 0.1171875 0.0609375
1 0.18359375 0.38515625 0.1828125 0.2921875
