1 0.17890625 0.4296875 0.2671875 0.171875
1 0.490625 0.63203125 0.275 0.2453125
1 0.12734375 0.753125 0.2359375 0.2125
3 0.5046875 0.43203125 0.265625 0.0609375
3 0.15625 0.5625 0.26875 0.05625
3 0.6859375 0.2359375 0.13125 0.046875
3 0.790625 0.4578125 0.109375 0.103125
1 0.83671875 0.7578125 0.1203125 0.35625
2 0.69453125 0.75625 0.0953125 0.421875
2 0.41875 0.04765625 0.05 0.0703125
2 0.36640625 0.28046875 0.0578125 0.1703125
1 0.46640625 0.8546875 0.2765625 0.165625
1 0.24375 0.240625 0.190625 0.221875
1 0.49375 0.24921875 0.15 0.2484375
2 0.23515625 0.86015625 0.0859375 0.2015625
2 0.33828125 0.44296875 0.0421875 0.1265625
