3 0.77734375 0.45390625 0.1546875 0.0765625
3 0.85234375 0.72265625 0.2109375 0.0734375
2 0.4875 0.715625 0.09375 0.51875
3 0.67734375 0.1875 0.0953125 0.053125
3 0.62578125 0.06015625 0.0984375 0.0703125
3 0.203125 0.040625 0.103125 0.046875
2 0.684375 0.66953125 0.109375 0.3734375
3 0.05078125 0.30078125 0.0765625 0.0390625
2 0.5 0.26796875 0.06875 0.1140625
2 0.4921875 0.0953125 0.01875 0.13125
3 0.471875 0.2015625 0.225 0.05625
3 0.2265625 0.26171875 0.2 0.0453125
3 0.47734375 0.34140625 0.2359375 0.0609375
2 0.74375 0.91640625 0.053125 0.1328125
2 0.6328125 0.37421875 0.034375 0.1421875
2 0.60546875 0.21953125 0.0484375 0.1484375
