1 0.48984375 0.484375 0.2109375 0.184375
3 0.7859375 0.49375 0.196875 0.0875
3 0.6734375 0.215625 0.1375 0.078125
2 0.3046875 0.5453125 0.1 0.271875
2 0.25703125 0.87109375 0.0734375 0.1984375
2 0.40859375 0.12421875 0.0734375 0.1796875
3 0.55 0.68046875 0.296875 0.0578125
3 0.1296875 0.73125 0.225 0.0625
3 0.16796875 0.11328125 0.0828125 0.0265625
3 0.49140625 0.24453125 0.2109375 0.0640625
3 0.2671875 0.23671875 0.215625 0.0515625
0 0.73203125 0.81484375 0.0796875 0.1265625
0 0.78359375 0.93125 0.0859375 0.084375
2 0.51328125 0.86015625 0.0546875 0.2359375
