3 0.359375 0.309375 0.46875 0.09375
1 0.49921875 0.5265625 0.2796875 0.3125
1 0.484375 0.8296875 0.390625 0.234375
1 0.1640625 0.53671875 0.246875 0.3078125
1 0.28359375 0.1609375 0.1640625 0.15625
1 0.5109375 0.18203125 0.171875 0.1734375
3 0.6984375 0.275 0.121875 0.08125
3 0.78125 0.4546875 0.15 0.040625
3 0.85546875 0.69296875 0.2265625 0.1078125
2 0.40625 0.1109375 0.059375 0.1625
2 0.31640625 0.5 0.0671875 0.225
2 0.24296875 0.7921875 0.0828125 0.2875
0 0.76640625 0.8703125 0.1171875 0.215625
