3 0.48125 0.41328125 0.2625 0.0734375
3 0.15 0.52109375 0.271875 0.0484375
1 0.22734375 0.30546875 0.2671875 0.3234375
3 0.74765625 0.3953125 0.1078125 0.0875
3 0.85859375 0.7796875 0.1984375 0.1
2 0.39296875 0.15078125 0.0671875 0.2171875
2 0.578125 0.1546875 0.04375 0.196875
2 0.6125 0.33671875 0.034375 0.0703125
2 0.66171875 0.565625 0.0515625 0.296875
2 0.696875 0.84609375 0.034375 0.2140625
1 0.11796875 0.70078125 0.2296875 0.2640625
1 0.475 0.71953125 0.30625 0.4484375
2 0.27421875 0.6640625 0.0703125 0.215625
2 0.2265625 0.88125 0.084375 0.16875
