3 0.75078125 0.38828125 0.1078125 0.0578125
2 0.5234375 0.64375 0.08125 0.528125
2 0.36171875 0.13828125 0.1171875 0.2546875
2 0.23359375 0.44609375 0.1390625 0.3078125
2 0.11171875 0.796875 0.1734375 0.35
0 0.9 0.8453125 0.18125 0.25
3 0.1 0.14765625 0.109375 0.0234375
3 0.02734375 0.27578125 0.0484375 0.0265625
0 0.78984375 0.8828125 0.1203125 0.221875
0 0.753125 0.6875 0.140625 0.2
0 0.70078125 0.490625 0.1046875 0.140625
2 0.0984375 0.23046875 0.078125 0.0890625
2 0.03828125 0.33125 0.0421875 0.0625
2 0.2078125 0.10234375 0.0625 0.0796875
2 0.24609375 0.03515625 0.0515625 0.0453125
