3 0.18671875 0.340625 0.2078125 0.115625
3 0.4015625 0.084375 0.284375 0.08125
3 0.69375 0.34453125 0.171875 0.0359375
3 0.6859375 0.28984375 0.128125 0.0453125
3 0.65546875 0.19296875 0.1015625 0.0421875
3 0.63203125 0.134375 0.0765625 0.053125
2 0.34921875 0.27890625 0.0671875 0.1828125
2 0.28828125 0.49609375 0.0796875 0.1453125
3 0.86171875 0.80703125 0.1953125 0.0953125
0 0.6578125 0.45234375 0.125 0.1265625
0 0.6703125 0.6203125 0.1 0.171875
0 0.7078125 0.8421875 0.128125 0.23125
0 0.83984375 0.6078125 0.1671875 0.159375
