3 0.81953125 0.65390625 0.1984375 0.1078125
3 0.68828125 0.2484375 0.1765625 0.084375
2 0.31796875 0.45703125 0.0953125 0.2203125
2 0.40703125 0.1046875 0.0546875 0.115625
3 0.078125 0.21953125 0.125 0.1171875
2 0.06015625 0.35703125 0.0765625 0.1203125
3 0.32890625 0.7703125 0.6515625 0.10625
3 0.47734375 0.19375 0.2015625 0.065625
3 0.24921875 0.253125 0.1671875 0.046875
3 0.5125 0.3046875 0.1625 0.096875
0 0.72890625 0.87265625 0.0609375 0.2265625
0 0.66328125 0.37890625 0.0859375 0.1140625
0 0.671875 0.51328125 0.096875 0.1171875
