3 0.7390625 0.38203125 0.165625 0.0703125
3 0.77265625 0.58046875 0.2640625 0.0921875
3 0.89765625 0.86953125 0.1421875 0.1109375
3 0.659375 0.16796875 0.11875 0.0859375
2 0.37109375 0.25859375 0.0828125 0.2734375
3 0.15234375 0.4484375 0.2484375 0.084375
3 0.4921875 0.575 0.28125 0.05625
3 0.115625 0.165625 0.10625 0.034375
1 0.38515625 0.7375 0.1328125 0.153125
2 0.2328125 0.8046875 0.0875 0.30625
2 0.68359375 0.80859375 0.1046875 0.3234375
2 0.62578125 0.37578125 0.0671875 0.2515625
2 0.428125 0.02578125 0.034375 0.0421875
2 0.0640625 0.36171875 0.059375 0.0796875
2 0.5859375 0.12265625 0.040625 0.1765625
1 0.45859375 0.22265625 0.1015625 0.1859375
