3 0.4015625 0.15546875 0.390625 0.0703125
1 0.503125 0.34296875 0.228125 0.3078125
1 0.49453125 0.74609375 0.3140625 0.4796875
1 0.140625 0.5078125 0.196875 0.221875
3 0.77265625 0.48046875 0.1703125 0.1109375
3 0.7265625 0.33828125 0.159375 0.0484375
3 0.66171875 0.21484375 0.1359375 0.0734375
2 0.365625 0.303125 0.04375 0.1375
2 0.2625 0.6984375 0.140625 0.509375
2 0.4015625 0.10625 0.0875 0.15
2 0.7125 0.72890625 0.090625 0.3515625
3 0.1203125 0.190625 0.0875 0.028125
3 0.17578125 0.09453125 0.0859375 0.0421875
