3 0.353125 0.15703125 0.384375 0.0765625
3 0.45234375 0.4890625 0.2828125 0.078125
3 0.6453125 0.1296875 0.078125 0.034375
3 0.6921875 0.25078125 0.103125 0.0328125
3 0.7484375 0.428125 0.128125 0.05
3 0.8390625 0.69296875 0.178125 0.0671875
2 0.16484375 0.79375 0.1203125 0.321875
2 0.3796875 0.096875 0.06875 0.15625
2 0.24375 0.55078125 0.06875 0.1703125
0 0.7203125 0.85546875 0.19375 0.2171875
0 0.659375 0.59296875 0.1375 0.2234375
0 0.62421875 0.3578125 0.1234375 0.203125
0 0.61015625 0.1984375 0.1078125 0.09375
