3 0.440625 0.44921875 0.315625 0.0640625
3 0.765625 0.434375 0.1 0.0625
3 0.77109375 0.58125 0.2171875 0.071875
3 0.67109375 0.22890625 0.1421875 0.0921875
3 0.6421875 0.10625 0.125 0.03125
3 0.1171875 0.546875 0.234375 0.078125
2 0.3296875 0.30234375 0.071875 0.2046875
2 0.20390625 0.7203125 0.0796875 0.275
2 0.646875 0.73359375 0.1125 0.4484375
2 0.590625 0.3265625 0.078125 0.2375
1 0.93203125 0.878125 0.1015625 0.084375
1 0.42265625 0.72578125 0.2265625 0.3453125
3 0.4671875 0.153125 0.165625 0.034375
3 0.26171875 0.1609375 0.1828125 0.034375
2 0.39296875 0.0671875 0.0609375 0.09375
2 0.26875 0.51015625 0.053125 0.0984375
