3 0.70625 0.315625 0.1375 0.121875
3 0.81484375 0.6265625 0.1890625 0.078125
3 0.47421875 0.42421875 0.3296875 0.0609375
3 0.1421875 0.5375 0.240625 0.075
2 0.65 0.5703125 0.06875 0.20625
2 0.6984375 0.825 0.071875 0.259375
2 0.28671875 0.52734375 0.0578125 0.1203125
2 0.25390625 0.70546875 0.0859375 0.1734375
2 0.190625 0.903125 0.084375 0.16875
2 0.37578125 0.253125 0.0703125 0.1125
2 0.40625 0.0828125 0.040625 0.090625
2 0.60390625 0.27734375 0.0453125 0.1890625
2 0.5734375 0.07578125 0.040625 0.0984375
2 0.08515625 0.3203125 0.0703125 0.096875
2 0.02734375 0.41328125 0.0421875 0.0578125
2 0.15390625 0.209375 0.0578125 0.096875
3 0.47109375 0.14921875 0.1140625 0.0609375
3 0.29609375 0.16171875 0.1703125 0.0234375
1 0.19140625 0.38046875 0.1296875 0.1796875
1 0.26953125 0.2171875 0.0734375 0.05625
