3 0.70390625 0.2578125 0.1359375 0.059375
3 0.6484375 0.153125 0.103125 0.071875
3 0.7625 0.4828125 0.18125 0.103125
2 0.4 0.1328125 0.071875 0.134375
2 0.340625 0.353125 0.08125 0.184375
2 0.20703125 0.8234375 0.0734375 0.209375
2 0.6953125 0.7796875 0.0875 0.390625
2 0.6265625 0.35703125 0.078125 0.2953125
2 0.5703125 0.07265625 0.040625 0.0890625
3 0.49375 0.19375 0.184375 0.071875
3 0.26640625 0.20234375 0.1484375 0.0515625
3 0.48359375 0.559375 0.2984375 0.0625
3 0.12734375 0.64765625 0.2328125 0.0578125
1 0.4734375 0.8171875 0.29375 0.275
