1 0.4859375 0.44609375 0.190625 0.3734375
1 0.53359375 0.79609375 0.3171875 0.2484375
1 0.7203125 0.15859375 0.159375 0.2859375
1 0.8046875 0.68359375 0.26875 0.5484375
2 0.39375 0.146875 0.078125 0.153125
1 0.12265625 0.63203125 0.2265625 0.2265625
1 0.09296875 0.84609375 0.1421875 0.1609375
1 0.20546875 0.3921875 0.2046875 0.215625
1 0.25078125 0.15703125 0.1859375 0.2078125
1 0.5171875 0.1671875 0.146875 0.159375
2 0.2890625 0.5828125 0.08125 0.2875
2 0.22109375 0.85546875 0.0765625 0.1796875
2 0.34453125 0.3359375 0.0546875 0.146875
0 0.05703125 0.31796875 0.1015625 0.1296875
