3 0.39921875 0.19765625 0.3953125 0.0609375
3 0.490625 0.5265625 0.31875 0.046875
3 0.153125 0.62734375 0.2375 0.0921875
1 0.47890625 0.7921875 0.4296875 0.403125
1 0.428125 0.3578125 0.39375 0.25625
1 0.4703125 0.0921875 0.2 0.125
1 0.80859375 0.49921875 0.2140625 0.3296875
2 0.36953125 0.2796875 0.0765625 0.20625
2 0.246875 0.85078125 0.078125 0.2578125
1 0.69375 0.23828125 0.078125 0.1109375
1 0.64296875 0.11484375 0.1015625 0.1546875
1 0.0921875 0.21953125 0.14375 0.1796875
1 0.10703125 0.48359375 0.1578125 0.1953125
1 0.89296875 0.82265625 0.1890625 0.2734375
