1 0.3625 0.11171875 0.115625 0.1390625
1 0.2953125 0.33125 0.184375 0.215625
1 0.1828125 0.63359375 0.21875 0.3109375
1 0.10078125 0.8734375 0.1234375 0.1625
3 0.66015625 0.190625 0.0765625 0.059375
3 0.80390625 0.61484375 0.1078125 0.0609375
2 0.1640625 0.409375 0.065625 0.103125
2 0.221875 0.27578125 0.05 0.0734375
2 0.28125 0.159375 0.04375 0.08125
2 0.1046875 0.54609375 0.059375 0.1171875
2 0.04296875 0.68046875 0.0765625 0.1234375
2 0.04453125 0.23203125 0.0734375 0.0796875
2 0.16171875 0.0984375 0.1171875 0.125
2 0.73125 0.62421875 0.065625 0.1984375
2 0.76953125 0.84375 0.0953125 0.228125
