1 0.48203125 0.534375 0.2734375 0.2625
1 0.13359375 0.7359375 0.2328125 0.2375
1 0.40625 0.8109375 0.209375 0.196875
1 0.50859375 0.24375 0.1546875 0.13125
3 0.3875 0.16328125 0.36875 0.0828125
3 0.83515625 0.69921875 0.2109375 0.0453125
3 0.77890625 0.5140625 0.1703125 0.1
3 0.7078125 0.296875 0.125 0.071875
3 0.6734375 0.184375 0.10625 0.053125
2 0.24609375 0.80703125 0.1140625 0.2890625
2 0.34921875 0.3140625 0.0609375 0.1875
2 0.415625 0.0859375 0.05 0.11875
2 0.6625 0.65078125 0.059375 0.2171875
2 0.71171875 0.8921875 0.0453125 0.14375
1 0.85 0.9078125 0.146875 0.128125
1 0.2125 0.3234375 0.2375 0.18125
1 0.13359375 0.51015625 0.2515625 0.1921875
