3 0.8375 0.66640625 0.259375 0.0890625
3 0.73203125 0.33828125 0.1484375 0.0609375
3 0.6890625 0.265625 0.121875 0.03125
3 0.67890625 0.18671875 0.1171875 0.0578125
3 0.640625 0.06953125 0.096875 0.0265625
2 0.33984375 0.3921875 0.0796875 0.303125
2 0.42265625 0.078125 0.0703125 0.13125
2 0.23125 0.86171875 0.14375 0.2171875
2 0.721875 0.8484375 0.096875 0.21875
2 0.65703125 0.4390625 0.0890625 0.259375
2 0.60078125 0.178125 0.0578125 0.234375
3 0.16640625 0.1140625 0.0765625 0.05
3 0.49296875 0.63828125 0.3671875 0.0765625
3 0.13828125 0.70078125 0.2453125 0.0671875
3 0.50234375 0.209375 0.1859375 0.075
3 0.2984375 0.21953125 0.128125 0.0421875
