3 0.37578125 0.22734375 0.4546875 0.0890625
3 0.340625 0.696875 0.640625 0.184375
3 0.82734375 0.65234375 0.2265625 0.0890625
3 0.71953125 0.34921875 0.1484375 0.1046875
3 0.678125 0.17421875 0.1875 0.0640625
3 0.625 0.0375 0.134375 0.065625
3 0.065625 0.296875 0.096875 0.05
2 0.72734375 0.8390625 0.0828125 0.228125
2 0.67421875 0.5109375 0.0890625 0.18125
2 0.6125 0.31796875 0.065625 0.1578125
2 0.5828125 0.11328125 0.046875 0.0703125
2 0.225 0.109375 0.08125 0.11875
1 0.16953125 0.45078125 0.1515625 0.2140625
