1 0.5375 0.7390625 0.321875 0.396875
3 0.8484375 0.6 0.234375 0.08125
3 0.709375 0.225 0.14375 0.065625
3 0.66796875 0.13046875 0.0921875 0.0453125
2 0.2953125 0.5671875 0.13125 0.36875
2 0.41328125 0.12734375 0.0609375 0.1703125
3 0.415625 0.0171875 0.2875 0.03125
3 0.09765625 0.2125 0.1078125 0.059375
2 0.21796875 0.88203125 0.0546875 0.1953125
2 0.7515625 0.87578125 0.053125 0.2109375
2 0.65625 0.409375 0.059375 0.18125
2 0.5953125 0.13125 0.0375 0.159375
3 0.24765625 0.2546875 0.1140625 0.05
3 0.4609375 0.26796875 0.1125 0.0515625
