1 0.3703125 0.09140625 0.11875 0.0984375
1 0.33125 0.20703125 0.1375 0.1203125
1 0.2484375 0.3828125 0.140625 0.159375
1 0.171875 0.6078125 0.15 0.19375
1 0.07578125 0.85234375 0.1203125 0.2234375
2 0.04453125 0.6328125 0.0734375 0.140625
2 0.11171875 0.49296875 0.0671875 0.1203125
2 0.17578125 0.37265625 0.0546875 0.0953125
2 0.22734375 0.26875 0.0609375 0.090625
2 0.27109375 0.17734375 0.0515625 0.0734375
0 0.7453125 0.8265625 0.128125 0.271875
0 0.64921875 0.28203125 0.0953125 0.1671875
0 0.4421875 0.26796875 0.0625 0.1265625
