3 0.36328125 0.2546875 0.4921875 0.08125
1 0.14921875 0.58984375 0.2796875 0.3390625
1 0.4984375 0.57734375 0.234375 0.2828125
3 0.7125 0.321875 0.125 0.06875
3 0.81953125 0.60078125 0.1859375 0.1078125
2 0.3390625 0.36796875 0.071875 0.1296875
2 0.42109375 0.05703125 0.0453125 0.1046875
3 0.76171875 0.4140625 0.1078125 0.06875
3 0.6515625 0.0703125 0.059375 0.046875
3 0.52578125 0.809375 0.4234375 0.11875
3 0.08984375 0.84453125 0.1734375 0.0578125
2 0.2140625 0.934375 0.053125 0.08125
2 0.746875 0.915625 0.05625 0.140625
0 0.7046875 0.7125 0.0625 0.1125
0 0.65703125 0.44296875 0.0765625 0.1921875
