3 0.32265625 0.38046875 0.5484375 0.0703125
1 0.2484375 0.23203125 0.140625 0.1890625
1 0.43984375 0.1046875 0.2484375 0.096875
2 0.2625 0.740625 0.140625 0.43125
1 0.675 0.178125 0.140625 0.171875
1 0.7484375 0.37421875 0.1875 0.1796875
1 0.81875 0.57109375 0.225 0.1734375
1 0.8515625 0.79296875 0.2125 0.2140625
1 0.14375 0.5078125 0.253125 0.15
1 0.1296875 0.69296875 0.234375 0.1859375
1 0.11640625 0.8765625 0.1828125 0.15625
1 0.57265625 0.70234375 0.1734375 0.1796875
1 0.54296875 0.9 0.3671875 0.184375
3 0.4671875 0.22265625 0.246875 0.0671875
3 0.46640625 0.2921875 0.2265625 0.053125
