3 0.396875 0.03359375 0.29375 0.0453125
3 0.7171875 0.365625 0.14375 0.075
3 0.65390625 0.1890625 0.0921875 0.115625
3 0.8125 0.7265625 0.19375 0.1
3 0.7765625 0.9359375 0.165625 0.11875
2 0.29296875 0.3765625 0.1171875 0.275
3 0.43515625 0.5453125 0.2671875 0.053125
3 0.1140625 0.63203125 0.175 0.0546875
3 0.465625 0.18359375 0.16875 0.0546875
3 0.2390625 0.190625 0.1625 0.034375
3 0.14921875 0.08828125 0.0796875 0.0328125
3 0.071875 0.19296875 0.065625 0.0296875
2 0.37578125 0.12578125 0.0484375 0.0953125
2 0.56015625 0.11171875 0.0390625 0.0796875
2 0.584375 0.25546875 0.0375 0.1453125
