3 0.88359375 0.81953125 0.1484375 0.1296875
3 0.65703125 0.125 0.1078125 0.065625
1 0.46328125 0.715625 0.2828125 0.4375
1 0.45390625 0.25234375 0.1453125 0.2046875
2 0.25390625 0.71953125 0.0953125 0.3765625
3 0.7421875 0.36171875 0.134375 0.0765625
3 0.15 0.4203125 0.21875 0.1
2 0.32109375 0.4265625 0.0671875 0.140625
2 0.721875 0.87890625 0.06875 0.1984375
2 0.67578125 0.6625 0.0546875 0.184375
2 0.63984375 0.44765625 0.0734375 0.2171875
2 0.5984375 0.2328125 0.06875 0.171875
2 0.56953125 0.06953125 0.0390625 0.1328125
2 0.2609375 0.05625 0.059375 0.075
2 0.18359375 0.18359375 0.0953125 0.1296875
2 0.09453125 0.31796875 0.0890625 0.1234375
2 0.40546875 0.09140625 0.0734375 0.1328125
