3 0.753125 0.37734375 0.1625 0.0765625
3 0.80234375 0.5296875 0.1890625 0.03125
3 0.8703125 0.67421875 0.221875 0.0828125
3 0.6625 0.128125 0.125 0.05625
3 0.7109375 0.21328125 0.134375 0.0578125
3 0.109375 0.20546875 0.125 0.0546875
1 0.48203125 0.559375 0.2609375 0.2875
1 0.42109375 0.83828125 0.2859375 0.2265625
1 0.48046875 0.19453125 0.1796875 0.2234375
1 0.103125 0.55390625 0.2 0.1984375
2 0.36328125 0.321875 0.0703125 0.184375
2 0.2234375 0.88984375 0.08125 0.1796875
2 0.74765625 0.88828125 0.0609375 0.1828125
