3 0.71875 0.23671875 0.15 0.0328125
3 0.67265625 0.1578125 0.0890625 0.05
1 0.72109375 0.39140625 0.1328125 0.1921875
2 0.34609375 0.37578125 0.0515625 0.2203125
2 0.284375 0.6484375 0.059375 0.190625
2 0.2171875 0.88046875 0.065625 0.1671875
2 0.390625 0.12109375 0.04375 0.1328125
1 0.48515625 0.7 0.3515625 0.33125
1 0.48125 0.92421875 0.40625 0.1140625
1 0.12578125 0.63203125 0.2265625 0.1328125
1 0.48125 0.39609375 0.225 0.2609375
1 0.49765625 0.134375 0.1359375 0.2125
1 0.28046875 0.146875 0.1671875 0.178125
1 0.184375 0.36328125 0.25625 0.2140625
