3 0.48203125 0.3875 0.2953125 0.059375
3 0.184375 0.52890625 0.3125 0.1015625
3 0.41875 0.14296875 0.33125 0.0453125
1 0.503125 0.709375 0.425 0.54375
1 0.5140625 0.26328125 0.19375 0.1734375
3 0.775 0.4484375 0.19375 0.065625
3 0.87109375 0.6 0.1671875 0.071875
3 0.05625 0.28515625 0.090625 0.0546875
2 0.25078125 0.8625 0.0609375 0.2125
2 0.37578125 0.2640625 0.0546875 0.175
2 0.42421875 0.04453125 0.0359375 0.0890625
1 0.22890625 0.340625 0.1734375 0.20625
1 0.11015625 0.76953125 0.2078125 0.2421875
