3 0.6515625 0.23828125 0.13125 0.0640625
3 0.7734375 0.7859375 0.209375 0.096875
3 0.69453125 0.4375 0.1671875 0.165625
2 0.25859375 0.48046875 0.1265625 0.3203125
2 0.375 0.11796875 0.08125 0.1671875
3 0.4515625 0.63828125 0.321875 0.0578125
3 0.253125 0.73515625 0.13125 0.0484375
3 0.10390625 0.74453125 0.1328125 0.0484375
2 0.621875 0.82109375 0.065625 0.2484375
0 0.65625 0.6125 0.11875 0.13125
0 0.7453125 0.903125 0.128125 0.10625
3 0.45859375 0.23671875 0.2203125 0.0609375
3 0.225 0.228125 0.2125 0.06875
