3 0.37890625 0.259375 0.4328125 0.05625
3 0.36484375 0.82265625 0.4828125 0.0921875
1 0.20390625 0.46484375 0.2984375 0.2921875
1 0.4640625 0.55625 0.203125 0.359375
2 0.3171875 0.54140625 0.128125 0.4671875
2 0.40546875 0.13046875 0.0796875 0.2421875
1 0.7875 0.54453125 0.1875 0.2328125
1 0.834375 0.75546875 0.184375 0.1421875
1 0.7171875 0.265625 0.140625 0.203125
1 0.64453125 0.08203125 0.0640625 0.1109375
1 0.1328125 0.7015625 0.265625 0.14375
1 0.29921875 0.1453125 0.1671875 0.1375
0 0.08046875 0.26484375 0.0984375 0.1578125
