3 0.6796875 0.178125 0.103125 0.0375
3 0.71875 0.3015625 0.125 0.0875
3 0.78515625 0.47265625 0.1796875 0.0328125
3 0.84609375 0.715625 0.2828125 0.15
3 0.10859375 0.2078125 0.1265625 0.053125
1 0.515625 0.14765625 0.1375 0.1859375
1 0.49375 0.4125 0.303125 0.309375
1 0.26015625 0.271875 0.2046875 0.209375
1 0.1625 0.56796875 0.2375 0.2984375
2 0.3046875 0.584375 0.05625 0.196875
2 0.25625 0.87265625 0.075 0.2140625
1 0.096875 0.8453125 0.165625 0.2
1 0.434375 0.77421875 0.2375 0.2671875
2 0.403125 0.1359375 0.053125 0.196875
2 0.740625 0.884375 0.065625 0.14375
2 0.68046875 0.54453125 0.0265625 0.1671875
