3 0.73125 0.390625 0.146875 0.0875
3 0.665625 0.22265625 0.1125 0.0546875
3 0.7734375 0.55078125 0.153125 0.0734375
3 0.88046875 0.84453125 0.2015625 0.0890625
1 0.4671875 0.2046875 0.190625 0.203125
1 0.41015625 0.43125 0.1703125 0.215625
1 0.4140625 0.71171875 0.21875 0.2734375
1 0.146875 0.54453125 0.234375 0.3421875
1 0.25625 0.253125 0.184375 0.1625
3 0.09609375 0.184375 0.1234375 0.065625
3 0.63359375 0.096875 0.0765625 0.0375
1 0.046875 0.79609375 0.0875 0.1484375
2 0.68515625 0.8015625 0.0640625 0.25625
2 0.640625 0.51171875 0.05625 0.1984375
