1 0.425 0.54140625 0.209375 0.3203125
3 0.76953125 0.62890625 0.2046875 0.0578125
3 0.69453125 0.3 0.1109375 0.090625
2 0.246875 0.59375 0.078125 0.203125
2 0.6015625 0.35703125 0.053125 0.2859375
2 0.61796875 0.69375 0.0359375 0.325
2 0.64765625 0.9328125 0.0703125 0.10625
2 0.3734375 0.178125 0.05 0.075
1 0.41953125 0.89296875 0.1578125 0.1515625
2 0.14375 0.8921875 0.0875 0.134375
3 0.45703125 0.2640625 0.2078125 0.059375
3 0.23359375 0.26640625 0.2140625 0.0671875
3 0.41796875 0.7765625 0.4078125 0.05
3 0.084375 0.7859375 0.159375 0.05
3 0.05859375 0.25234375 0.0859375 0.0609375
