3 0.32734375 0.6484375 0.6421875 0.121875
3 0.34296875 0.209375 0.4109375 0.053125
1 0.165625 0.39921875 0.24375 0.2640625
1 0.4796875 0.42265625 0.246875 0.2953125
1 0.45546875 0.8515625 0.3984375 0.25
1 0.39765625 0.11953125 0.2921875 0.1109375
3 0.709375 0.29921875 0.14375 0.0578125
3 0.74296875 0.45234375 0.1828125 0.0671875
3 0.81015625 0.6203125 0.1640625 0.040625
3 0.8484375 0.71171875 0.209375 0.0796875
1 0.83203125 0.90234375 0.1296875 0.1859375
2 0.31171875 0.4953125 0.0484375 0.175
2 0.2078125 0.85859375 0.08125 0.1984375
2 0.41796875 0.059375 0.0390625 0.1
2 0.36171875 0.29921875 0.0546875 0.1296875
0 0.709375 0.81328125 0.0625 0.2359375
0 0.6796875 0.590625 0.0375 0.14375
