3 0.2984375 0.3875 0.396875 0.0875
1 0.14375 0.5875 0.23125 0.259375
1 0.25625 0.21796875 0.190625 0.2078125
1 0.4765625 0.74609375 0.334375 0.4171875
1 0.11875 0.80546875 0.196875 0.1734375
3 0.8296875 0.4453125 0.334375 0.065625
3 0.81796875 0.36328125 0.2921875 0.0609375
3 0.8203125 0.5359375 0.25 0.1
3 0.853125 0.659375 0.26875 0.1
3 0.7328125 0.1796875 0.278125 0.096875
3 0.68984375 0.0984375 0.1609375 0.059375
2 0.35546875 0.2984375 0.0546875 0.18125
1 0.8765625 0.834375 0.2375 0.165625
2 0.4140625 0.0953125 0.0625 0.16875
2 0.31640625 0.478125 0.0578125 0.075
2 0.27265625 0.6703125 0.0609375 0.2125
3 0.10234375 0.18671875 0.1171875 0.0515625
