3 0.22578125 0.34140625 0.2484375 0.0890625
3 0.69375 0.27109375 0.165625 0.0703125
3 0.82265625 0.6734375 0.1671875 0.04375
2 0.47734375 0.81875 0.1203125 0.290625
2 0.63125 0.46796875 0.075 0.2859375
2 0.6796875 0.7890625 0.0875 0.30625
2 0.584375 0.240625 0.06875 0.115625
2 0.4890625 0.2609375 0.06875 0.1375
3 0.46484375 0.48984375 0.3078125 0.0578125
3 0.10859375 0.59921875 0.2109375 0.0984375
3 0.65078125 0.14921875 0.1265625 0.0359375
3 0.47890625 0.17265625 0.2109375 0.0515625
3 0.2640625 0.17890625 0.203125 0.0390625
3 0.0953125 0.16875 0.11875 0.046875
3 0.171875 0.096875 0.084375 0.025
