1 0.29765625 0.178125 0.1921875 0.19375
1 0.20859375 0.403125 0.2984375 0.20625
1 0.15703125 0.71328125 0.2765625 0.3328125
1 0.575 0.7453125 0.41875 0.4625
1 0.5125 0.37578125 0.21875 0.1796875
3 0.74765625 0.3859375 0.1578125 0.090625
3 0.8546875 0.66640625 0.190625 0.0796875
3 0.6984375 0.26796875 0.121875 0.0578125
3 0.68046875 0.19453125 0.1328125 0.0328125
3 0.63515625 0.0671875 0.1078125 0.040625
3 0.08125 0.23984375 0.128125 0.0515625
2 0.4203125 0.09765625 0.04375 0.1640625
2 0.346875 0.44140625 0.05625 0.2328125
2 0.303125 0.6828125 0.075 0.24375
