3 0.75703125 0.46953125 0.2203125 0.0796875
3 0.6890625 0.21953125 0.121875 0.0859375
3 0.6328125 0.07109375 0.1375 0.0421875
3 0.06796875 0.26171875 0.0734375 0.0640625
2 0.73671875 0.83828125 0.1453125 0.2890625
2 0.6359375 0.32265625 0.059375 0.1609375
2 0.40625 0.10078125 0.053125 0.1203125
3 0.45546875 0.61953125 0.3421875 0.0953125
3 0.13125 0.7015625 0.221875 0.078125
3 0.4921875 0.21796875 0.1875 0.0765625
3 0.265625 0.22265625 0.184375 0.0484375
1 0.2078125 0.40546875 0.171875 0.2046875
1 0.12265625 0.57109375 0.1203125 0.1015625
