3 0.35703125 0.71640625 0.6703125 0.1484375
3 0.3125 0.23125 0.546875 0.071875
1 0.1609375 0.45390625 0.25625 0.3703125
1 0.49296875 0.44921875 0.2546875 0.1796875
3 0.69609375 0.23125 0.1390625 0.025
3 0.825 0.640625 0.178125 0.078125
2 0.23984375 0.86640625 0.0578125 0.1640625
2 0.35390625 0.37421875 0.0453125 0.1859375
2 0.390625 0.1671875 0.05625 0.14375
1 0.52109375 0.8625 0.2171875 0.196875
1 0.89609375 0.8234375 0.2046875 0.24375
1 0.7546875 0.4125 0.15 0.23125
2 0.315625 0.56484375 0.053125 0.1609375
2 0.73828125 0.8734375 0.0546875 0.240625
2 0.66796875 0.49765625 0.0796875 0.3015625
