3 0.734375 0.415625 0.15 0.090625
3 0.6671875 0.23515625 0.146875 0.1203125
2 0.66953125 0.67109375 0.0796875 0.3453125
3 0.47109375 0.45078125 0.3046875 0.0546875
3 0.1328125 0.55859375 0.259375 0.0796875
2 0.725 0.93125 0.065625 0.096875
2 0.2421875 0.71484375 0.078125 0.2046875
2 0.30078125 0.49765625 0.0296875 0.0859375
2 0.33046875 0.3578125 0.0609375 0.115625
2 0.61015625 0.34453125 0.0578125 0.1453125
2 0.59453125 0.2125 0.0390625 0.096875
2 0.5703125 0.06328125 0.034375 0.0921875
3 0.4765625 0.15703125 0.175 0.0703125
3 0.28125 0.16484375 0.159375 0.0515625
1 0.21484375 0.3265625 0.1328125 0.2125
1 0.0734375 0.68359375 0.125 0.1578125
