3 0.3953125 0.1296875 0.396875 0.028125
1 0.2265625 0.33515625 0.2375 0.2609375
1 0.1375 0.671875 0.203125 0.215625
3 0.80078125 0.4984375 0.1734375 0.053125
3 0.7390625 0.35390625 0.121875 0.0984375
3 0.6953125 0.2609375 0.125 0.06875
3 0.6734375 0.18671875 0.103125 0.0484375
2 0.29375 0.703125 0.075 0.2625
2 0.24453125 0.90546875 0.0671875 0.1078125
2 0.37421875 0.2484375 0.0546875 0.153125
2 0.41484375 0.06875 0.0671875 0.096875
3 0.88125 0.9125 0.1625 0.103125
1 0.56171875 0.7015625 0.3328125 0.4875
3 0.49140625 0.39609375 0.2890625 0.0796875
3 0.165625 0.48984375 0.303125 0.0578125
1 0.5234375 0.265625 0.1875 0.16875
