1 0.853125 0.61484375 0.2625 0.3703125
3 0.71015625 0.2046875 0.1546875 0.04375
3 0.66328125 0.11640625 0.1046875 0.0765625
3 0.09453125 0.20625 0.1453125 0.040625
2 0.09765625 0.309375 0.1203125 0.134375
2 0.346875 0.3328125 0.08125 0.1
2 0.2796875 0.6859375 0.059375 0.153125
3 0.49921875 0.41171875 0.2734375 0.0390625
3 0.14375 0.50234375 0.26875 0.0578125
3 0.503125 0.13203125 0.18125 0.0390625
3 0.3 0.14375 0.178125 0.028125
2 0.05 0.628125 0.0875 0.125
2 0.66875 0.56796875 0.071875 0.1734375
2 0.70625 0.80390625 0.09375 0.2484375
