2 0.32578125 0.2625 0.0890625 0.140625
2 0.1890625 0.80078125 0.146875 0.3171875
2 0.63984375 0.77421875 0.0640625 0.2703125
3 0.61015625 0.0765625 0.0828125 0.053125
3 0.14375 0.39609375 0.24375 0.0921875
3 0.465625 0.50546875 0.2375 0.0828125
0 0.71484375 0.47734375 0.1859375 0.1015625
0 0.646875 0.26484375 0.1375 0.1734375
3 0.11328125 0.6171875 0.1984375 0.08125
3 0.46328125 0.08046875 0.1609375 0.0453125
3 0.27890625 0.090625 0.1734375 0.025
3 0.459375 0.13203125 0.19375 0.0515625
3 0.25078125 0.13671875 0.1734375 0.0546875
