3 0.19140625 0.47265625 0.2953125 0.0421875
3 0.39375 0.11875 0.346875 0.0625
3 0.503125 0.375 0.2875 0.059375
3 0.784375 0.4484375 0.159375 0.078125
3 0.71171875 0.234375 0.1546875 0.0625
3 0.6453125 0.053125 0.08125 0.025
2 0.3890625 0.25390625 0.090625 0.2109375
2 0.2984375 0.70859375 0.090625 0.3984375
3 0.065625 0.265625 0.10625 0.040625
0 0.7421875 0.88203125 0.115625 0.1953125
0 0.71015625 0.6640625 0.0796875 0.18125
0 0.68125 0.49765625 0.053125 0.1109375
0 0.61796875 0.25234375 0.0546875 0.1640625
2 0.42578125 0.05234375 0.0546875 0.0953125
