3 0.30234375 0.5 0.5921875 0.1875
1 0.47578125 0.309375 0.2609375 0.175
3 0.84375 0.63828125 0.221875 0.0671875
3 0.73671875 0.31796875 0.1484375 0.0828125
1 0.46796875 0.8109375 0.2609375 0.35625
2 0.23515625 0.7953125 0.1015625 0.321875
2 0.36328125 0.309375 0.0578125 0.203125
2 0.42734375 0.0546875 0.0484375 0.09375
2 0.69140625 0.71171875 0.0921875 0.4328125
2 0.6359375 0.37734375 0.040625 0.1984375
3 0.071875 0.253125 0.109375 0.0625
3 0.16875 0.10546875 0.071875 0.0296875
3 0.63671875 0.08984375 0.1046875 0.0734375
3 0.48984375 0.12109375 0.1546875 0.0703125
3 0.3203125 0.1078125 0.15625 0.0375
3 0.28828125 0.16171875 0.1609375 0.0546875
