3 0.446875 0.46328125 0.325 0.1328125
1 0.45703125 0.6203125 0.1984375 0.184375
3 0.16015625 0.57578125 0.2796875 0.0640625
3 0.6515625 0.18515625 0.103125 0.0453125
3 0.76640625 0.44453125 0.1203125 0.0734375
3 0.80859375 0.66640625 0.2421875 0.0609375
3 0.7734375 0.8359375 0.234375 0.0875
3 0.6234375 0.09375 0.125 0.015625
2 0.3375 0.26484375 0.10625 0.3453125
2 0.6578125 0.7515625 0.096875 0.403125
2 0.6046875 0.31171875 0.0875 0.2671875
3 0.4828125 0.0421875 0.1375 0.034375
3 0.3171875 0.065625 0.15 0.046875
