1 0.29140625 0.15390625 0.1421875 0.1546875
1 0.1609375 0.3703125 0.278125 0.240625
1 0.115625 0.66640625 0.2 0.2515625
1 0.45546875 0.4890625 0.2953125 0.246875
1 0.48515625 0.7375 0.3421875 0.253125
2 0.46328125 0.2203125 0.0859375 0.209375
3 0.20390625 0.02109375 0.0703125 0.0359375
1 0.08125 0.8796875 0.153125 0.146875
2 0.084375 0.1734375 0.1375 0.171875
2 0.1734375 0.096875 0.05625 0.06875
2 0.66875 0.66171875 0.046875 0.1859375
2 0.70859375 0.8703125 0.0671875 0.16875
2 0.646875 0.4796875 0.059375 0.1625
2 0.6171875 0.3109375 0.040625 0.121875
