3 0.38984375 0.1875 0.3578125 0.09375
3 0.775 0.53984375 0.16875 0.0953125
3 0.7515625 0.43828125 0.11875 0.0859375
3 0.81328125 0.78515625 0.1515625 0.0640625
3 0.6359375 0.15078125 0.103125 0.0703125
3 0.134375 0.12109375 0.1375 0.0421875
2 0.32109375 0.3921875 0.1078125 0.278125
2 0.4046875 0.09453125 0.06875 0.1453125
2 0.6921875 0.7921875 0.090625 0.40625
2 0.628125 0.38515625 0.06875 0.2640625
2 0.58203125 0.09765625 0.0265625 0.1015625
3 0.465625 0.5265625 0.321875 0.08125
3 0.13359375 0.62890625 0.2140625 0.0640625
1 0.45234375 0.81953125 0.3234375 0.3390625
2 0.18359375 0.88359375 0.0859375 0.1921875
