3 0.784375 0.446875 0.159375 0.05625
3 0.14140625 0.4375 0.1765625 0.059375
1 0.48984375 0.6390625 0.2484375 0.40625
1 0.47109375 0.92421875 0.4359375 0.1421875
1 0.071875 0.28515625 0.121875 0.1890625
3 0.80234375 0.56953125 0.1859375 0.0640625
2 0.34609375 0.34296875 0.0671875 0.0796875
2 0.62421875 0.36328125 0.0484375 0.1140625
2 0.64921875 0.5125 0.0609375 0.125
2 0.671875 0.68671875 0.065625 0.1578125
2 0.715625 0.87421875 0.065625 0.1859375
3 0.37578125 0.23203125 0.4296875 0.0546875
3 0.66015625 0.1921875 0.1203125 0.025
