3 0.36015625 0.1484375 0.3953125 0.125
3 0.68984375 0.3703125 0.1421875 0.06875
2 0.29921875 0.325 0.0609375 0.184375
2 0.2328125 0.56875 0.0875 0.215625
2 0.3890625 0.065625 0.065625 0.09375
3 0.12578125 0.5546875 0.2203125 0.065625
3 0.42734375 0.44375 0.2640625 0.071875
3 0.59921875 0.0703125 0.0921875 0.053125
0 0.71953125 0.4828125 0.2140625 0.090625
0 0.7765625 0.66328125 0.234375 0.1359375
0 0.7953125 0.8859375 0.325 0.178125
0 0.6375 0.68125 0.065625 0.1625
0 0.6125 0.47109375 0.075 0.1484375
0 0.59609375 0.328125 0.0921875 0.121875
3 0.63828125 0.18515625 0.1203125 0.0328125
3 0.63046875 0.11875 0.0859375 0.01875
