1 0.47578125 0.32421875 0.2078125 0.1609375
3 0.8640625 0.809375 0.2125 0.134375
3 0.7859375 0.56953125 0.20625 0.1046875
3 0.725 0.3359375 0.15 0.13125
3 0.65625 0.1546875 0.14375 0.053125
2 0.33515625 0.3375 0.0421875 0.19375
2 0.23828125 0.8109375 0.0859375 0.290625
2 0.68671875 0.72421875 0.0984375 0.4046875
2 0.40625 0.11328125 0.065625 0.1265625
3 0.1265625 0.16171875 0.115625 0.0484375
3 0.1453125 0.121875 0.071875 0.046875
3 0.4703125 0.47578125 0.296875 0.0578125
3 0.134375 0.60703125 0.215625 0.0953125
2 0.62109375 0.33359375 0.0671875 0.2734375
3 0.4890625 0.1828125 0.2 0.075
3 0.27890625 0.1921875 0.1734375 0.065625
1 0.446875 0.76015625 0.2875 0.4265625
1 0.16796875 0.47109375 0.2015625 0.1890625
