3 0.77421875 0.6875 0.2671875 0.075
3 0.6359375 0.2109375 0.121875 0.05
2 0.27265625 0.446875 0.1171875 0.275
2 0.3703125 0.0953125 0.046875 0.134375
3 0.759375 0.81953125 0.146875 0.0484375
3 0.64765625 0.30703125 0.0765625 0.0421875
3 0.63359375 0.11015625 0.0828125 0.0390625
3 0.2 0.040625 0.071875 0.025
3 0.1046875 0.153125 0.075 0.053125
2 0.63671875 0.86875 0.0484375 0.190625
3 0.4171875 0.7046875 0.378125 0.13125
3 0.08359375 0.74765625 0.1515625 0.0515625
3 0.21953125 0.2375 0.1703125 0.065625
3 0.45234375 0.23984375 0.2078125 0.0640625
