1 0.50625 0.2046875 0.1375 0.209375
1 0.2640625 0.19296875 0.190625 0.2296875
1 0.17890625 0.43203125 0.2796875 0.1984375
1 0.14453125 0.715625 0.2203125 0.303125
1 0.534375 0.75625 0.24375 0.453125
2 0.3109375 0.51015625 0.090625 0.2265625
2 0.41171875 0.0859375 0.0671875 0.13125
1 0.7796875 0.1453125 0.31875 0.178125
1 0.79375 0.3125 0.340625 0.15625
1 0.83515625 0.5125 0.2953125 0.20625
1 0.8625 0.80390625 0.265625 0.3328125
2 0.26171875 0.70546875 0.0703125 0.1078125
2 0.365625 0.25859375 0.065625 0.1921875
