1 0.4765625 0.80234375 0.36875 0.3546875
3 0.71875 0.2625 0.1375 0.053125
3 0.7546875 0.4546875 0.184375 0.10625
3 0.809375 0.6375 0.25 0.103125
2 0.41640625 0.071875 0.0453125 0.1375
2 0.5875 0.171875 0.075 0.3
2 0.68984375 0.70703125 0.1296875 0.4734375
2 0.33828125 0.434375 0.0828125 0.2625
2 0.23515625 0.8203125 0.0796875 0.2875
3 0.48984375 0.415625 0.2671875 0.05625
3 0.15 0.57265625 0.2875 0.0734375
1 0.07578125 0.76953125 0.1015625 0.1859375
1 0.47734375 0.20078125 0.1515625 0.1421875
1 0.25078125 0.2328125 0.2046875 0.184375
