3 0.32421875 0.49140625 0.6234375 0.1390625
1 0.459375 0.31015625 0.21875 0.2078125
3 0.7234375 0.28203125 0.159375 0.0890625
3 0.86640625 0.63984375 0.2109375 0.0578125
2 0.425 0.8140625 0.071875 0.346875
2 0.3609375 0.31953125 0.05 0.1953125
2 0.42109375 0.05703125 0.0390625 0.0890625
2 0.69140625 0.728125 0.1046875 0.4875
2 0.6234375 0.29609375 0.075 0.2734375
2 0.24140625 0.87265625 0.0984375 0.2015625
3 0.06640625 0.26015625 0.1046875 0.0546875
3 0.175 0.11484375 0.103125 0.0609375
3 0.5 0.12890625 0.14375 0.0640625
3 0.31015625 0.11015625 0.1609375 0.0390625
3 0.2875 0.16640625 0.165625 0.0640625
1 0.25 0.33046875 0.1625 0.1828125
