3 0.74140625 0.31875 0.2015625 0.0375
3 0.8953125 0.79140625 0.175 0.0796875
2 0.05859375 0.7359375 0.1109375 0.26875
2 0.32109375 0.60546875 0.0734375 0.2890625
2 0.24921875 0.86484375 0.0796875 0.1921875
2 0.38828125 0.29921875 0.0609375 0.1796875
2 0.421875 0.12734375 0.059375 0.0859375
3 0.0734375 0.92265625 0.121875 0.0609375
3 0.51640625 0.43125 0.3078125 0.059375
3 0.16015625 0.52578125 0.2734375 0.0859375
3 0.51640625 0.18125 0.1921875 0.06875
3 0.296875 0.18671875 0.196875 0.0421875
3 0.509375 0.0515625 0.134375 0.040625
3 0.3296875 0.06484375 0.159375 0.0265625
3 0.3078125 0.12421875 0.15625 0.0421875
1 0.52890625 0.74609375 0.2984375 0.4484375
3 0.05625 0.30703125 0.090625 0.0390625
