1 0.46171875 0.29140625 0.1609375 0.3203125
3 0.8015625 0.51328125 0.171875 0.0890625
3 0.7078125 0.30703125 0.140625 0.0578125
2 0.325 0.428125 0.08125 0.228125
2 0.24375 0.77265625 0.09375 0.2078125
2 0.40703125 0.07890625 0.0453125 0.1453125
2 0.70390625 0.77578125 0.1046875 0.4234375
2 0.615625 0.2765625 0.084375 0.33125
3 0.05703125 0.284375 0.0828125 0.04375
3 0.12578125 0.15625 0.1015625 0.046875
2 0.05625 0.74921875 0.06875 0.1640625
2 0.065625 0.36875 0.103125 0.115625
3 0.47265625 0.51484375 0.2953125 0.0765625
3 0.15 0.60703125 0.25625 0.0765625
1 0.225 0.33359375 0.1375 0.1296875
1 0.1234375 0.4796875 0.2125 0.128125
