1 0.53515625 0.478125 0.1265625 0.278125
3 0.68125 0.2015625 0.10625 0.075
3 0.77578125 0.37734375 0.1484375 0.0703125
3 0.84140625 0.584375 0.1609375 0.103125
3 0.484375 0.66328125 0.384375 0.0734375
3 0.1359375 0.76015625 0.21875 0.0796875
1 0.53671875 0.8484375 0.1734375 0.2375
2 0.26015625 0.884375 0.0921875 0.165625
3 0.5 0.24765625 0.234375 0.0796875
1 0.06015625 0.2890625 0.0984375 0.2
1 0.17578125 0.1484375 0.0765625 0.15
1 0.23125 0.33203125 0.225 0.2171875
1 0.1578125 0.58046875 0.225 0.2390625
2 0.7390625 0.8734375 0.065625 0.2125
