3 0.3421875 0.64765625 0.6125 0.1671875
1 0.2328125 0.42890625 0.30625 0.2328125
2 0.40234375 0.12265625 0.0546875 0.1734375
2 0.3328125 0.434375 0.078125 0.34375
2 0.2421875 0.83046875 0.090625 0.2765625
1 0.6953125 0.2109375 0.140625 0.121875
1 0.7578125 0.39375 0.19375 0.175
1 0.82109375 0.64609375 0.2109375 0.2578125
1 0.09765625 0.23515625 0.1296875 0.1078125
1 0.1859375 0.1 0.109375 0.115625
1 0.49609375 0.4234375 0.0828125 0.121875
3 0.48984375 0.2015625 0.1796875 0.0625
3 0.27109375 0.21953125 0.1703125 0.0453125
