3 0.359375 0.19140625 0.3875 0.0703125
3 0.42578125 0.55546875 0.3546875 0.0828125
3 0.76484375 0.5875 0.2078125 0.08125
3 0.68359375 0.353125 0.1515625 0.078125
3 0.62421875 0.203125 0.1203125 0.053125
3 0.63359375 0.11875 0.0828125 0.05625
2 0.303125 0.3234375 0.078125 0.196875
2 0.1734375 0.796875 0.1125 0.34375
3 0.93046875 0.8671875 0.1359375 0.084375
3 0.065625 0.1921875 0.11875 0.05
0 0.66171875 0.68828125 0.0984375 0.1203125
2 0.5640625 0.1015625 0.03125 0.1
2 0.36953125 0.13203125 0.0453125 0.1140625
0 0.6609375 0.87578125 0.0625 0.2078125
0 0.60390625 0.3828125 0.0703125 0.234375
