1 0.50703125 0.14140625 0.1453125 0.1421875
1 0.49765625 0.2984375 0.2578125 0.115625
1 0.5109375 0.51875 0.26875 0.259375
1 0.48046875 0.78828125 0.3109375 0.2234375
1 0.31171875 0.14453125 0.1484375 0.1265625
1 0.26953125 0.26328125 0.1390625 0.0953125
1 0.16875 0.5015625 0.253125 0.221875
1 0.1390625 0.76796875 0.1625 0.2140625
3 0.2125 0.35390625 0.2375 0.0671875
3 0.7671875 0.39609375 0.134375 0.1140625
3 0.68515625 0.1890625 0.1203125 0.071875
2 0.72890625 0.7171875 0.0609375 0.215625
2 0.7546875 0.9015625 0.071875 0.121875
