3 0.21796875 0.35859375 0.2203125 0.0609375
3 0.86484375 0.8296875 0.2015625 0.090625
2 0.61171875 0.37109375 0.0484375 0.2296875
2 0.665625 0.7484375 0.109375 0.384375
2 0.45859375 0.8015625 0.0765625 0.290625
3 0.44609375 0.20390625 0.1890625 0.0640625
3 0.23828125 0.2109375 0.1609375 0.04375
3 0.4828125 0.51796875 0.275 0.0453125
3 0.109375 0.62421875 0.2125 0.0859375
3 0.759375 0.51328125 0.16875 0.0671875
3 0.47578125 0.071875 0.1390625 0.04375
3 0.30703125 0.0796875 0.1359375 0.034375
3 0.62578125 0.07578125 0.0953125 0.0296875
3 0.6734375 0.24375 0.1 0.053125
2 0.58046875 0.14609375 0.0421875 0.1359375
