1 0.465625 0.37109375 0.240625 0.2671875
1 0.4421875 0.69609375 0.3125 0.3046875
3 0.7859375 0.53046875 0.19375 0.0796875
3 0.76484375 0.43515625 0.1453125 0.0859375
2 0.31015625 0.365625 0.1078125 0.353125
2 0.39453125 0.0875 0.0828125 0.15625
3 0.35625 0.903125 0.625 0.14375
3 0.178125 0.0625 0.11875 0.05625
0 0.69765625 0.74375 0.1109375 0.19375
0 0.5890625 0.14296875 0.06875 0.1265625
0 0.63046875 0.340625 0.0796875 0.190625
0 0.73515625 0.92265625 0.1015625 0.1234375
3 0.0578125 0.1890625 0.096875 0.0625
