3 0.834375 0.70390625 0.175 0.0453125
1 0.24609375 0.23515625 0.1203125 0.1609375
1 0.13046875 0.4265625 0.2046875 0.175
1 0.08984375 0.62734375 0.1765625 0.1765625
1 0.48671875 0.44921875 0.2265625 0.2171875
2 0.33984375 0.8046875 0.1453125 0.3875
2 0.36875 0.15390625 0.08125 0.1140625
2 0.33203125 0.33046875 0.0359375 0.1296875
2 0.27109375 0.49296875 0.0828125 0.1734375
2 0.1734375 0.81328125 0.1375 0.3421875
2 0.58515625 0.1984375 0.0296875 0.2875
3 0.72265625 0.37578125 0.1109375 0.0546875
3 0.76171875 0.5625 0.1171875 0.04375
2 0.11640625 0.2359375 0.1015625 0.134375
