1 0.4796875 0.88125 0.390625 0.190625
1 0.46796875 0.42734375 0.2734375 0.3015625
1 0.36875 0.203125 0.34375 0.15625
3 0.6828125 0.20625 0.1625 0.053125
3 0.70703125 0.32578125 0.1515625 0.0984375
3 0.8296875 0.7984375 0.21875 0.090625
3 0.7703125 0.51953125 0.203125 0.1234375
2 0.35078125 0.27578125 0.0921875 0.2703125
2 0.21953125 0.853125 0.1015625 0.215625
2 0.6484375 0.475 0.065625 0.240625
2 0.696875 0.815625 0.071875 0.278125
2 0.5859375 0.153125 0.065625 0.259375
3 0.05625 0.26484375 0.09375 0.0390625
3 0.46171875 0.6578125 0.3265625 0.090625
3 0.115625 0.7109375 0.225 0.05625
