3 0.71484375 0.41171875 0.1484375 0.0546875
3 0.77890625 0.5015625 0.1765625 0.075
3 0.7796875 0.60078125 0.265625 0.0609375
3 0.81875 0.71171875 0.2375 0.0515625
3 0.85078125 0.8484375 0.2296875 0.16875
3 0.71171875 0.2953125 0.0921875 0.059375
3 0.67890625 0.20859375 0.1046875 0.0453125
1 0.4859375 0.1515625 0.2125 0.14375
1 0.428125 0.321875 0.146875 0.146875
1 0.36875 0.5515625 0.16875 0.23125
1 0.30390625 0.1203125 0.1328125 0.15
1 0.23203125 0.31875 0.2296875 0.209375
1 0.11328125 0.66171875 0.2140625 0.4109375
