1 0.2953125 0.153125 0.16875 0.178125
1 0.17265625 0.4734375 0.2703125 0.315625
1 0.5140625 0.6953125 0.353125 0.3375
1 0.1359375 0.7796875 0.196875 0.228125
3 0.56328125 0.1421875 0.2765625 0.04375
3 0.6984375 0.29609375 0.18125 0.0515625
3 0.80859375 0.55625 0.2078125 0.0625
3 0.87890625 0.81953125 0.1640625 0.1703125
3 0.09453125 0.19921875 0.1015625 0.0296875
2 0.375 0.2546875 0.084375 0.353125
2 0.25625 0.78125 0.1 0.390625
1 0.53046875 0.38671875 0.1953125 0.1984375
1 0.853125 0.4359375 0.065625 0.0875
