3 0.38828125 0.1921875 0.3953125 0.075
1 0.47109375 0.3453125 0.2390625 0.215625
1 0.46953125 0.68046875 0.3328125 0.3734375
1 0.453125 0.93515625 0.38125 0.0953125
1 0.1625 0.38125 0.203125 0.1625
3 0.8640625 0.74140625 0.225 0.1265625
3 0.79375 0.5234375 0.1875 0.075
3 0.70625 0.3125 0.14375 0.046875
1 0.16484375 0.6609375 0.2640625 0.265625
1 0.6921875 0.4140625 0.084375 0.1125
1 0.67734375 0.18203125 0.1453125 0.1796875
2 0.40703125 0.1015625 0.0484375 0.1
2 0.321875 0.4515625 0.05 0.14375
2 0.24140625 0.8265625 0.0671875 0.21875
1 0.28984375 0.103125 0.1359375 0.096875
2 0.35078125 0.290625 0.0640625 0.078125
0 0.67421875 0.6375 0.0640625 0.140625
0 0.7078125 0.8328125 0.059375 0.221875
