3 0.45625 0.784375 0.4625 0.08125
3 0.371875 0.2625 0.459375 0.065625
1 0.48671875 0.5875 0.2671875 0.24375
1 0.14375 0.53359375 0.2625 0.2890625
3 0.67109375 0.190625 0.1421875 0.06875
2 0.34296875 0.4015625 0.0671875 0.203125
2 0.29921875 0.63359375 0.0515625 0.1546875
2 0.403125 0.11484375 0.05 0.1234375
1 0.121875 0.7765625 0.196875 0.134375
1 0.9171875 0.7984375 0.1625 0.1625
1 0.78359375 0.43828125 0.1578125 0.1609375
2 0.7546875 0.89453125 0.090625 0.1828125
2 0.7015625 0.61484375 0.0875 0.1921875
2 0.6578125 0.41015625 0.071875 0.1734375
2 0.37265625 0.91875 0.0703125 0.140625
1 0.21171875 0.34453125 0.1703125 0.0828125
1 0.30078125 0.1375 0.1390625 0.125
