1 0.31015625 0.17109375 0.1703125 0.2015625
1 0.153125 0.4703125 0.253125 0.296875
1 0.521875 0.6671875 0.3125 0.5
1 0.11484375 0.75078125 0.2265625 0.1828125
3 0.80625 0.58515625 0.21875 0.0859375
3 0.8828125 0.8203125 0.190625 0.1375
3 0.7078125 0.3046875 0.121875 0.059375
3 0.56875 0.15078125 0.284375 0.0578125
3 0.090625 0.2078125 0.11875 0.046875
2 0.38828125 0.2234375 0.0765625 0.290625
2 0.2578125 0.78125 0.09375 0.3625
2 0.334375 0.4484375 0.034375 0.0625
0 0.8609375 0.44453125 0.059375 0.1140625
