1 0.259375 0.215625 0.20625 0.24375
1 0.1609375 0.51015625 0.284375 0.2484375
1 0.13046875 0.81171875 0.2296875 0.2640625
3 0.77109375 0.48828125 0.1484375 0.0734375
3 0.71953125 0.3984375 0.1609375 0.05625
3 0.68359375 0.24140625 0.1359375 0.0609375
2 0.4046875 0.11484375 0.059375 0.1796875
2 0.334375 0.48671875 0.06875 0.2671875
2 0.2734375 0.7390625 0.046875 0.140625
2 0.64609375 0.55390625 0.0734375 0.2109375
2 0.6953125 0.80234375 0.1 0.2234375
3 0.8765625 0.87890625 0.175 0.1578125
3 0.8125 0.57265625 0.171875 0.0765625
3 0.65234375 0.11328125 0.0796875 0.0453125
3 0.62578125 0.06640625 0.0953125 0.0203125
