3 0.36796875 0.20703125 0.5953125 0.1015625
3 0.3890625 0.084375 0.45 0.08125
2 0.040625 0.68046875 0.071875 0.1484375
2 0.38046875 0.1453125 0.0734375 0.096875
2 0.31640625 0.34921875 0.0953125 0.2046875
2 0.20703125 0.80078125 0.1421875 0.3765625
3 0.87109375 0.834375 0.1640625 0.109375
3 0.72109375 0.39375 0.0703125 0.065625
2 0.71015625 0.71015625 0.0859375 0.2015625
2 0.7328125 0.91484375 0.103125 0.1578125
2 0.615625 0.3 0.090625 0.128125
3 0.1625 0.5125 0.28125 0.0625
3 0.49453125 0.38671875 0.2640625 0.0640625
2 0.653125 0.553125 0.075 0.203125
