3 0.49375 0.7671875 0.428125 0.096875
3 0.1390625 0.66796875 0.2625 0.0734375
3 0.090625 0.58359375 0.175 0.0828125
3 0.4703125 0.584375 0.3 0.06875
3 0.8390625 0.75390625 0.171875 0.0640625
2 0.384375 0.12421875 0.059375 0.1328125
2 0.325 0.38203125 0.04375 0.2234375
2 0.26875 0.6078125 0.028125 0.134375
3 0.26484375 0.06171875 0.1453125 0.0484375
2 0.21015625 0.84921875 0.1171875 0.2515625
3 0.51015625 0.1953125 0.2828125 0.065625
3 0.21796875 0.20625 0.2671875 0.040625
3 0.140625 0.4078125 0.275 0.0625
3 0.521875 0.45859375 0.265625 0.1015625
3 0.665625 0.33671875 0.11875 0.0421875
2 0.7390625 0.88125 0.059375 0.140625
