3 0.81171875 0.696875 0.1703125 0.071875
2 0.31640625 0.46484375 0.1234375 0.4640625
2 0.378125 0.13125 0.053125 0.078125
2 0.40078125 0.03125 0.0515625 0.05
2 0.60234375 0.6921875 0.0984375 0.309375
2 0.56796875 0.43125 0.0421875 0.115625
2 0.10078125 0.6421875 0.1390625 0.253125
2 0.2421875 0.34921875 0.065625 0.1546875
3 0.140625 0.46953125 0.25625 0.0609375
3 0.5 0.1796875 0.221875 0.06875
3 0.21484375 0.19375 0.2703125 0.053125
1 0.4671875 0.65546875 0.10625 0.1734375
1 0.51015625 0.28125 0.1234375 0.096875
3 0.453125 0.95859375 0.29375 0.0640625
3 0.08359375 0.9109375 0.1328125 0.096875
3 0.70546875 0.95078125 0.1734375 0.0734375
3 0.23515625 0.96015625 0.1453125 0.0578125
