3 0.35234375 0.2375 0.5734375 0.096875
3 0.3953125 0.07109375 0.428125 0.0703125
3 0.81953125 0.68984375 0.1546875 0.0453125
3 0.5671875 0.6484375 0.2 0.071875
3 0.7 0.925 0.221875 0.075
3 0.0875 0.3375 0.165625 0.059375
3 0.50078125 0.334375 0.1703125 0.053125
3 0.72734375 0.3921875 0.1203125 0.05
2 0.265625 0.73203125 0.1625 0.4015625
2 0.3421875 0.384375 0.078125 0.175
3 0.17109375 0.48515625 0.3296875 0.0609375
3 0.6046875 0.1828125 0.13125 0.05
3 0.57734375 0.490625 0.2796875 0.0625
3 0.51796875 0.8109375 0.2296875 0.065625
3 0.35703125 0.759375 0.1203125 0.084375
3 0.0890625 0.678125 0.134375 0.08125
