3 0.1875 0.403125 0.2875 0.084375
3 0.759375 0.37734375 0.20625 0.0953125
1 0.140625 0.603125 0.209375 0.25
1 0.234375 0.2703125 0.178125 0.2125
1 0.32109375 0.09140625 0.1328125 0.1296875
2 0.28359375 0.590625 0.0859375 0.203125
2 0.21796875 0.8390625 0.1421875 0.24375
2 0.3953125 0.190625 0.11875 0.34375
2 0.6859375 0.6859375 0.05625 0.16875
2 0.70390625 0.8890625 0.0765625 0.18125
2 0.61875 0.11171875 0.046875 0.0921875
2 0.09765625 0.31796875 0.0828125 0.0734375
2 0.0171875 0.44140625 0.028125 0.0734375
2 0.16328125 0.22109375 0.0671875 0.0828125
2 0.2328125 0.1203125 0.078125 0.071875
