3 0.88515625 0.76953125 0.2015625 0.1171875
1 0.18515625 0.415625 0.1328125 0.2125
2 0.35390625 0.41015625 0.1828125 0.4796875
2 0.42421875 0.0921875 0.0796875 0.16875
2 0.209375 0.83125 0.1125 0.26875
1 0.09609375 0.6515625 0.1578125 0.2375
0 0.71015625 0.57109375 0.1390625 0.1484375
0 0.6640625 0.390625 0.075 0.15
0 0.61953125 0.19609375 0.0796875 0.1296875
0 0.615625 0.06640625 0.08125 0.0703125
0 0.72109375 0.77578125 0.1265625 0.2296875
2 0.1421875 0.21796875 0.05625 0.0546875
2 0.084375 0.2890625 0.05 0.065625
2 0.02734375 0.3671875 0.0546875 0.071875
