1 0.19609375 0.3546875 0.2078125 0.159375
1 0.15 0.525 0.265625 0.125
1 0.10703125 0.77734375 0.1484375 0.3296875
2 0.3125 0.4765625 0.1 0.334375
2 0.21484375 0.828125 0.0984375 0.284375
2 0.39765625 0.1359375 0.0828125 0.20625
2 0.72578125 0.88046875 0.0671875 0.1859375
2 0.6453125 0.39296875 0.059375 0.1984375
3 0.7046875 0.2 0.14375 0.028125
3 0.49453125 0.23046875 0.1921875 0.0578125
3 0.2671875 0.23671875 0.2375 0.0515625
2 0.1859375 0.15859375 0.04375 0.0421875
2 0.23984375 0.11015625 0.0453125 0.0453125
2 0.04609375 0.3703125 0.0734375 0.1125
