3 0.82109375 0.678125 0.3109375 0.065625
3 0.43125 0.89140625 0.5125 0.1390625
2 0.37734375 0.26796875 0.0984375 0.3109375
2 0.25703125 0.66484375 0.1171875 0.2765625
2 0.6390625 0.5109375 0.1125 0.171875
1 0.07109375 0.86640625 0.1078125 0.1640625
2 0.68203125 0.78515625 0.0578125 0.1484375
2 0.62109375 0.31484375 0.0546875 0.1796875
2 0.0296875 0.38671875 0.046875 0.0828125
2 0.19453125 0.1546875 0.0546875 0.05625
2 0.14140625 0.240625 0.0453125 0.071875
2 0.08984375 0.3296875 0.0484375 0.071875
