3 0.30234375 0.10859375 0.2171875 0.0484375
3 0.7625 0.3484375 0.16875 0.084375
2 0.36953125 0.30234375 0.0828125 0.2765625
2 0.2515625 0.71171875 0.159375 0.4171875
3 0.0875 0.95546875 0.134375 0.0421875
2 0.6375 0.23515625 0.075 0.1640625
2 0.665625 0.44296875 0.05 0.2015625
2 0.6953125 0.68125 0.071875 0.171875
2 0.72421875 0.88984375 0.0703125 0.1609375
3 0.35859375 0.028125 0.1328125 0.04375
2 0.2046875 0.1328125 0.04375 0.04375
2 0.16875 0.1953125 0.034375 0.0625
2 0.1265625 0.271875 0.05 0.059375
2 0.0578125 0.37578125 0.078125 0.1140625
