1 0.15859375 0.4203125 0.2734375 0.146875
1 0.10703125 0.65078125 0.2140625 0.2828125
1 0.28046875 0.15546875 0.1921875 0.1296875
2 0.28515625 0.509375 0.0953125 0.309375
2 0.1765625 0.82265625 0.121875 0.2828125
2 0.39296875 0.125 0.1015625 0.209375
2 0.65234375 0.55625 0.1484375 0.284375
2 0.67890625 0.85234375 0.0734375 0.2234375
3 0.7 0.2046875 0.14375 0.0375
3 0.47421875 0.25078125 0.2078125 0.0671875
3 0.22265625 0.27421875 0.2109375 0.0484375
2 0.1453125 0.18828125 0.053125 0.0578125
2 0.059375 0.3109375 0.05 0.059375
2 0.25859375 0.05546875 0.0578125 0.0609375
2 0.02265625 0.38203125 0.0390625 0.0515625
