3 0.34453125 0.0984375 0.3109375 0.04375
3 0.6828125 0.159375 0.15 0.03125
1 0.13125 0.52265625 0.171875 0.2546875
1 0.20625 0.26875 0.159375 0.25
2 0.36171875 0.23828125 0.0953125 0.2609375
2 0.26171875 0.51875 0.1109375 0.271875
2 0.159375 0.825 0.1125 0.284375
1 0.07734375 0.74296875 0.1078125 0.1765625
2 0.0796875 0.29453125 0.046875 0.0390625
2 0.0265625 0.35859375 0.021875 0.0484375
2 0.14375 0.20078125 0.0375 0.0359375
2 0.178125 0.14296875 0.0375 0.0640625
2 0.25078125 0.05625 0.0296875 0.0375
