1 0.325 0.071875 0.165625 0.13125
1 0.26015625 0.221875 0.2421875 0.128125
1 0.13828125 0.41875 0.2046875 0.225
1 0.10625 0.87734375 0.190625 0.1890625
2 0.240625 0.75234375 0.09375 0.2640625
2 0.34296875 0.3734375 0.0921875 0.253125
2 0.42109375 0.1140625 0.0515625 0.165625
3 0.8625 0.7703125 0.2375 0.065625
3 0.4890625 0.5390625 0.284375 0.09375
3 0.13515625 0.5953125 0.2390625 0.075
2 0.1015625 0.3 0.065625 0.06875
2 0.14921875 0.23046875 0.0453125 0.0515625
0 0.6828125 0.65546875 0.053125 0.1421875
0 0.67421875 0.478125 0.0859375 0.178125
