3 0.71484375 0.37265625 0.1734375 0.1265625
3 0.71171875 0.26953125 0.1546875 0.0453125
2 0.3703125 0.20234375 0.121875 0.3515625
2 0.21171875 0.7265625 0.1359375 0.425
2 0.94140625 0.665625 0.1109375 0.225
2 0.85390625 0.47265625 0.0734375 0.1609375
2 0.73203125 0.15859375 0.0734375 0.1359375
3 0.1375 0.43359375 0.2625 0.0640625
3 0.5 0.4453125 0.184375 0.05
3 0.10859375 0.54296875 0.1921875 0.0421875
2 0.10703125 0.26171875 0.0734375 0.0703125
2 0.0375 0.3375 0.04375 0.0625
2 0.1734375 0.17578125 0.0625 0.0671875
2 0.2296875 0.09609375 0.059375 0.0453125
