3 0.7859375 0.425 0.271875 0.071875
1 0.2296875 0.36640625 0.209375 0.2921875
2 0.36953125 0.31875 0.0765625 0.315625
2 0.253125 0.7421875 0.16875 0.425
2 0.690625 0.634375 0.059375 0.271875
2 0.73515625 0.8875 0.0609375 0.1625
3 0.67109375 0.0734375 0.1171875 0.05
3 0.51484375 0.08359375 0.1609375 0.0359375
3 0.3296875 0.0921875 0.18125 0.053125
3 0.37265625 0.025 0.1328125 0.04375
2 0.20859375 0.14921875 0.0453125 0.0453125
2 0.1609375 0.21875 0.053125 0.065625
2 0.10625 0.3015625 0.053125 0.059375
2 0.0375 0.4078125 0.06875 0.09375
