1 0.29609375 0.121875 0.1765625 0.18125
1 0.16640625 0.37578125 0.2078125 0.2140625
1 0.10703125 0.60859375 0.1921875 0.2609375
1 0.07578125 0.83671875 0.1140625 0.1578125
2 0.3953125 0.12109375 0.08125 0.2109375
2 0.30390625 0.4453125 0.1078125 0.2875
2 0.1796875 0.815625 0.11875 0.35
2 0.7125 0.65390625 0.225 0.2796875
2 0.640625 0.3921875 0.075 0.221875
2 0.71796875 0.89296875 0.1328125 0.1609375
3 0.690625 0.18671875 0.1625 0.0421875
3 0.471875 0.23359375 0.2 0.0640625
3 0.25859375 0.24140625 0.1828125 0.0484375
2 0.1828125 0.16640625 0.03125 0.0578125
2 0.13203125 0.22421875 0.0640625 0.0953125
2 0.05703125 0.34375 0.0796875 0.115625
