1 0.1921875 0.42734375 0.10625 0.0953125
2 0.35 0.5328125 0.090625 0.35625
2 0.27109375 0.89453125 0.0421875 0.1890625
2 0.4453125 0.0890625 0.096875 0.121875
0 0.76796875 0.3890625 0.1578125 0.06875
0 0.84609375 0.88515625 0.1546875 0.1828125
3 0.52890625 0.29609375 0.2265625 0.0984375
3 0.265625 0.2875 0.228125 0.065625
3 0.76640625 0.24921875 0.1421875 0.0390625
3 0.52890625 0.16875 0.1921875 0.053125
3 0.30859375 0.18203125 0.1609375 0.0421875
2 0.0984375 0.36171875 0.046875 0.0484375
2 0.0515625 0.4359375 0.046875 0.0625
0 0.709375 0.67890625 0.05625 0.1671875
