2 0.3515625 0.4328125 0.13125 0.35625
2 0.403125 0.12734375 0.078125 0.2109375
2 0.2078125 0.865625 0.10625 0.190625
3 0.04609375 0.275 0.0671875 0.03125
0 0.63359375 0.1953125 0.0859375 0.075
0 0.6515625 0.3328125 0.071875 0.15625
0 0.65859375 0.49453125 0.1078125 0.1109375
0 0.7296875 0.85625 0.08125 0.2
3 0.8609375 0.60390625 0.25 0.0546875
3 0.47265625 0.659375 0.3578125 0.084375
3 0.13203125 0.6953125 0.2359375 0.0875
2 0.23125 0.09453125 0.078125 0.0890625
2 0.16015625 0.2046875 0.0640625 0.1125
2 0.09765625 0.32265625 0.0578125 0.0703125
2 0.03671875 0.37890625 0.0421875 0.0578125
0 0.6890625 0.6625 0.06875 0.190625
