3 0.325 0.1046875 0.2 0.03125
1 0.2390625 0.34140625 0.1875 0.2671875
1 0.12734375 0.62421875 0.2390625 0.2546875
2 0.32265625 0.625 0.1109375 0.33125
2 0.38515625 0.3703125 0.0640625 0.153125
1 0.140625 0.8546875 0.1625 0.18125
2 0.6796875 0.5453125 0.04375 0.19375
2 0.715625 0.828125 0.0875 0.271875
2 0.63671875 0.2765625 0.0484375 0.2
2 0.43828125 0.084375 0.0578125 0.103125
2 0.6890625 0.18359375 0.05625 0.1359375
2 0.80625 0.4796875 0.0625 0.1
2 0.9125 0.8015625 0.065625 0.140625
2 0.12109375 0.3109375 0.0484375 0.046875
2 0.0578125 0.40625 0.065625 0.084375
0 0.834375 0.76015625 0.08125 0.1171875
0 0.696875 0.3328125 0.04375 0.1
