3 0.40546875 0.1078125 0.3453125 0.078125
1 0.21484375 0.375 0.2140625 0.23125
1 0.09296875 0.621875 0.1609375 0.246875
2 0.29453125 0.5796875 0.1390625 0.365625
2 0.3796875 0.26328125 0.071875 0.2421875
2 0.221875 0.8890625 0.10625 0.16875
0 0.7203125 0.63828125 0.128125 0.1453125
0 0.7578125 0.8328125 0.140625 0.146875
0 0.64296875 0.25234375 0.0765625 0.1578125
2 0.1953125 0.1671875 0.06875 0.08125
2 0.13125 0.26171875 0.05625 0.0890625
2 0.0578125 0.36640625 0.071875 0.1140625
0 0.6828125 0.45703125 0.103125 0.2078125
