3 0.20625 0.39921875 0.25 0.0765625
1 0.1375 0.6453125 0.26875 0.3875
1 0.39296875 0.071875 0.0546875 0.125
2 0.39609375 0.26875 0.0640625 0.246875
2 0.33125 0.2765625 0.06875 0.165625
2 0.25546875 0.87421875 0.0828125 0.1265625
2 0.43828125 0.08046875 0.0328125 0.1171875
2 0.765625 0.88515625 0.046875 0.1015625
2 0.33125 0.546875 0.0625 0.090625
0 0.72578125 0.55390625 0.1546875 0.1359375
0 0.75546875 0.74140625 0.1078125 0.1421875
2 0.75625 0.33828125 0.0875 0.1703125
2 0.67890625 0.090625 0.0890625 0.128125
0 0.6625 0.32109375 0.075 0.1421875
