3 0.8203125 0.7328125 0.296875 0.075
3 0.6875 0.21796875 0.1125 0.0984375
1 0.20859375 0.27890625 0.1890625 0.2453125
2 0.33046875 0.3015625 0.1109375 0.340625
2 0.21484375 0.68046875 0.0796875 0.2734375
3 0.08828125 0.8890625 0.1453125 0.0875
0 0.63671875 0.34609375 0.0859375 0.1421875
0 0.6515625 0.5453125 0.1 0.2375
0 0.70625 0.88828125 0.128125 0.1796875
2 0.2578125 0.046875 0.05625 0.075
2 0.1984375 0.128125 0.059375 0.059375
2 0.13515625 0.21875 0.0515625 0.075
2 0.075 0.30234375 0.06875 0.0765625
0 0.6734375 0.73203125 0.1 0.1140625
