1 0.21171875 0.34375 0.2265625 0.190625
1 0.1359375 0.57734375 0.246875 0.2484375
1 0.1078125 0.834375 0.11875 0.175
2 0.34296875 0.3625 0.0921875 0.24375
2 0.25546875 0.66640625 0.1015625 0.3203125
0 0.74140625 0.75703125 0.1765625 0.3359375
0 0.6671875 0.46484375 0.10625 0.1609375
0 0.64140625 0.3 0.0765625 0.14375
3 0.3046875 0.16015625 0.16875 0.0421875
3 0.509375 0.13359375 0.16875 0.0390625
2 0.05859375 0.353125 0.0640625 0.096875
3 0.91484375 0.9359375 0.1390625 0.06875
3 0.67890625 0.1296875 0.1421875 0.046875
