1 0.1734375 0.17109375 0.178125 0.1421875
1 0.121875 0.3921875 0.23125 0.25625
2 0.30546875 0.19453125 0.1078125 0.2140625
2 0.1984375 0.55625 0.121875 0.39375
3 0.71640625 0.4234375 0.1390625 0.0625
3 0.6046875 0.24375 0.115625 0.096875
1 0.390625 0.48515625 0.23125 0.1921875
2 0.12421875 0.86875 0.0984375 0.209375
2 0.62109375 0.87578125 0.0765625 0.1828125
2 0.5921875 0.6578125 0.075 0.228125
2 0.55546875 0.46640625 0.0546875 0.1234375
3 0.40078125 0.3125 0.2171875 0.06875
2 0.05 0.209375 0.06875 0.084375
2 0.12578125 0.12109375 0.0546875 0.0796875
