3 0.26171875 0.31640625 0.2046875 0.1078125
3 0.51796875 0.38046875 0.2640625 0.0578125
3 0.77109375 0.39921875 0.1828125 0.0328125
3 0.196875 0.48515625 0.334375 0.1015625
2 0.315625 0.1203125 0.15 0.159375
2 0.41328125 0.15078125 0.0765625 0.2734375
2 0.34296875 0.44375 0.0234375 0.075
2 0.2796875 0.73671875 0.159375 0.3703125
2 0.51171875 0.76171875 0.1203125 0.3046875
2 0.74296875 0.87109375 0.0703125 0.2234375
2 0.70703125 0.64765625 0.0734375 0.1828125
2 0.6703125 0.47890625 0.078125 0.1046875
2 0.646875 0.33046875 0.040625 0.0890625
2 0.6375 0.23046875 0.05625 0.1015625
