3 0.8609375 0.828125 0.153125 0.16875
3 0.64140625 0.04453125 0.1171875 0.0234375
3 0.4171875 0.15234375 0.39375 0.0953125
1 0.2171875 0.28359375 0.146875 0.1734375
1 0.0921875 0.5640625 0.165625 0.365625
2 0.340625 0.39609375 0.10625 0.3515625
2 0.24296875 0.7765625 0.0796875 0.321875
1 0.13046875 0.1265625 0.1234375 0.128125
0 0.65234375 0.3203125 0.0765625 0.159375
0 0.68125 0.50546875 0.090625 0.1203125
0 0.70078125 0.6296875 0.1421875 0.1125
0 0.7046875 0.8046875 0.103125 0.2125
2 0.078125 0.321875 0.103125 0.121875
2 0.16015625 0.1984375 0.0640625 0.075
2 0.221875 0.11484375 0.1125 0.1046875
2 0.30078125 0.0421875 0.0671875 0.059375
