1 0.21015625 0.29921875 0.2484375 0.1578125
1 0.146875 0.5171875 0.234375 0.240625
1 0.3046875 0.0953125 0.10625 0.1
2 0.35078125 0.35546875 0.0859375 0.2796875
2 0.253125 0.65625 0.109375 0.3125
2 0.18828125 0.89609375 0.0859375 0.1265625
2 0.42734375 0.0734375 0.0734375 0.134375
2 0.7046875 0.8890625 0.071875 0.19375
3 0.51796875 0.16484375 0.1703125 0.0546875
3 0.2875 0.184375 0.171875 0.034375
2 0.0328125 0.40703125 0.03125 0.0515625
2 0.071875 0.3359375 0.059375 0.071875
2 0.13046875 0.2640625 0.0484375 0.065625
2 0.165625 0.203125 0.034375 0.046875
