3 0.42734375 0.1 0.3484375 0.065625
1 0.1046875 0.59921875 0.1875 0.2765625
1 0.253125 0.27109375 0.1375 0.2015625
2 0.37421875 0.3609375 0.0859375 0.328125
2 0.278125 0.7671875 0.10625 0.384375
0 0.659375 0.2671875 0.084375 0.1375
0 0.7015625 0.49765625 0.1125 0.1796875
2 0.7046875 0.70078125 0.04375 0.1671875
2 0.753125 0.8859375 0.059375 0.18125
2 0.853125 0.56015625 0.08125 0.2078125
2 0.89140625 0.80078125 0.1015625 0.2171875
2 0.06171875 0.38828125 0.0734375 0.1015625
2 0.14765625 0.2671875 0.0453125 0.090625
