1 0.11640625 0.5359375 0.2171875 0.359375
1 0.27421875 0.21171875 0.1328125 0.0703125
1 0.3296875 0.06328125 0.1 0.0984375
3 0.22109375 0.29296875 0.2515625 0.0640625
2 0.3828125 0.2296875 0.053125 0.159375
2 0.31015625 0.46875 0.0828125 0.23125
2 0.22265625 0.771875 0.1046875 0.34375
3 0.83671875 0.678125 0.2328125 0.125
1 0.08203125 0.84296875 0.1453125 0.2078125
3 0.50078125 0.1234375 0.1921875 0.04375
3 0.68125 0.12890625 0.15 0.0515625
3 0.28515625 0.14375 0.1546875 0.028125
2 0.07734375 0.32578125 0.0609375 0.0828125
2 0.15234375 0.2296875 0.0671875 0.06875
