1 0.33046875 0.1 0.1359375 0.153125
1 0.2421875 0.296875 0.225 0.16875
1 0.16953125 0.55546875 0.2765625 0.3203125
2 0.41640625 0.1359375 0.0703125 0.253125
2 0.3484375 0.403125 0.05625 0.178125
2 0.2609375 0.74140625 0.103125 0.4015625
2 0.75 0.8796875 0.053125 0.1625
2 0.684375 0.5390625 0.034375 0.11875
2 0.7015625 0.690625 0.05625 0.159375
2 0.6609375 0.3671875 0.04375 0.096875
2 0.62890625 0.24921875 0.0453125 0.0765625
2 0.05703125 0.38515625 0.0859375 0.1390625
0 0.75546875 0.54296875 0.0953125 0.1265625
