1 0.12265625 0.61875 0.2171875 0.353125
1 0.1984375 0.303125 0.240625 0.265625
3 0.34453125 0.83828125 0.6296875 0.1421875
3 0.821875 0.67421875 0.321875 0.1078125
1 0.31640625 0.0859375 0.1265625 0.140625
2 0.390625 0.1546875 0.096875 0.25
2 0.2890625 0.4453125 0.10625 0.28125
2 0.13671875 0.934375 0.0578125 0.084375
2 0.6390625 0.62734375 0.05 0.2640625
2 0.66484375 0.9140625 0.0734375 0.15
2 0.6125 0.3578125 0.0625 0.2375
2 0.03046875 0.37890625 0.0453125 0.0828125
2 0.08359375 0.3078125 0.0515625 0.065625
2 0.1375 0.23515625 0.059375 0.0671875
2 0.1875 0.1671875 0.05 0.05625
