3 0.1796875 0.4703125 0.321875 0.0625
3 0.70625 0.26171875 0.153125 0.0515625
1 0.2078125 0.26796875 0.215625 0.1546875
2 0.37265625 0.203125 0.0859375 0.284375
2 0.19296875 0.7625 0.1734375 0.440625
3 0.76015625 0.4109375 0.1703125 0.05
1 0.078125 0.82421875 0.115625 0.0921875
2 0.67265625 0.85390625 0.0640625 0.1953125
2 0.30859375 0.40546875 0.0578125 0.0859375
2 0.6421875 0.59453125 0.053125 0.2171875
2 0.19140625 0.1453125 0.0765625 0.059375
2 0.125 0.22109375 0.05 0.0765625
2 0.0734375 0.3 0.046875 0.05625
2 0.01953125 0.35390625 0.0390625 0.0578125
