3 0.88125 0.659375 0.2 0.1125
3 0.4796875 0.1109375 0.553125 0.09375
2 0.3578125 0.26796875 0.125 0.2234375
2 0.25390625 0.68828125 0.1734375 0.5671875
2 0.69375 0.85 0.065625 0.1625
2 0.66484375 0.6359375 0.0671875 0.25
2 0.63125 0.38125 0.05 0.159375
2 0.609375 0.21171875 0.05 0.0765625
0 0.7390625 0.40390625 0.13125 0.1890625
0 0.74609375 0.56484375 0.0890625 0.1171875
0 0.8078125 0.85234375 0.109375 0.2046875
0 0.68125 0.259375 0.059375 0.115625
2 0.05078125 0.36953125 0.0734375 0.1078125
2 0.12265625 0.2765625 0.0640625 0.06875
2 0.178125 0.175 0.065625 0.078125
2 0.28359375 0.0375 0.0546875 0.059375
