1 0.13671875 0.5703125 0.2484375 0.221875
1 0.27890625 0.1421875 0.1859375 0.159375
3 0.48671875 0.61484375 0.3546875 0.0796875
3 0.10703125 0.75234375 0.1921875 0.0671875
2 0.3796875 0.2390625 0.090625 0.309375
2 0.30234375 0.5265625 0.0640625 0.209375
3 0.803125 0.57734375 0.221875 0.1015625
1 0.09921875 0.90078125 0.1328125 0.1265625
2 0.66953125 0.83203125 0.1015625 0.3109375
2 0.640625 0.4625 0.0625 0.253125
2 0.1515625 0.215625 0.04375 0.06875
2 0.09609375 0.31328125 0.0609375 0.0765625
2 0.0265625 0.40390625 0.053125 0.0734375
2 0.2796875 0.0390625 0.040625 0.034375
