3 0.85 0.82734375 0.225 0.1265625
1 0.26640625 0.13125 0.2265625 0.171875
1 0.19609375 0.32890625 0.1796875 0.1921875
2 0.29609375 0.48828125 0.1328125 0.4421875
2 0.40703125 0.09375 0.0453125 0.15
2 0.16015625 0.8515625 0.0828125 0.23125
2 0.86328125 0.50390625 0.1265625 0.2109375
2 0.95 0.7 0.078125 0.15
0 0.66796875 0.68203125 0.0609375 0.0921875
0 0.6953125 0.87734375 0.09375 0.1796875
2 0.07265625 0.30078125 0.0578125 0.0796875
2 0.1515625 0.19453125 0.059375 0.0640625
0 0.64140625 0.525 0.0453125 0.134375
