3 0.140625 0.56640625 0.240625 0.0953125
3 0.69140625 0.2578125 0.1578125 0.059375
3 0.74609375 0.41328125 0.1890625 0.0546875
1 0.0796875 0.753125 0.109375 0.21875
2 0.18828125 0.7921875 0.1359375 0.340625
2 0.35078125 0.2671875 0.1140625 0.228125
1 0.14765625 0.4359375 0.2671875 0.1125
2 0.68125 0.8828125 0.05625 0.175
3 0.4703125 0.4578125 0.303125 0.05625
2 0.13984375 0.20625 0.0546875 0.078125
2 0.0796875 0.296875 0.053125 0.0625
2 0.19765625 0.1328125 0.0484375 0.05
2 0.2375 0.06875 0.053125 0.05625
2 0.6484375 0.6390625 0.065625 0.24375
