3 0.18125 0.45078125 0.34375 0.1921875
1 0.26015625 0.2328125 0.1453125 0.2
1 0.13515625 0.7078125 0.2046875 0.240625
3 0.44296875 0.0625 0.3078125 0.096875
2 0.384375 0.2640625 0.0625 0.278125
2 0.26953125 0.74375 0.1265625 0.38125
0 0.7484375 0.6390625 0.159375 0.234375
0 0.69609375 0.36796875 0.1578125 0.2046875
3 0.14296875 0.953125 0.0953125 0.059375
2 0.34921875 0.4625 0.0671875 0.08125
0 0.7625 0.86640625 0.096875 0.1890625
2 0.08515625 0.3375 0.0484375 0.0625
2 0.134375 0.2703125 0.046875 0.0375
2 0.175 0.22421875 0.040625 0.0453125
