      0/49     6.39G   0.09288    0.1069    0.0626    0.2624        28       640 0.0004026   0.01149 3.657e-05 4.948e-06   0.08535   0.07616   0.06059
      1/49     6.43G   0.08418    0.1101   0.05124    0.2455        11       640    0.5671   0.03911  0.004595 0.0009684   0.08101   0.08442   0.05778
      2/49     6.43G    0.0747    0.1068   0.03991    0.2214        37       640    0.3179    0.1961   0.07042   0.01429   0.06673   0.07387   0.03567
      3/49     6.43G   0.06767     0.104   0.02871    0.2004        29       640    0.2349    0.1976   0.09352   0.02213   0.06279   0.07418   0.03566
      4/49     6.43G   0.06363    0.1019   0.02301    0.1886        19       640    0.1628    0.2505    0.1239   0.03003   0.05935   0.06987   0.03979
      5/49     6.43G   0.06158    0.1015   0.01999    0.1831         9       640    0.3008    0.2372    0.1487   0.03702   0.06017   0.07119     0.033
      6/49     6.43G   0.06036    0.1007   0.01861    0.1797        20       640    0.2989    0.2673    0.1527   0.03847   0.05875   0.07074   0.02769
      7/49     6.43G   0.05912   0.09982   0.01713    0.1761        23       640    0.1638     0.282    0.1395   0.03516   0.05739   0.06977   0.03711
      8/49     6.43G   0.05816   0.09925   0.01627    0.1737        27       640    0.1936     0.276    0.1422   0.03708    0.0586   0.07007   0.03339
      9/49     6.43G   0.05769   0.09902   0.01573    0.1724        26       640    0.1916    0.3646     0.183   0.04941   0.05617   0.06991   0.02978
     10/49     6.43G   0.05708   0.09776   0.01497    0.1698        21       640    0.2185    0.3255    0.1833    0.0497   0.05663   0.07017   0.02839
     11/49     6.43G   0.05693   0.09897   0.01458    0.1705        20       640    0.2769    0.3361    0.2163   0.05732    0.0563   0.07071   0.02683
     12/49     6.43G   0.05632    0.0986    0.0142    0.1691        16       640      0.24    0.3361    0.1922   0.05188   0.05617   0.07179   0.02848
     13/49     6.43G   0.05592   0.09707   0.01367    0.1667        15       640    0.2339    0.3056    0.1993   0.05453   0.05576    0.0712    0.0281
     14/49     6.43G   0.05584   0.09814   0.01342    0.1674        34       640    0.2126    0.3539    0.1822   0.04779    0.0562   0.07051   0.03143
     15/49     6.43G   0.05526   0.09678   0.01313    0.1652        28       640    0.2516    0.2998      0.19    0.0506   0.05574   0.07162   0.03171
     16/49     6.43G     0.055   0.09921   0.01283     0.167        63       640    0.2551    0.3396    0.2095   0.05737   0.05547   0.07137    0.0272
     17/49     6.43G   0.05454   0.09659   0.01265    0.1638        23       640    0.2091    0.4094    0.2044   0.05556   0.05575   0.07128   0.02807
     18/49     6.43G   0.05456   0.09706   0.01224    0.1639        22       640    0.2655    0.2977    0.2146   0.05966   0.05547   0.07126   0.02567
     19/49     6.43G   0.05422   0.09623   0.01207    0.1625        14       640    0.2982    0.3477    0.2401   0.06817   0.05493   0.07134   0.02272
     20/49     6.43G   0.05406   0.09614   0.01188    0.1621        35       640    0.3495    0.2748    0.2192   0.06072   0.05501   0.07015   0.03398
     21/49     6.43G   0.05388   0.09662   0.01179    0.1623        34       640    0.2682     0.329    0.2069   0.05636   0.05539    0.0709   0.03234
     22/49     6.43G   0.05334   0.09512   0.01123    0.1597        25       640    0.2703    0.3713    0.2224   0.06162   0.05471   0.07146   0.02834
     23/49     6.43G   0.05337   0.09781   0.01108    0.1623        27       640    0.3461    0.3212    0.2233   0.06092   0.05493   0.07139   0.02937
     24/49     6.43G   0.05298   0.09555   0.01083    0.1594        38       640    0.2773    0.3379    0.2309   0.06451   0.05576   0.07194   0.02897
     25/49     6.43G   0.05298   0.09641   0.01078    0.1602        52       640    0.3578    0.2957    0.2339   0.06699   0.05551   0.07192   0.03071
     26/49     6.43G   0.05259   0.09569   0.01063    0.1589        26       640    0.3298    0.3227    0.2271   0.06581   0.05505   0.07116   0.02851
     27/49     6.43G   0.05242   0.09572   0.01041    0.1586        14       640    0.2661    0.3457    0.2189   0.06114   0.05467   0.07134   0.02809
     28/49     6.43G   0.05243   0.09518   0.01045    0.1581        15       640    0.3368     0.336    0.2461   0.07007   0.05454   0.07144   0.02597
     29/49     6.43G   0.05222   0.09566   0.01022    0.1581        24       640    0.2901    0.3609    0.2555   0.07419   0.05447   0.07126   0.02592
     30/49     6.43G   0.05204   0.09392   0.01005     0.156        22       640    0.3725    0.3508    0.2647   0.07872   0.05472    0.0709   0.02739
     31/49     6.43G   0.05187   0.09498  0.009837    0.1567        26       640      0.36    0.3463    0.2487   0.07137   0.05477   0.07125   0.02885
     32/49     6.43G   0.05196   0.09652  0.009812    0.1583        22       640    0.2862      0.34    0.2305    0.0653   0.05451   0.07103    0.0258
     33/49     6.43G   0.05165   0.09463  0.009689     0.156        42       640    0.2822    0.3498    0.2425   0.06894    0.0547   0.07145    0.0296
     34/49     6.43G    0.0514   0.09365  0.009474    0.1545        30       640    0.3157    0.3258    0.2381   0.06925   0.05462    0.0712   0.02962
     35/49     6.43G   0.05117   0.09314  0.009382    0.1537        14       640    0.3297    0.3752    0.2436   0.07197   0.05482   0.07166   0.02566
     36/49     6.43G   0.05115   0.09267  0.009276    0.1531        22       640    0.3624    0.3246    0.2481   0.07434   0.05499   0.07231   0.02855
     37/49     6.43G   0.05089   0.09343  0.009035    0.1534        23       640    0.3333     0.313    0.2496   0.07327   0.05506   0.07166   0.02589
     38/49     6.43G   0.05085   0.09418  0.008838    0.1539        51       640    0.3624    0.3121    0.2259    0.0652   0.05546   0.07307   0.03179
     39/49     6.43G   0.05058   0.09321  0.008718    0.1525        16       640    0.2896    0.3308    0.2242   0.06283   0.05547     0.073   0.03176
     40/49     6.43G   0.05048   0.09308  0.008714    0.1523        22       640    0.3622    0.2796    0.2402   0.07029   0.05506   0.07304   0.02666
     41/49     6.43G    0.0506   0.09303  0.008734    0.1524        22       640    0.3277    0.3042    0.2453   0.07347   0.05457   0.07192   0.02865
     42/49     6.43G   0.05023   0.09283  0.008561    0.1516        29       640    0.3444    0.3262    0.2502   0.07536   0.05484   0.07257   0.02861
     43/49     6.43G   0.05019   0.09354  0.008547    0.1523        38       640    0.3259    0.3396    0.2549   0.07483   0.05491   0.07091   0.02891
     44/49     6.43G   0.05028   0.09254  0.008527    0.1513        40       640    0.3077    0.3458    0.2486   0.07245   0.05475   0.07231   0.02756
     45/49     6.43G   0.05003   0.09234  0.008377    0.1507        22       640    0.3138    0.3222    0.2256   0.06641   0.05506   0.07247   0.02902
     46/49     6.43G   0.04987   0.09223  0.008478    0.1506        32       640    0.3361    0.2745    0.2379   0.06794   0.05554   0.07248   0.03376
     47/49     6.43G   0.04995    0.0925  0.008152    0.1506        22       640    0.3315    0.2825    0.2319   0.06817    0.0548   0.07164    0.0298
     48/49     6.43G   0.04965   0.09312   0.00811    0.1509        16       640    0.3048    0.3252    0.2398   0.06775   0.05484    0.0728   0.03208
     49/49     6.43G   0.04972   0.09105  0.008173    0.1489        11       640    0.3347    0.3288    0.2491   0.07159   0.05518   0.07228   0.03155
