     0/149     3.38G   0.09401    0.1066   0.03926    0.2399       124       640 0.0005223   0.02571 3.634e-05 4.738e-06   0.08536   0.07562   0.03806
     1/149     5.25G   0.08616    0.1091    0.0325    0.2277        91       640    0.7879   0.05833   0.02851  0.005894   0.07491   0.07733   0.02996
     2/149     5.19G   0.07425    0.1071   0.02291    0.2042        50       640   0.03751    0.1032   0.01734  0.003366   0.08145   0.08235   0.03345
     3/149     5.19G   0.06719     0.102    0.0148     0.184        47       640    0.4164     0.198    0.1109   0.02454    0.0682   0.07895   0.02283
     4/149     5.19G   0.06355    0.1018   0.01224    0.1776        70       640    0.3289    0.2155    0.2017   0.05148   0.06222    0.0763   0.01794
     5/149     5.19G   0.06074    0.1002   0.01073    0.1716       120       640    0.3876    0.3952    0.3225    0.0834   0.05647   0.06894   0.01137
     6/149     5.19G   0.05893    0.1006  0.009654    0.1692        56       640    0.3091    0.3129    0.2471   0.06539   0.05958   0.07474   0.01521
     7/149     5.19G   0.05785   0.09935  0.009042    0.1662        95       640    0.2763    0.3501    0.2313   0.05893   0.05989   0.07259   0.01719
     8/149     5.19G   0.05703   0.09946  0.008652    0.1651        85       640    0.3838    0.3559    0.3057   0.08432   0.05705   0.07138   0.01351
     9/149     5.19G   0.05655       0.1  0.008232    0.1648        69       640    0.3516    0.4396    0.3399   0.09489   0.05565   0.06897   0.01126
    10/149     5.19G   0.05608   0.09881  0.008002    0.1629        73       640    0.3714    0.4281     0.346   0.09314   0.05524   0.06842    0.0117
    11/149     5.19G   0.05547   0.09895  0.007766    0.1622        81       640    0.3873    0.3688    0.3215   0.08849   0.05551   0.07226   0.01161
    12/149     5.19G   0.05507   0.09786  0.007563    0.1605        84       640    0.3718    0.4792    0.3795    0.1047   0.05437   0.06744  0.008779
    13/149     5.19G   0.05488   0.09784  0.007365    0.1601        64       640    0.3935    0.3904    0.3458    0.0962   0.05548   0.06896   0.01198
    14/149     5.19G   0.05459   0.09784  0.007195    0.1596        63       640    0.4389    0.4351    0.4002    0.1125   0.05366    0.0672  0.009293
    15/149     5.19G    0.0542   0.09735  0.007073    0.1586        83       640    0.4269    0.4249    0.3812    0.1083   0.05412   0.06816   0.00965
    16/149     5.19G     0.054   0.09672  0.006963    0.1577        75       640    0.3979     0.405    0.3535   0.09792   0.05478     0.067   0.00907
    17/149     5.19G   0.05393   0.09595  0.006829    0.1567       115       640    0.3751    0.4852    0.3905    0.1097   0.05387   0.06697  0.009183
    18/149     5.19G   0.05369   0.09565  0.006783    0.1561       113       640    0.4186    0.4691    0.4104    0.1179   0.05362   0.06635  0.008587
    19/149     5.19G   0.05321   0.09615  0.006584    0.1559        60       640    0.4508     0.444    0.4072    0.1189    0.0526   0.06626  0.009179
    20/149     5.19G   0.05338   0.09624  0.006617    0.1562       144       640    0.4273    0.4791    0.4158    0.1208   0.05275    0.0661  0.008724
    21/149     5.19G    0.0531   0.09633  0.006515     0.156        57       640    0.4377    0.4619    0.4071    0.1171   0.05286   0.06623  0.008412
    22/149     5.19G   0.05276    0.0963  0.006227    0.1553        76       640    0.4283    0.4872    0.4151    0.1192   0.05289   0.06603  0.008217
    23/149     5.19G   0.05275   0.09631   0.00622    0.1553       101       640    0.4496    0.4623    0.4157    0.1204   0.05255   0.06628  0.008645
    24/149     5.19G   0.05254   0.09494  0.006182    0.1537        60       640    0.3852    0.4486    0.3691    0.1029   0.05503   0.06735   0.01071
    25/149     5.19G   0.05254   0.09564  0.006139    0.1543        69       640    0.4628    0.4674    0.4296    0.1243   0.05232   0.06606  0.008128
    26/149     5.19G   0.05236   0.09532  0.006153    0.1538       110       640    0.4583    0.4678    0.4244    0.1236   0.05243   0.06638  0.008349
    27/149     5.19G   0.05199   0.09467  0.005885    0.1525        55       640    0.4259    0.4907    0.4151    0.1188   0.05328   0.06613  0.009077
    28/149     5.19G   0.05195   0.09494  0.005863    0.1528        74       640    0.4554    0.4793     0.422    0.1215    0.0531   0.06609  0.008114
    29/149     5.19G   0.05193   0.09467  0.005795    0.1524        82       640     0.443     0.448    0.4031    0.1141   0.05322   0.06623  0.008396
    30/149     5.19G   0.05163    0.0943  0.005756    0.1517        63       640    0.4875    0.4679    0.4359    0.1268   0.05241   0.06654  0.007427
    31/149     5.19G   0.05189    0.0949  0.005815    0.1526        41       640    0.4483    0.4774    0.4226    0.1213   0.05294   0.06613   0.00803
    32/149     5.19G   0.05159   0.09414  0.005523    0.1513        74       640    0.4359    0.4989    0.4262    0.1229   0.05219   0.06644  0.007992
    33/149     5.19G   0.05143   0.09346  0.005549    0.1504        83       640     0.481    0.4564    0.4277    0.1239   0.05346   0.06667  0.007367
    34/149     5.19G   0.05143   0.09458  0.005517    0.1515       105       640    0.4826    0.4734    0.4447    0.1278    0.0523    0.0659  0.007923
    35/149     5.19G   0.05128   0.09417  0.005481    0.1509        58       640     0.454    0.4745    0.4203    0.1203   0.05406   0.06614  0.007547
    36/149     5.19G   0.05098   0.09384  0.005285    0.1501        90       640    0.4683    0.4749    0.4351    0.1272    0.0524   0.06559  0.008395
    37/149     5.19G   0.05095   0.09369  0.005359      0.15        73       640    0.4832    0.4892     0.434    0.1261     0.053   0.06638  0.007308
    38/149     5.19G   0.05096   0.09402  0.005391    0.1504       104       640    0.4575    0.4619    0.4182    0.1216   0.05315   0.06606  0.008156
    39/149     5.19G    0.0508   0.09369  0.005274    0.1498        53       640    0.4919    0.4563    0.4372    0.1267   0.05249   0.06614   0.00716
    40/149     5.19G   0.05065   0.09416   0.00523      0.15       131       640     0.486    0.4735    0.4361    0.1271   0.05211   0.06597   0.00754
    41/149     5.19G    0.0505   0.09351  0.005192    0.1492        66       640    0.4631    0.5049    0.4459    0.1317   0.05215   0.06563  0.007573
    42/149     5.19G   0.05043   0.09242  0.005185     0.148        85       640    0.4451     0.482    0.4192    0.1226   0.05289   0.06665  0.007642
    43/149     5.19G   0.05038   0.09299  0.005164    0.1485        82       640    0.4751    0.4786    0.4338    0.1251   0.05279   0.06594   0.00774
    44/149     5.19G   0.05029    0.0931  0.004989    0.1484        90       640    0.4411    0.4755    0.4108    0.1174   0.05299   0.06668  0.008406
    45/149     5.19G   0.05021   0.09259  0.005024    0.1478        76       640    0.4585     0.474    0.4254    0.1242   0.05274   0.06667  0.008243
    46/149     5.19G   0.05001   0.09233  0.004885    0.1472        69       640    0.4456    0.4888    0.4275    0.1265    0.0523    0.0666  0.007689
    47/149     5.19G   0.04979   0.09226  0.004877    0.1469        56       640    0.4542    0.4763    0.4253    0.1236   0.05299   0.06659  0.007929
    48/149     5.19G   0.04995   0.09325  0.004884    0.1481        85       640    0.4841    0.4774    0.4397    0.1294   0.05215   0.06629  0.007828
    49/149     5.19G   0.04978   0.09122  0.004931    0.1459        51       640    0.4571     0.477    0.4232     0.122   0.05271   0.06646  0.007669
    50/149     5.19G   0.04974   0.09249  0.004754     0.147        52       640     0.496    0.4595    0.4369    0.1258    0.0526   0.06633  0.007605
    51/149     5.19G   0.04956   0.09121  0.004719    0.1455        63       640     0.477    0.4832    0.4371    0.1268    0.0527   0.06629  0.007517
    52/149     5.19G   0.04948   0.09163  0.004552    0.1457        98       640    0.4548    0.4971    0.4306     0.125   0.05288   0.06623  0.007058
    53/149     5.19G   0.04936    0.0918  0.004601    0.1458        86       640    0.4703    0.4789    0.4296     0.128   0.05205   0.06632  0.007835
    54/149     5.19G   0.04922   0.09216  0.004584     0.146        74       640     0.478    0.4823    0.4267    0.1247   0.05248   0.06696  0.007502
    55/149     5.19G   0.04915   0.09097  0.004572    0.1447        80       640    0.4511    0.4841    0.4103    0.1195   0.05321   0.06737   0.00816
    56/149     5.19G    0.0492   0.09049  0.004523    0.1442        66       640     0.456    0.4958    0.4297    0.1245   0.05305   0.06661  0.007473
    57/149     5.19G   0.04888   0.08966  0.004584    0.1431        45       640     0.478    0.4791     0.433     0.127   0.05276   0.06662   0.00757
    58/149     5.19G   0.04906   0.09208  0.004385    0.1455        96       640    0.4618    0.4951    0.4281    0.1239   0.05308   0.06696  0.007399
    59/149     5.19G   0.04887   0.08993  0.004493    0.1433        76       640    0.4731    0.4853    0.4299    0.1256   0.05284   0.06679  0.007998
    60/149     5.19G   0.04862   0.09011  0.004577    0.1433        77       640    0.4843    0.4632    0.4209     0.122   0.05308   0.06684   0.00798
    61/149     5.19G   0.04854   0.09017  0.004373    0.1431        31       640     0.473    0.4769    0.4179    0.1224   0.05287   0.06736  0.007965
    62/149     5.19G   0.04856   0.09018  0.004292     0.143        84       640    0.5005    0.4545    0.4297    0.1254   0.05273   0.06705  0.008339
    63/149     5.19G   0.04826   0.08933  0.004168    0.1418        68       640    0.4292    0.4922     0.411    0.1196   0.05342   0.06722   0.00868
    64/149     5.19G   0.04834   0.08926  0.004225    0.1418        65       640    0.4636    0.4921     0.435    0.1274    0.0524   0.06726  0.008508
    65/149     5.19G   0.04831   0.09023  0.004279    0.1428        64       640    0.4912    0.4673     0.426    0.1254   0.05233    0.0673  0.008187
    66/149     5.19G    0.0481   0.08925  0.004104    0.1414        73       640    0.4921    0.4721    0.4305     0.127   0.05246   0.06724  0.008314
    67/149     5.19G   0.04804   0.08943  0.004076    0.1415        69       640    0.4457    0.4864    0.4144    0.1216     0.053   0.06757  0.008847
    68/149     5.19G   0.04775   0.08831  0.003998    0.1401       113       640    0.4564     0.494    0.4253    0.1239   0.05298   0.06749  0.008134
    69/149     5.19G   0.04777   0.08983  0.004015    0.1416        64       640    0.4645    0.4861    0.4226     0.123   0.05267   0.06769  0.008175
    70/149     5.19G   0.04769   0.08899  0.003968    0.1406       111       640    0.4565    0.4966    0.4222    0.1238   0.05284   0.06804  0.008387
    71/149     5.19G   0.04746   0.08872  0.003892    0.1401        69       640    0.4517    0.4869    0.4204    0.1235   0.05291   0.06776  0.008947
    72/149     5.19G   0.04731   0.08834  0.003967    0.1396        85       640    0.4475    0.5028    0.4186     0.121   0.05291   0.06821  0.008185
    73/149     5.19G   0.04726    0.0879  0.003878     0.139        91       640    0.4702     0.462    0.4107    0.1197   0.05314   0.06823  0.008477
    74/149     5.19G   0.04737   0.08831  0.003907    0.1396        77       640    0.4293    0.4975    0.4105    0.1207   0.05346    0.0679  0.008724
    75/149     5.19G   0.04716   0.08826  0.003864    0.1393        89       640    0.4696     0.479    0.4218    0.1235   0.05312   0.06814  0.008581
    76/149     5.19G   0.04678   0.08755  0.003728    0.1381        97       640    0.4581    0.4842    0.4154    0.1211   0.05289   0.06833  0.008781
    77/149     5.19G   0.04681   0.08796  0.003743    0.1385        79       640    0.4451    0.4828    0.4032    0.1178   0.05285   0.06822  0.009414
    78/149     5.19G   0.04683    0.0873  0.003632    0.1378        63       640    0.4794    0.4678     0.415    0.1208   0.05289   0.06853  0.008954
    79/149     5.19G   0.04662   0.08734   0.00358    0.1375        81       640     0.456    0.4746    0.4089    0.1188   0.05328   0.06862   0.00873
    80/149     5.19G   0.04662   0.08758  0.003717    0.1379        88       640    0.4586    0.4717    0.4027    0.1163   0.05334   0.06902  0.009122
    81/149     5.19G   0.04643   0.08569   0.00351    0.1356        90       640    0.4631    0.4749    0.4016    0.1172   0.05335   0.06892   0.00904
    82/149     5.19G    0.0464   0.08705  0.003432    0.1369        41       640     0.448    0.4792    0.4079    0.1199   0.05333   0.06902  0.009221
    83/149     5.19G   0.04616   0.08623  0.003474    0.1359       131       640    0.4666    0.4653    0.4028    0.1171   0.05324   0.06866  0.009765
    84/149     5.19G   0.04613   0.08512  0.003468    0.1347        46       640    0.4417     0.485    0.3942    0.1136   0.05363   0.06925  0.009782
    85/149     5.19G   0.04608   0.08624  0.003438    0.1358        82       640    0.4403    0.4859    0.3957    0.1156   0.05361    0.0695  0.009405
    86/149     5.19G   0.04572   0.08562  0.003324    0.1347        83       640    0.4428    0.4729    0.3945    0.1134    0.0539   0.06948  0.009323
    87/149     5.19G   0.04565   0.08514  0.003402    0.1342       104       640    0.4334    0.4819    0.3905    0.1124   0.05384   0.07007  0.009686
    88/149     5.19G   0.04569   0.08536  0.003283    0.1343       113       640    0.4692    0.4528    0.3964    0.1136   0.05378   0.06992  0.009441
    89/149     5.19G   0.04542   0.08475  0.003405    0.1336        83       640    0.4522    0.4767    0.3973    0.1138   0.05369    0.0704   0.00977
    90/149     5.19G   0.04532     0.085   0.00323    0.1335       139       640    0.4675    0.4584    0.3952    0.1135   0.05376   0.07047  0.009573
    91/149     5.19G    0.0453   0.08421  0.003269    0.1328        54       640    0.4557    0.4814    0.4012    0.1162   0.05374    0.0705  0.009352
    92/149     5.19G   0.04514   0.08315  0.003197    0.1315        51       640    0.4544    0.4721    0.3944    0.1139   0.05372   0.07081   0.00942
    93/149     5.19G   0.04503    0.0836  0.003222    0.1319        91       640    0.4549    0.4541    0.3888    0.1115   0.05405   0.07119  0.009738
    94/149     5.19G   0.04474   0.08345  0.003109    0.1313        82       640    0.4356    0.4785    0.3885     0.112   0.05401   0.07101  0.009316
    95/149     5.19G   0.04476   0.08276  0.003111    0.1306        60       640    0.4333    0.4871     0.389    0.1128   0.05387   0.07091  0.009987
    96/149     5.19G   0.04457   0.08351  0.003034    0.1311        86       640    0.4492    0.4618    0.3874    0.1125   0.05378   0.07124   0.01017
    97/149     5.19G   0.04444   0.08337   0.00309    0.1309        65       640      0.44    0.4801    0.3861    0.1116   0.05401   0.07144   0.01009
    98/149     5.19G   0.04436   0.08268  0.003078    0.1301        56       640    0.4693    0.4524    0.3853    0.1119   0.05388   0.07141   0.01017
    99/149     5.19G   0.04435   0.08285  0.003045    0.1302        89       640    0.4544    0.4745    0.3915    0.1135   0.05398   0.07188   0.00992
   100/149     5.19G   0.04419   0.08168  0.002964    0.1288        67       640     0.444    0.4691    0.3842     0.112   0.05431   0.07195   0.01028
   101/149     5.19G   0.04415   0.08229  0.002868    0.1293       115       640    0.4446     0.469     0.385    0.1111   0.05423   0.07223   0.01044
   102/149     5.19G   0.04392   0.08264  0.002863    0.1294        68       640    0.4376    0.4675    0.3843    0.1108   0.05413   0.07245   0.01058
   103/149     5.19G   0.04377   0.08184  0.002925    0.1285        55       640    0.4525    0.4528     0.386    0.1117    0.0543   0.07279   0.01018
   104/149     5.19G   0.04367   0.08187  0.002826    0.1284        81       640    0.4454    0.4614     0.387    0.1132   0.05432   0.07267   0.01044
   105/149     5.19G   0.04369   0.08137  0.002792    0.1278        60       640    0.4591    0.4543    0.3866    0.1114    0.0544   0.07302   0.01044
   106/149     5.19G   0.04324   0.08019  0.002823    0.1262        48       640    0.4555    0.4497    0.3785    0.1075    0.0546   0.07352   0.01053
   107/149     5.19G   0.04327   0.08121  0.002813    0.1273        93       640    0.4542    0.4591    0.3826    0.1094   0.05471   0.07343   0.01059
   108/149     5.19G   0.04324   0.08022  0.002669    0.1261       102       640    0.4484    0.4678    0.3821    0.1087    0.0547   0.07378   0.01097
   109/149     5.19G   0.04294   0.08113  0.002646    0.1267        92       640    0.4525    0.4601    0.3816    0.1092   0.05463   0.07394   0.01088
   110/149     5.19G   0.04301   0.07922   0.00264    0.1249        77       640    0.4473    0.4608    0.3794     0.109    0.0546   0.07425   0.01079
   111/149     5.19G    0.0428   0.08029  0.002697    0.1258       101       640    0.4544    0.4568    0.3788    0.1077   0.05478   0.07485   0.01095
   112/149     5.19G   0.04263   0.07978  0.002576     0.125        67       640    0.4499    0.4501    0.3743    0.1077   0.05495   0.07474   0.01105
   113/149     5.19G   0.04247   0.07938   0.00256    0.1244        74       640    0.4385    0.4616    0.3722    0.1073   0.05494   0.07477   0.01091
   114/149     5.19G   0.04243   0.07927  0.002598    0.1243       109       640    0.4464     0.453    0.3706    0.1077    0.0549   0.07507   0.01119
   115/149     5.19G   0.04241   0.07858  0.002554    0.1235       104       640    0.4513    0.4486    0.3691    0.1064    0.0548   0.07498   0.01111
   116/149     5.19G   0.04204   0.07765  0.002534    0.1222        65       640    0.4391    0.4629    0.3719    0.1079   0.05463   0.07536   0.01118
   117/149     5.19G   0.04207   0.07886  0.002565    0.1235        51       640    0.4632     0.435    0.3674    0.1062   0.05475   0.07566   0.01128
   118/149     5.19G   0.04197    0.0772  0.002483    0.1217        79       640    0.4591     0.436    0.3664    0.1054   0.05479   0.07579   0.01113
   119/149     5.19G   0.04192    0.0775  0.002472    0.1219        95       640    0.4637    0.4295    0.3677    0.1053   0.05493     0.076   0.01136
   120/149     5.19G   0.04162   0.07756  0.002385    0.1216        57       640    0.4596    0.4288    0.3653    0.1045   0.05511   0.07624   0.01147
   121/149     5.19G    0.0416   0.07726  0.002453    0.1213        59       640    0.4259    0.4624    0.3644    0.1043    0.0552    0.0766   0.01172
   122/149     5.19G    0.0414   0.07591  0.002392    0.1197        70       640    0.4402    0.4494    0.3663    0.1039   0.05523    0.0768    0.0119
   123/149     5.19G   0.04145   0.07749  0.002334    0.1213        60       640    0.4374    0.4492    0.3644    0.1039   0.05537   0.07711   0.01188
   124/149     5.19G   0.04121   0.07738    0.0023    0.1209        70       640    0.4358    0.4531    0.3641    0.1038   0.05548   0.07731   0.01192
   125/149     5.19G   0.04106   0.07695  0.002294    0.1203        72       640    0.4494    0.4426    0.3661    0.1047   0.05548    0.0774   0.01172
   126/149     5.19G   0.04094   0.07667  0.002294    0.1199        92       640     0.451    0.4429    0.3649     0.105    0.0555   0.07761   0.01161
   127/149     5.19G   0.04088   0.07706  0.002287    0.1202        94       640    0.4497     0.441    0.3652     0.105    0.0555   0.07779   0.01172
   128/149     5.19G   0.04079   0.07561  0.002299    0.1187        96       640    0.4463    0.4434    0.3652    0.1051    0.0555   0.07772   0.01166
   129/149     5.19G   0.04063    0.0751  0.002264     0.118        47       640    0.4308    0.4585     0.364    0.1052   0.05552   0.07808   0.01179
   130/149     5.19G   0.04055   0.07621  0.002234     0.119        99       640    0.4234    0.4655    0.3629    0.1044   0.05562   0.07845   0.01208
   131/149     5.19G   0.04052    0.0759  0.002233    0.1186        90       640    0.4583    0.4354    0.3641    0.1047   0.05559   0.07856   0.01206
   132/149     5.19G    0.0404   0.07601  0.002239    0.1187       112       640    0.4668    0.4329    0.3649    0.1045   0.05559    0.0785   0.01217
   133/149     5.19G   0.04025   0.07531  0.002149    0.1177        72       640    0.4625    0.4324     0.365    0.1047    0.0556   0.07886     0.012
   134/149     5.19G   0.04006   0.07451  0.002104    0.1167        72       640     0.461    0.4345     0.364    0.1042   0.05565   0.07913   0.01214
   135/149     5.19G   0.04008   0.07527  0.002246    0.1176        81       640    0.4481    0.4442    0.3631    0.1039    0.0557   0.07939   0.01217
   136/149     5.19G   0.03995   0.07456  0.002232    0.1167        34       640    0.4635    0.4359     0.363    0.1032   0.05575    0.0797   0.01196
   137/149     5.19G   0.03999   0.07514  0.002152    0.1173        82       640     0.446    0.4496    0.3628    0.1037   0.05575   0.07985   0.01186
   138/149     5.19G   0.03983   0.07452  0.002212    0.1166        80       640    0.4457    0.4466    0.3615    0.1032    0.0558   0.08012   0.01206
   139/149     5.19G   0.03958   0.07381  0.002083    0.1155        65       640    0.4404    0.4473     0.358    0.1021   0.05589    0.0804   0.01227
   140/149     5.19G   0.03966   0.07363  0.002068    0.1154        98       640     0.444    0.4447    0.3592    0.1021   0.05593    0.0804    0.0123
   141/149     5.19G   0.03949   0.07384  0.002049    0.1154        49       640    0.4239    0.4627    0.3579    0.1018     0.056   0.08069   0.01237
   142/149     5.19G   0.03952   0.07359  0.002024    0.1151        94       640    0.4231    0.4574    0.3562    0.1018   0.05602   0.08088   0.01242
   143/149     5.19G   0.03927   0.07385  0.002041    0.1152        46       640    0.4217    0.4603    0.3562    0.1016   0.05604   0.08084   0.01241
   144/149     5.19G   0.03928   0.07341  0.002086    0.1148        68       640    0.4213    0.4568    0.3555    0.1017   0.05607   0.08089   0.01246
   145/149     5.19G   0.03911    0.0732  0.001976    0.1143        77       640     0.413     0.468    0.3567    0.1016   0.05612   0.08106   0.01245
   146/149     5.19G   0.03911    0.0728  0.002047     0.114        90       640    0.4238    0.4513    0.3536    0.1004   0.05621   0.08133   0.01249
   147/149     5.19G   0.03911   0.07326  0.002067    0.1144        42       640    0.4333    0.4444    0.3534    0.1002   0.05623    0.0815   0.01246
   148/149     5.19G     0.039   0.07316  0.002001    0.1142        55       640    0.4329    0.4448    0.3528    0.1001   0.05628   0.08167   0.01241
   149/149     5.19G   0.03889   0.07393  0.002057    0.1149        59       640    0.4318    0.4463    0.3528       0.1   0.05629   0.08179   0.01238
