     0/299     15.4G   0.06456   0.03778   0.00935    0.1117        91       640    0.5178    0.4307    0.4103    0.1177   0.04902   0.03232   0.01893
     1/299     15.3G   0.04162    0.0376  0.007569   0.08678        80       640    0.5088    0.4641    0.4304    0.1199   0.04711   0.03176   0.01589
     2/299     15.3G   0.04224   0.03668  0.007319   0.08624        59       640      0.47    0.4505    0.4115    0.1096   0.04786   0.03148   0.01769
     3/299     15.3G    0.0427   0.03623  0.007798   0.08673        59       640    0.4584    0.4701    0.4112    0.1162   0.04681   0.03185    0.0199
     4/299     15.3G   0.04325   0.03576  0.007956   0.08697        73       640    0.4755    0.4433    0.3998    0.1116   0.04674   0.03205   0.01911
     5/299     15.3G   0.04358   0.03623  0.008748   0.08855        91       640    0.4367    0.4034    0.3487   0.08615    0.0511   0.03187   0.01886
     6/299     15.3G   0.04385   0.03687  0.009442   0.09016        73       640    0.3317    0.3938    0.2745   0.06613   0.05021   0.03297   0.02745
     7/299     15.3G   0.04567   0.03932   0.01303   0.09802        55       640    0.2098    0.1625    0.1131   0.02916   0.06113   0.04374   0.04854
     8/299     15.3G   0.04794   0.04196   0.01685    0.1067       102       640  0.001235  0.006797 7.946e-05  1.18e-05   0.07281   0.04753    0.1797
     9/299     15.3G    0.0472   0.04259   0.01662    0.1064        56       640    0.2725    0.1803    0.1439   0.03659   0.05825   0.03804   0.05195
    10/299     15.3G   0.04631   0.04212   0.01605    0.1045        56       640    0.2464    0.3915    0.2474   0.06673   0.04978   0.03645   0.03161
    11/299     15.3G   0.04546   0.04171   0.01472    0.1019        78       640    0.4403    0.1492    0.1422   0.03936   0.05408   0.04478   0.05159
    12/299     15.3G   0.04494   0.04207    0.0142    0.1012        83       640    0.2358     0.216    0.1417   0.03759   0.05903   0.04136   0.04699
    13/299     15.3G   0.04471   0.04151   0.01344   0.09966       106       640    0.3489    0.3999    0.3123   0.08433    0.0482    0.0342   0.02475
    14/299     15.3G   0.04428   0.04102   0.01342   0.09873        47       640     0.348     0.449    0.3306   0.09086   0.04727   0.03335   0.01876
    15/299     15.3G   0.04375   0.04117    0.0124   0.09732        96       640    0.2919    0.2258     0.166   0.04729   0.05302   0.04194   0.05089
    16/299     15.3G   0.04347   0.04081   0.01146   0.09574        58       640    0.3801    0.4165    0.3477   0.09815   0.04564   0.03294   0.02332
    17/299     15.3G   0.04326   0.04019   0.01203   0.09548        49       640    0.4043    0.3918    0.3381   0.09739   0.04634   0.03209   0.03378
    18/299     15.3G   0.04321   0.04035   0.01123    0.0948        61       640    0.3996    0.4063     0.347   0.09579   0.04702   0.03359   0.01815
    19/299     15.3G   0.04326   0.04005   0.01152   0.09483        34       640    0.4016    0.4388    0.3805    0.1093    0.0454   0.03214   0.01542
    20/299     15.3G   0.04321   0.04069   0.01154   0.09544        85       640    0.3968    0.3743    0.3332   0.09278   0.04715   0.03289   0.02326
    21/299     15.3G   0.04316   0.04028    0.0113   0.09474        52       640    0.4036    0.4345    0.3728    0.1033   0.04687   0.03234   0.01866
    22/299     15.3G    0.0428   0.04002    0.0108   0.09361        98       640    0.3842    0.3968    0.3231   0.08823   0.04728   0.03514   0.01764
    23/299     15.3G   0.04292   0.04046   0.01127   0.09465        46       640    0.3898    0.4305    0.3632     0.104   0.04606   0.03287   0.01801
    24/299     15.3G   0.04281   0.04036   0.01079   0.09396        76       640    0.4154    0.4416     0.378    0.1089   0.04592   0.03267   0.01968
    25/299     15.3G   0.04269    0.0404   0.01079   0.09388        82       640     0.409    0.4095    0.3489     0.103   0.04543   0.03188   0.03138
    26/299     15.3G   0.04251   0.04007   0.01064   0.09321        78       640    0.4099    0.4041    0.3612     0.103   0.04613   0.03199   0.02333
    27/299     15.3G   0.04237   0.04003   0.01018   0.09258        64       640    0.3842    0.4538    0.3669    0.1021   0.04642   0.03237   0.01866
    28/299     15.3G   0.04243   0.04043   0.01065    0.0935        52       640    0.4032    0.4717    0.3821    0.1085   0.04542   0.03211   0.02002
    29/299     15.3G   0.04252    0.0401   0.01042   0.09303        87       640    0.3675    0.3245    0.2825   0.08114   0.04859   0.03487   0.04303
    30/299     15.3G   0.04252   0.03991   0.01027    0.0927       105       640    0.4064    0.4921    0.4114    0.1188   0.04455   0.03175   0.01805
    31/299     15.3G   0.04235   0.03988   0.01008   0.09231        55       640    0.4147     0.473    0.4055     0.115   0.04545   0.03173     0.018
    32/299     15.3G   0.04226   0.03966   0.01031   0.09223        71       640    0.3564    0.4154    0.3172   0.09029    0.0472   0.03336   0.03471
    33/299     15.3G   0.04231   0.03985   0.01027   0.09242       109       640    0.3839    0.4278    0.3534       0.1   0.04648   0.03297    0.0227
    34/299     15.3G   0.04229   0.04028   0.00955   0.09211        80       640    0.3888    0.4369    0.3634    0.1034   0.04664   0.03212   0.01806
    35/299     15.3G   0.04221   0.03985  0.009883   0.09195        99       640    0.4478    0.4237    0.3936    0.1143   0.04533   0.03188   0.01746
    36/299     15.3G   0.04204    0.0401  0.009425   0.09157       100       640     0.444    0.4623    0.4084     0.119    0.0448   0.03203   0.01558
    37/299     15.3G   0.04201   0.03996  0.009896   0.09187        49       640    0.4132    0.4764    0.4049    0.1175   0.04476   0.03164   0.01653
    38/299     15.3G   0.04211    0.0392  0.009387    0.0907        92       640    0.4317    0.4666    0.4045    0.1157   0.04508   0.03172   0.01813
    39/299     15.3G   0.04201   0.03924  0.009626   0.09087        38       640    0.4088    0.4493    0.3808    0.1079   0.04539   0.03201   0.01795
    40/299     15.3G   0.04197    0.0398  0.009221   0.09099        73       640    0.3978     0.447    0.3719    0.1062   0.04634   0.03222   0.01833
    41/299     15.3G   0.04181   0.03944  0.009801   0.09105        74       640    0.4415    0.4925    0.4209    0.1222   0.04432   0.03142   0.01591
    42/299     15.3G   0.04182   0.03943  0.009109   0.09036        81       640    0.4323    0.4852    0.4158    0.1243    0.0445   0.03143   0.01873
    43/299     15.3G    0.0417   0.03934  0.009408   0.09044        68       640    0.4406    0.4757    0.4173    0.1205   0.04455   0.03181   0.01661
    44/299     15.3G   0.04178    0.0396  0.009127   0.09051        92       640     0.387    0.4858    0.3921     0.111   0.04551   0.03173   0.01735
    45/299     15.3G   0.04179   0.03953  0.009526   0.09085        94       640    0.4453    0.4745    0.4186    0.1206   0.04481   0.03198   0.01479
    46/299     15.3G   0.04171   0.03934  0.009041    0.0901        77       640    0.4287    0.4865    0.4158    0.1186   0.04505   0.03154   0.01449
    47/299     15.3G   0.04177   0.03977  0.009607   0.09115        89       640    0.4563    0.4856    0.4332    0.1277   0.04399    0.0316    0.0158
    48/299     15.3G   0.04167   0.03952  0.008992   0.09018        60       640    0.4409    0.4792    0.4171    0.1218   0.04418   0.03159   0.01611
    49/299     15.3G   0.04171   0.03989  0.008983   0.09059       109       640    0.4434     0.461    0.4125    0.1188   0.04463    0.0315   0.01588
    50/299     15.3G   0.04148    0.0392  0.008805   0.08949        57       640    0.4713    0.4693    0.4331    0.1289   0.04372   0.03121   0.01636
    51/299     15.3G   0.04147   0.03954   0.00865   0.08966        61       640    0.4197     0.493    0.4164    0.1248   0.04373   0.03141   0.01794
    52/299     15.3G   0.04162   0.03999  0.009032   0.09065        72       640    0.4027    0.4988    0.4035    0.1158   0.04528   0.03207   0.01327
    53/299     15.3G   0.04148   0.03948  0.008584   0.08955        67       640    0.4066    0.4974    0.4178    0.1241    0.0437   0.03126   0.01757
    54/299     15.3G   0.04165   0.03948  0.009171    0.0903       101       640    0.4272    0.4962    0.4301    0.1266   0.04426   0.03137   0.01518
    55/299     15.3G   0.04163   0.03974  0.008801   0.09017        66       640    0.4491    0.5191    0.4406    0.1289   0.04361   0.03136   0.01426
    56/299     15.3G   0.04141     0.039   0.00883   0.08924        65       640    0.4514    0.4941    0.4359    0.1291   0.04369   0.03126   0.01456
    57/299     15.3G    0.0414   0.03943  0.008857   0.08969        53       640    0.4464    0.5073    0.4366    0.1296   0.04391   0.03132   0.01455
    58/299     15.3G   0.04149   0.03928  0.008905   0.08967        59       640    0.4574    0.4907    0.4332    0.1268   0.04374   0.03145   0.01493
    59/299     15.3G   0.04143    0.0394   0.00879   0.08961        60       640    0.4237    0.4758    0.4189    0.1237   0.04405   0.03106   0.01877
    60/299     15.3G   0.04145   0.03968  0.008957   0.09009        83       640     0.443    0.5034    0.4394     0.127   0.04405   0.03123    0.0148
    61/299     15.3G   0.04139   0.03973  0.008512   0.08963        59       640    0.4295       0.5    0.4342    0.1293   0.04396    0.0311   0.01656
    62/299     15.3G   0.04139   0.03961   0.00861   0.08961        91       640     0.482    0.4768    0.4349    0.1262   0.04428   0.03148   0.01295
    63/299     15.3G   0.04134   0.03981   0.00824   0.08939        64       640    0.4259    0.4978    0.4205    0.1213   0.04491   0.03157   0.01477
    64/299     15.3G   0.04125   0.03925  0.008376   0.08888        40       640    0.4391    0.5042    0.4371    0.1281   0.04388   0.03114   0.01371
    65/299     15.3G   0.04135   0.03922  0.008707   0.08927        52       640     0.399    0.5218    0.4207    0.1234   0.04415    0.0313   0.01479
    66/299     15.3G   0.04133   0.03901  0.008539   0.08888        43       640    0.4544    0.4982    0.4426    0.1316   0.04357   0.03112   0.01349
    67/299     15.3G   0.04123   0.03986  0.008579   0.08967        66       640    0.4668    0.4914    0.4403    0.1293   0.04383   0.03126   0.01399
    68/299     15.3G   0.04114   0.03919   0.00844   0.08877        32       640    0.4587    0.4897    0.4445    0.1314   0.04341   0.03106   0.01491
    69/299     15.3G   0.04131   0.03902  0.008328   0.08865        51       640    0.4424    0.5268    0.4549    0.1354   0.04344   0.03113   0.01349
    70/299     15.3G   0.04112   0.03959  0.008358   0.08907       109       640    0.4808    0.4789    0.4444     0.131    0.0436   0.03126   0.01473
    71/299     15.3G   0.04115    0.0396  0.008484   0.08924       117       640    0.4542    0.5104    0.4525    0.1348   0.04335   0.03111   0.01369
    72/299     15.3G   0.04101   0.03958  0.008196   0.08879        82       640    0.4223    0.5214    0.4427    0.1318   0.04338   0.03119   0.01536
    73/299     15.3G   0.04115   0.03953  0.008118   0.08879        77       640    0.4397    0.5166    0.4468    0.1338   0.04333   0.03099   0.01518
    74/299     15.3G    0.0411    0.0395  0.008282   0.08888        50       640    0.4107    0.5336    0.4425    0.1313   0.04358   0.03109   0.01513
    75/299     15.3G   0.04097   0.03909  0.008175   0.08824        49       640    0.4237    0.5119     0.443     0.132    0.0433   0.03092   0.01673
    76/299     15.3G    0.0411   0.03883  0.008249   0.08818        63       640    0.4559    0.4862    0.4363     0.129   0.04373   0.03114   0.01583
    77/299     15.3G   0.04099   0.03919  0.008072   0.08825        50       640    0.4367    0.5112    0.4394    0.1309    0.0435   0.03115   0.01482
    78/299     15.3G   0.04092   0.03915   0.00786   0.08794        69       640    0.4545    0.5102      0.45    0.1351   0.04323   0.03108   0.01409
    79/299     15.3G   0.04091   0.03895   0.00801   0.08787        71       640    0.4512    0.5082    0.4524    0.1356   0.04331   0.03098   0.01476
    80/299     15.3G   0.04093   0.03872  0.007927   0.08758        72       640    0.4532    0.5172    0.4553    0.1373   0.04316   0.03094   0.01456
    81/299     15.3G   0.04091   0.03897  0.007897   0.08778        63       640      0.49    0.4697    0.4499     0.136     0.043   0.03095   0.01537
    82/299     15.3G   0.04091   0.03917  0.008084   0.08817        33       640    0.4556    0.5133    0.4568    0.1378   0.04311   0.03101   0.01408
    83/299     15.3G   0.04082   0.03956  0.008149   0.08853        45       640    0.4918    0.4899     0.461    0.1384   0.04312   0.03108   0.01391
    84/299     15.3G    0.0411   0.03899  0.008085   0.08817        70       640    0.4842     0.483    0.4535    0.1365   0.04303   0.03102    0.0153
    85/299     15.3G   0.04101   0.03909  0.008078   0.08818        81       640    0.4798    0.5044    0.4587    0.1366   0.04306   0.03106   0.01423
    86/299     15.3G   0.04086   0.03893  0.007494   0.08728        68       640    0.4696    0.5087    0.4579    0.1368   0.04309   0.03109    0.0141
    87/299     15.3G    0.0408   0.03903  0.007693   0.08752        42       640    0.4734    0.5011     0.454     0.136   0.04325   0.03106   0.01438
    88/299     15.3G   0.04071   0.03931  0.007705   0.08772        48       640    0.4189     0.535     0.445    0.1345   0.04304   0.03101   0.01594
    89/299     15.3G   0.04083   0.03898   0.00774   0.08755        73       640    0.4426    0.5251    0.4518    0.1368   0.04303   0.03102    0.0147
    90/299     15.3G   0.04081   0.03907  0.007505   0.08739        79       640    0.4697    0.4995     0.455    0.1373   0.04295   0.03096   0.01433
    91/299     15.3G   0.04076   0.03903  0.007585   0.08738        73       640    0.4702     0.498    0.4506    0.1358     0.043     0.031   0.01448
    92/299     15.3G   0.04057   0.03895  0.007376   0.08689        80       640    0.4581    0.5104     0.451    0.1361   0.04298   0.03097   0.01471
    93/299     15.3G   0.04063   0.03884  0.007729    0.0872        51       640    0.4547    0.5074    0.4487    0.1355   0.04312     0.031   0.01441
    94/299     15.3G   0.04066   0.03918  0.007454   0.08729        72       640    0.4963    0.4763    0.4507    0.1368   0.04306     0.031    0.0141
    95/299     15.3G   0.04041   0.03873   0.00713   0.08627       101       640    0.4699     0.497    0.4513     0.136   0.04306   0.03098   0.01455
    96/299     15.3G   0.04047   0.03896  0.007513   0.08695        77       640    0.4729    0.4839    0.4453     0.134   0.04309   0.03098   0.01515
    97/299     15.3G   0.04053   0.03884  0.007537   0.08691        80       640    0.4256    0.5173    0.4395    0.1323   0.04315   0.03102   0.01584
    98/299     15.3G   0.04046   0.03877  0.007204   0.08644        74       640    0.4258    0.5271    0.4446     0.134   0.04306   0.03099   0.01557
    99/299     15.3G   0.04031    0.0387   0.00728   0.08629        92       640    0.4554    0.5068    0.4514    0.1358   0.04306     0.031   0.01493
   100/299     15.3G   0.04053   0.03924  0.007098   0.08687        88       640    0.4583    0.5088    0.4542    0.1367   0.04304     0.031   0.01465
   101/299     15.3G    0.0404   0.03878  0.007131   0.08631        83       640    0.4893    0.4902    0.4582    0.1376     0.043   0.03102   0.01421
   102/299     15.3G   0.04038   0.03888    0.0072   0.08645        65       640    0.4856    0.4979     0.461    0.1386   0.04297   0.03101   0.01391
   103/299     15.3G   0.04042   0.03869  0.006951   0.08606       101       640    0.5054    0.4854    0.4621    0.1393   0.04292     0.031   0.01382
   104/299     15.3G   0.04039   0.03889  0.007099   0.08638        92       640    0.4422    0.5314    0.4563    0.1383   0.04294     0.031   0.01439
   105/299     15.3G   0.04022   0.03885  0.007162   0.08623        79       640      0.47    0.5045    0.4591    0.1392   0.04293   0.03097    0.0145
   106/299     15.3G    0.0403   0.03932  0.007256   0.08687        68       640    0.4661    0.5066    0.4562    0.1386   0.04294   0.03095   0.01473
   107/299     15.3G   0.04028   0.03876  0.006984   0.08602        62       640     0.468     0.505    0.4561    0.1387   0.04294   0.03099   0.01465
   108/299     15.3G   0.04029    0.0388  0.007301   0.08639        62       640    0.4455    0.5239    0.4557    0.1389   0.04293     0.031   0.01456
   109/299     15.3G    0.0403   0.03893  0.006759   0.08599        74       640    0.4572    0.5109    0.4553    0.1385   0.04293   0.03101   0.01437
   110/299     15.3G   0.04012   0.03826  0.006941   0.08532        41       640    0.4499    0.5225    0.4569    0.1386    0.0429   0.03099    0.0145
   111/299     15.3G   0.04012   0.03886  0.006714   0.08569        71       640    0.4412    0.5355    0.4568     0.139   0.04286     0.031   0.01447
   112/299     15.3G   0.04014     0.039  0.006577   0.08572        89       640    0.4426     0.538      0.46    0.1397   0.04285   0.03099   0.01446
   113/299     15.3G   0.04016   0.03854   0.00704   0.08574        48       640    0.4754    0.5038    0.4595    0.1392   0.04283   0.03096   0.01468
   114/299     15.3G   0.04018   0.03869   0.00705   0.08592        65       640    0.4855    0.4963    0.4602    0.1396   0.04281   0.03097   0.01448
   115/299     15.3G   0.04004   0.03859  0.006607   0.08523       108       640    0.4307     0.556    0.4616      0.14   0.04277   0.03096   0.01451
   116/299     15.3G   0.04013   0.03869  0.006821   0.08564        91       640    0.4273    0.5616    0.4624    0.1403   0.04276   0.03095   0.01435
   117/299     15.3G   0.04006   0.03808  0.006808   0.08495        47       640    0.4344     0.561    0.4639    0.1404   0.04275   0.03096   0.01423
   118/299     15.3G   0.04014   0.03837  0.006979   0.08549        78       640    0.4763    0.5138    0.4637    0.1402   0.04276   0.03098   0.01415
   119/299     15.3G   0.04009   0.03848  0.006762   0.08534        66       640    0.4838    0.5082    0.4635    0.1403   0.04276   0.03098   0.01409
   120/299     15.3G   0.03994   0.03859  0.006495   0.08503        87       640    0.4523    0.5401    0.4636    0.1403   0.04276   0.03097   0.01412
   121/299     15.3G   0.03986   0.03896  0.006449   0.08527        79       640    0.4528    0.5377    0.4637    0.1402   0.04276   0.03097   0.01415
   122/299     15.3G   0.04006    0.0387  0.006696   0.08545        83       640    0.4728    0.5159    0.4632    0.1401   0.04275   0.03098   0.01414
   123/299     15.3G   0.03991   0.03837  0.006279   0.08457        66       640    0.4476     0.543     0.463    0.1399   0.04276   0.03098   0.01414
   124/299     15.3G   0.03991   0.03831  0.006436   0.08466        45       640    0.4516    0.5379    0.4629    0.1397   0.04275   0.03098   0.01419
   125/299     15.3G   0.04002     0.038  0.006428   0.08445        52       640    0.4641    0.5271    0.4633    0.1397   0.04275   0.03098    0.0142
   126/299     15.3G   0.03978    0.0384  0.006155   0.08433        73       640    0.4583    0.5332    0.4634    0.1397   0.04275   0.03099   0.01418
   127/299     15.3G   0.03976   0.03839  0.006418   0.08457        68       640    0.4565    0.5369    0.4642    0.1399   0.04275   0.03099   0.01415
   128/299     15.3G   0.03992    0.0384  0.006262   0.08459       102       640     0.474    0.5173    0.4636      0.14   0.04275   0.03099   0.01418
   129/299     15.3G   0.03964   0.03845  0.006288   0.08437        69       640    0.4638     0.527    0.4636      0.14   0.04274   0.03098   0.01427
   130/299     15.3G   0.03973   0.03868  0.006602   0.08501        69       640    0.4605    0.5282    0.4625      0.14   0.04273   0.03098   0.01445
   131/299     15.3G   0.03982   0.03864  0.006356   0.08481       121       640    0.4635    0.5228    0.4619    0.1397   0.04272   0.03098   0.01461
   132/299     15.3G   0.03972   0.03821  0.006379   0.08431        47       640    0.4654    0.5179    0.4603    0.1394   0.04271   0.03097   0.01476
   133/299     15.3G   0.03957   0.03815  0.006006   0.08373       102       640    0.4668    0.5159    0.4601    0.1395   0.04271   0.03097   0.01486
   134/299     15.3G   0.03954    0.0381  0.005993   0.08363        80       640    0.4769    0.5042     0.459     0.139   0.04271   0.03096   0.01499
   135/299     15.3G   0.03939   0.03858  0.005767   0.08373        70       640    0.4691    0.5132    0.4606    0.1394   0.04271   0.03096   0.01497
   136/299     15.3G   0.03954   0.03839  0.005826   0.08375        85       640    0.4716    0.5109    0.4602    0.1394   0.04271   0.03095   0.01498
   137/299     15.3G    0.0396   0.03789  0.006116   0.08361        48       640     0.465     0.518    0.4601    0.1394   0.04271   0.03095   0.01494
   138/299     15.3G   0.03951    0.0383  0.005867   0.08367       118       640    0.4654    0.5179    0.4605    0.1397    0.0427   0.03095   0.01496
   139/299     15.3G   0.03943   0.03847  0.005763   0.08367        65       640    0.4634    0.5201    0.4599    0.1396    0.0427   0.03095   0.01498
   140/299     15.3G   0.03927   0.03829  0.005911   0.08347        60       640    0.4621    0.5211    0.4594    0.1393    0.0427   0.03095   0.01503
   141/299     15.3G   0.03937   0.03812  0.005786   0.08327        80       640    0.4623    0.5208    0.4593    0.1392    0.0427   0.03094   0.01501
   142/299     15.3G   0.03917   0.03803  0.005335   0.08253        74       640    0.4632    0.5217    0.4589    0.1391    0.0427   0.03095   0.01504
   143/299     15.3G    0.0392   0.03844  0.005685   0.08332        96       640    0.4639    0.5212    0.4592    0.1393    0.0427   0.03094   0.01502
   144/299     15.3G   0.03924    0.0379  0.005568   0.08271        66       640    0.4694    0.5173    0.4593    0.1395    0.0427   0.03094   0.01502
   145/299     15.3G    0.0391   0.03821  0.005567   0.08288        80       640    0.4694    0.5157     0.459    0.1393    0.0427   0.03094   0.01499
   146/299     15.3G    0.0391   0.03801  0.005766   0.08287        75       640    0.4644    0.5215    0.4597    0.1395   0.04269   0.03093   0.01497
   147/299     15.3G   0.03922   0.03854  0.005754   0.08352       103       640    0.4685    0.5174    0.4603    0.1395   0.04269   0.03093   0.01497
   148/299     15.3G   0.03913   0.03821  0.005682   0.08302        50       640    0.4654    0.5203    0.4604    0.1395   0.04269   0.03093   0.01502
   149/299     15.3G   0.03913   0.03789  0.005618   0.08264       105       640    0.4695    0.5161    0.4599    0.1393   0.04269   0.03093     0.015
   150/299     15.3G   0.03925   0.03809  0.005726   0.08307        47       640    0.4657    0.5208    0.4606    0.1394   0.04269   0.03093   0.01496
   151/299     15.3G   0.03921   0.03751  0.005554   0.08228        68       640    0.4674    0.5173      0.46    0.1393   0.04269   0.03093   0.01495
   152/299     15.3G   0.03909   0.03765  0.005317   0.08205        45       640    0.4664    0.5195    0.4599    0.1392   0.04269   0.03093   0.01494
   153/299     15.3G   0.03896   0.03819  0.005183   0.08233        69       640     0.466      0.52    0.4602    0.1394   0.04268   0.03093   0.01495
   154/299     15.3G   0.03893   0.03809  0.005177   0.08219        67       640    0.4641    0.5197    0.4595    0.1393   0.04268   0.03092   0.01498
   155/299     15.3G   0.03885   0.03815  0.005395   0.08239        95       640    0.4692    0.5148    0.4596    0.1392   0.04268   0.03092   0.01501
   156/299     15.3G   0.03878   0.03793  0.005251   0.08196        72       640    0.4667    0.5187    0.4601    0.1392   0.04268   0.03092   0.01503
   157/299     15.3G   0.03884   0.03751  0.005182   0.08152        47       640     0.465    0.5198    0.4599    0.1395   0.04267   0.03092   0.01507
   158/299     15.3G   0.03852   0.03795   0.00519   0.08167        76       640    0.4677    0.5179    0.4605    0.1396   0.04267   0.03092   0.01508
   159/299     15.3G   0.03865   0.03759  0.005126   0.08137        80       640    0.4653    0.5194    0.4601    0.1397   0.04267   0.03092   0.01509
   160/299     15.3G   0.03874   0.03768  0.004924   0.08135        57       640    0.4699    0.5144    0.4605    0.1398   0.04266   0.03091   0.01511
   161/299     15.3G   0.03866   0.03765  0.005119   0.08143        58       640    0.4398    0.5477    0.4599    0.1397   0.04266   0.03091   0.01511
   162/299     15.3G   0.03855   0.03756  0.004707   0.08082        95       640    0.4409    0.5482    0.4602    0.1397   0.04266   0.03091   0.01511
   163/299     15.3G   0.03843   0.03746  0.004943   0.08083        80       640    0.4432    0.5448    0.4604    0.1396   0.04266    0.0309   0.01514
   164/299     15.3G   0.03869   0.03763  0.005212   0.08152       107       640    0.5019    0.4868    0.4607    0.1396   0.04266    0.0309   0.01516
   165/299     15.3G   0.03853   0.03754  0.004915   0.08099        67       640    0.5028     0.486    0.4603    0.1397   0.04266    0.0309   0.01518
   166/299     15.3G   0.03846   0.03745  0.004914   0.08082        90       640     0.504    0.4853    0.4607    0.1399   0.04265    0.0309   0.01517
   167/299     15.3G   0.03834   0.03717  0.004517   0.08003        48       640    0.4656    0.5201     0.461    0.1399   0.04265    0.0309   0.01516
   168/299     15.3G   0.03845   0.03761  0.004669   0.08072        75       640    0.4644    0.5227    0.4614    0.1401   0.04265    0.0309   0.01516
   169/299     15.3G   0.03832   0.03723  0.004603   0.08016        68       640    0.4644    0.5222    0.4615    0.1401   0.04265    0.0309   0.01517
   170/299     15.3G   0.03835   0.03789   0.00459   0.08083        65       640    0.4635    0.5234    0.4618    0.1403   0.04264   0.03089   0.01517
   171/299     15.3G   0.03824   0.03759  0.004658    0.0805        70       640    0.4534    0.5339    0.4611    0.1401   0.04264    0.0309   0.01518
   172/299     15.3G   0.03824   0.03718   0.00468    0.0801       129       640    0.4546    0.5338    0.4613    0.1402   0.04264   0.03089   0.01519
   173/299     15.3G   0.03816   0.03752  0.004746   0.08043        74       640    0.4583    0.5307    0.4615    0.1403   0.04264   0.03089   0.01519
   174/299     15.3G   0.03797   0.03722  0.004346   0.07954        71       640    0.4592    0.5298    0.4619    0.1404   0.04264    0.0309    0.0152
   175/299     15.3G   0.03796    0.0371  0.004503   0.07956        60       640    0.4614    0.5262    0.4614    0.1404   0.04263    0.0309   0.01523
   176/299     15.3G   0.03817   0.03796  0.004559   0.08069       127       640     0.462    0.5261     0.461    0.1405   0.04263    0.0309   0.01524
   177/299     15.3G   0.03806   0.03756  0.004509   0.08012        84       640    0.4628    0.5254    0.4613    0.1403   0.04263    0.0309   0.01524
   178/299     15.3G   0.03795   0.03741  0.004355   0.07972        85       640    0.4603    0.5271    0.4611    0.1404   0.04263    0.0309   0.01525
   179/299     15.3G   0.03789   0.03747   0.00437   0.07973        91       640    0.4661    0.5217     0.461    0.1404   0.04263    0.0309   0.01525
   180/299     15.3G   0.03794   0.03738  0.004228   0.07955       110       640    0.4637    0.5242    0.4616    0.1404   0.04263    0.0309   0.01526
   181/299     15.3G   0.03766   0.03696   0.00416   0.07878        62       640    0.4651    0.5237    0.4614    0.1402   0.04263    0.0309   0.01527
   182/299     15.3G   0.03767   0.03684  0.004021   0.07853        65       640    0.4657    0.5232    0.4614    0.1404   0.04263    0.0309   0.01528
   183/299     15.3G   0.03763   0.03678  0.004177   0.07858        51       640    0.4642     0.525    0.4615    0.1404   0.04263    0.0309    0.0153
   184/299     15.3G   0.03779   0.03677  0.004455   0.07901        61       640    0.4654    0.5249     0.462    0.1404   0.04263    0.0309   0.01532
   185/299     15.3G   0.03759   0.03714  0.004203   0.07893        65       640    0.4678    0.5216    0.4619    0.1404   0.04263   0.03091   0.01535
   186/299     15.3G   0.03737   0.03653  0.003859   0.07776        59       640    0.4669    0.5232     0.462    0.1405   0.04263   0.03091   0.01539
   187/299     15.3G    0.0376   0.03703  0.003957   0.07859        62       640      0.46    0.5294    0.4613    0.1404   0.04263   0.03091   0.01542
   188/299     15.3G   0.03746   0.03715  0.004065   0.07868        88       640    0.4611    0.5289    0.4611    0.1404   0.04263   0.03091   0.01544
   189/299     15.3G   0.03744    0.0364  0.004211   0.07804        53       640    0.4616    0.5281    0.4608    0.1404   0.04263   0.03091   0.01544
   190/299     15.3G   0.03735   0.03662  0.003969   0.07794        90       640    0.4561    0.5353    0.4611    0.1406   0.04263   0.03092   0.01547
   191/299     15.3G   0.03724   0.03633  0.003678   0.07725        67       640    0.4548     0.538    0.4614    0.1408   0.04263   0.03092   0.01549
   192/299     15.3G   0.03715   0.03658  0.003778    0.0775        61       640    0.4567    0.5345     0.461    0.1406   0.04263   0.03092   0.01552
   193/299     15.3G   0.03723     0.037  0.003809   0.07804        60       640    0.4577    0.5335    0.4609    0.1406   0.04263   0.03093   0.01552
   194/299     15.3G   0.03723   0.03639  0.003767   0.07738        60       640    0.4586    0.5328    0.4606    0.1404   0.04264   0.03093   0.01554
   195/299     15.3G   0.03713   0.03677  0.003808   0.07772        71       640    0.4615     0.529    0.4604    0.1406   0.04264   0.03094   0.01556
   196/299     15.3G   0.03705   0.03618  0.003755   0.07698        97       640    0.4557    0.5355    0.4607    0.1404   0.04264   0.03094   0.01561
   197/299     15.3G   0.03699   0.03629   0.00383   0.07711        53       640    0.4561    0.5351    0.4604    0.1404   0.04264   0.03095   0.01564
   198/299     15.3G   0.03685   0.03638  0.003595   0.07682       106       640    0.4544    0.5368    0.4607    0.1405   0.04264   0.03095   0.01565
   199/299     15.3G   0.03682   0.03641   0.00377   0.07701        91       640    0.4548    0.5361    0.4604    0.1406   0.04264   0.03095   0.01567
   200/299     15.3G   0.03678   0.03615  0.003771   0.07671        56       640    0.4535     0.538    0.4601    0.1406   0.04264   0.03096   0.01568
   201/299     15.3G   0.03676   0.03634  0.003629   0.07673        74       640    0.4818    0.5064    0.4605    0.1404   0.04265   0.03097    0.0157
   202/299     15.3G   0.03659   0.03627  0.003316   0.07617        73       640    0.4822    0.5083     0.461    0.1404   0.04265   0.03097   0.01572
   203/299     15.3G   0.03649   0.03574  0.003362   0.07559        77       640    0.4826     0.507    0.4608    0.1403   0.04265   0.03098   0.01577
   204/299     15.3G    0.0364   0.03614  0.003251   0.07579        34       640    0.4836    0.5066    0.4606    0.1405   0.04265   0.03098   0.01579
   205/299     15.3G   0.03634   0.03575  0.003539   0.07563        58       640    0.4825    0.5088    0.4614    0.1406   0.04265   0.03099   0.01581
   206/299     15.3G   0.03639   0.03579  0.003431    0.0756        75       640    0.4827     0.508     0.461    0.1406   0.04266     0.031   0.01583
   207/299     15.3G   0.03628   0.03641  0.003286   0.07598       115       640    0.4791    0.5113    0.4611    0.1405   0.04266     0.031   0.01589
   208/299     15.3G   0.03625   0.03582  0.003292   0.07537        68       640    0.4804    0.5105    0.4606    0.1405   0.04266   0.03101    0.0159
   209/299     15.3G   0.03606   0.03568  0.003124   0.07486        85       640    0.4783    0.5112    0.4599    0.1404   0.04267   0.03102   0.01595
   210/299     15.3G   0.03607   0.03603  0.003323   0.07543        74       640      0.48    0.5106    0.4598    0.1404   0.04267   0.03103   0.01599
   211/299     15.3G   0.03599   0.03575  0.003031   0.07477        73       640      0.48    0.5092    0.4597    0.1404   0.04268   0.03104     0.016
   212/299     15.3G   0.03591   0.03536    0.0031   0.07437        58       640    0.4891    0.4992    0.4592    0.1403   0.04268   0.03105   0.01603
   213/299     15.3G   0.03589   0.03577  0.003112   0.07478       109       640    0.4909     0.499    0.4593    0.1403   0.04268   0.03106   0.01604
   214/299     15.3G   0.03584   0.03548  0.003135   0.07446        57       640    0.4914    0.4977    0.4591    0.1403   0.04269   0.03107   0.01606
   215/299     15.3G   0.03581   0.03537  0.003139   0.07432       108       640     0.493    0.4976    0.4592    0.1402   0.04269   0.03108   0.01607
   216/299     15.3G   0.03571   0.03541  0.002959   0.07408        81       640    0.4932    0.4967    0.4589    0.1402   0.04269   0.03109    0.0161
   217/299     15.3G   0.03563   0.03554  0.003116   0.07428        60       640    0.4936    0.4956    0.4588    0.1401    0.0427    0.0311   0.01613
   218/299     15.3G   0.03532   0.03517  0.002786   0.07328        48       640    0.4943    0.4946    0.4587      0.14    0.0427   0.03111   0.01615
   219/299     15.3G   0.03553   0.03523  0.002985   0.07374        65       640    0.4675    0.5201    0.4585    0.1397    0.0427   0.03112   0.01616
   220/299     15.3G   0.03535   0.03539  0.003039   0.07378        61       640    0.4665    0.5219    0.4582    0.1396    0.0427   0.03113   0.01617
   221/299     15.3G   0.03556   0.03519  0.002937   0.07368        71       640    0.4786    0.5093    0.4584    0.1394   0.04271   0.03114   0.01618
   222/299     15.3G   0.03522   0.03533  0.002747    0.0733        61       640    0.4793    0.5084    0.4582    0.1395   0.04271   0.03115   0.01621
   223/299     15.3G   0.03519   0.03497  0.002833     0.073        89       640    0.4919    0.4961    0.4581    0.1392   0.04271   0.03117   0.01623
   224/299     15.3G    0.0351   0.03498  0.002791   0.07288        68       640    0.4773    0.5115    0.4583    0.1393   0.04272   0.03118   0.01624
   225/299     15.3G   0.03501   0.03484    0.0028   0.07264        63       640    0.4757    0.5127    0.4586    0.1392   0.04272   0.03119   0.01626
   226/299     15.3G   0.03491   0.03461  0.002858   0.07238        34       640    0.4738    0.5143    0.4584    0.1393   0.04273    0.0312   0.01627
   227/299     15.3G   0.03496   0.03489  0.002911   0.07276        89       640    0.4801    0.5086    0.4587    0.1391   0.04274   0.03122   0.01629
   228/299     15.3G   0.03476   0.03462  0.002754   0.07214        76       640     0.468    0.5219    0.4586    0.1391   0.04274   0.03123   0.01632
   229/299     15.3G   0.03472   0.03437  0.002701   0.07179        52       640    0.4691    0.5214    0.4587    0.1391   0.04275   0.03124   0.01634
   230/299     15.3G   0.03466   0.03465  0.002755   0.07206        87       640    0.4696    0.5199    0.4583     0.139   0.04275   0.03126   0.01635
   231/299     15.3G   0.03461   0.03455  0.002664   0.07182        83       640    0.4823    0.5078    0.4584    0.1389   0.04276   0.03127    0.0164
   232/299     15.3G   0.03438   0.03421  0.002454   0.07104        53       640    0.4804    0.5079    0.4576    0.1388   0.04276   0.03129   0.01642
   233/299     15.3G   0.03429   0.03425  0.002485   0.07103        38       640    0.4787    0.5098    0.4578    0.1388   0.04277    0.0313   0.01644
   234/299     15.3G   0.03414   0.03403  0.002468   0.07064        68       640    0.4796    0.5085    0.4579    0.1388   0.04277   0.03132   0.01646
   235/299     15.3G    0.0341   0.03421  0.002451   0.07076        87       640    0.4659    0.5232    0.4578    0.1387   0.04278   0.03134   0.01649
   236/299     15.3G   0.03403   0.03387  0.002454   0.07036        74       640    0.4776    0.5106    0.4573    0.1387   0.04279   0.03135   0.01651
   237/299     15.3G   0.03394   0.03395  0.002359   0.07025        56       640     0.479     0.509    0.4574    0.1386   0.04279   0.03137   0.01654
   238/299     15.3G   0.03393   0.03388  0.002383   0.07019        63       640    0.4803     0.508     0.458    0.1387    0.0428   0.03139   0.01657
   239/299     15.3G   0.03386   0.03421  0.002473   0.07054        82       640    0.4805    0.5067    0.4573    0.1386    0.0428   0.03141    0.0166
   240/299     15.3G   0.03383   0.03371  0.002216   0.06976        73       640    0.4817    0.5056    0.4572    0.1387   0.04281   0.03143   0.01661
   241/299     15.3G    0.0336   0.03396  0.002342   0.06991        65       640    0.4761    0.5117    0.4574    0.1387   0.04282   0.03144   0.01664
   242/299     15.3G   0.03347   0.03358   0.00219   0.06925        75       640    0.4766    0.5105    0.4571    0.1385   0.04283   0.03146   0.01667
   243/299     15.3G   0.03358   0.03339  0.002212   0.06918        68       640    0.4768    0.5093    0.4569    0.1384   0.04283   0.03148   0.01671
   244/299     15.3G   0.03339    0.0332  0.002626   0.06921        29       640    0.4761    0.5104    0.4569    0.1384   0.04284   0.03151   0.01674
   245/299     15.3G    0.0332   0.03338  0.002214   0.06879        76       640    0.4753    0.5114    0.4563    0.1383   0.04285   0.03153   0.01675
   246/299     15.3G   0.03316   0.03371  0.002276   0.06915        79       640    0.4801    0.5058    0.4559    0.1383   0.04285   0.03155   0.01678
   247/299     15.3G   0.03326   0.03326  0.002326   0.06885        50       640    0.4791    0.5068    0.4563    0.1382   0.04286   0.03157   0.01679
   248/299     15.3G   0.03303   0.03328  0.002257   0.06857        89       640    0.4806    0.5053    0.4561    0.1381   0.04287   0.03159   0.01683
   249/299     15.3G   0.03314   0.03278  0.002099   0.06802        97       640    0.4796    0.5064    0.4568    0.1381   0.04288   0.03162   0.01688
   250/299     15.3G   0.03284   0.03314  0.002204   0.06818        63       640     0.472    0.5144    0.4566    0.1379   0.04289   0.03164    0.0169
   251/299     15.3G   0.03279   0.03273  0.002204   0.06773        88       640    0.4735    0.5141    0.4567     0.138   0.04289   0.03167   0.01692
   252/299     15.3G   0.03288    0.0328  0.002293   0.06797        73       640    0.4725     0.515    0.4565    0.1379    0.0429   0.03169   0.01694
   253/299     15.3G   0.03267   0.03298  0.002266   0.06792        55       640    0.4717    0.5156    0.4562    0.1377   0.04291   0.03171   0.01696
   254/299     15.3G   0.03253   0.03272  0.002069   0.06732        68       640    0.4898     0.496    0.4557    0.1375   0.04292   0.03174   0.01699
   255/299     15.3G   0.03249   0.03263  0.002024   0.06714        61       640    0.4711     0.514    0.4557    0.1374   0.04293   0.03177   0.01703
   256/299     15.3G   0.03263   0.03306  0.002195   0.06788        78       640    0.4886    0.4953    0.4553    0.1373   0.04293   0.03179   0.01704
   257/299     15.3G   0.03237   0.03237  0.001959    0.0667        80       640    0.4696    0.5134    0.4549    0.1375   0.04294   0.03182   0.01705
   258/299     15.3G   0.03234   0.03281  0.002129   0.06728        80       640    0.4682    0.5148    0.4546    0.1373   0.04295   0.03185   0.01709
   259/299     15.3G   0.03215   0.03252  0.002104   0.06677        74       640    0.4692    0.5134    0.4543    0.1372   0.04296   0.03188   0.01711
   260/299     15.3G   0.03203    0.0323  0.001977   0.06631        60       640    0.4855    0.4961    0.4542    0.1371   0.04297   0.03191   0.01714
   261/299     15.3G   0.03202   0.03234  0.001955   0.06631        94       640    0.4682    0.5119    0.4531    0.1372   0.04297   0.03194   0.01716
   262/299     15.3G   0.03199   0.03238  0.002055   0.06642        88       640    0.4693    0.5105    0.4526    0.1372   0.04298   0.03197   0.01719
   263/299     15.3G   0.03192   0.03221  0.002055   0.06619        67       640    0.4818    0.4982    0.4529    0.1372   0.04299     0.032   0.01721
   264/299     15.3G   0.03174   0.03208  0.001997   0.06582        67       640    0.4807    0.4993    0.4527    0.1371     0.043   0.03203   0.01723
   265/299     15.3G   0.03161   0.03201  0.001911   0.06553       106       640    0.4808    0.4976    0.4523    0.1369   0.04301   0.03206   0.01725
   266/299     15.3G   0.03161   0.03202  0.001967    0.0656       104       640    0.4771    0.5006    0.4517    0.1367   0.04302   0.03209   0.01727
   267/299     15.3G   0.03144   0.03189  0.001945   0.06528        50       640    0.4759    0.5014    0.4507    0.1365   0.04303   0.03212   0.01731
   268/299     15.3G   0.03146    0.0319    0.0019   0.06526        70       640    0.4762    0.4998    0.4497    0.1363   0.04303   0.03215   0.01734
   269/299     15.3G   0.03156   0.03211   0.00208   0.06574        76       640    0.4754     0.501    0.4497    0.1361   0.04304   0.03219   0.01738
   270/299     15.3G   0.03157   0.03168   0.00205    0.0653        79       640    0.4837    0.4934     0.449     0.136   0.04306   0.03222   0.01743
   271/299     15.3G   0.03124   0.03196  0.001892   0.06509       107       640    0.4897    0.4881    0.4491    0.1359   0.04307   0.03225   0.01745
   272/299     15.3G   0.03131   0.03157  0.001884   0.06477        68       640    0.4864    0.4917    0.4484    0.1357   0.04307   0.03228   0.01748
   273/299     15.3G   0.03109   0.03169  0.001827    0.0646        57       640    0.4839    0.4947    0.4478    0.1356   0.04308   0.03232   0.01751
   274/299     15.3G   0.03103   0.03149  0.001647   0.06417        68       640    0.4846     0.493    0.4474    0.1354   0.04309   0.03236   0.01754
   275/299     15.3G   0.03084   0.03112  0.001821   0.06378        85       640    0.4839     0.494    0.4474    0.1353   0.04311   0.03239   0.01756
   276/299     15.3G   0.03079    0.0312  0.001876   0.06387        47       640    0.4848    0.4931    0.4471    0.1351   0.04312   0.03243   0.01757
   277/299     15.3G   0.03082   0.03139  0.001953   0.06417        56       640    0.4829    0.4938    0.4468    0.1352   0.04313   0.03247   0.01759
   278/299     15.3G   0.03051   0.03136  0.001704   0.06358        62       640    0.4809    0.4947    0.4462     0.135   0.04314    0.0325    0.0176
   279/299     15.3G    0.0306   0.03102   0.00178    0.0634        69       640    0.4792    0.4949    0.4455     0.135   0.04315   0.03255   0.01762
   280/299     15.3G   0.03045   0.03117  0.001737   0.06336        69       640    0.4805     0.494    0.4453    0.1348   0.04316   0.03259   0.01763
   281/299     15.3G   0.03062   0.03094   0.00183   0.06339        55       640    0.4794    0.4949    0.4451    0.1346   0.04317   0.03263   0.01764
   282/299     15.3G   0.03043   0.03109  0.001867   0.06339        61       640    0.4734    0.5002    0.4448    0.1344   0.04318   0.03267   0.01768
   283/299     15.3G   0.03043   0.03089  0.001804   0.06312        81       640    0.4744    0.4989    0.4447    0.1343   0.04319   0.03271    0.0177
   284/299     15.3G   0.03037   0.03102  0.001809    0.0632        43       640    0.4761    0.4977    0.4444    0.1342    0.0432   0.03275   0.01773
   285/299     15.3G   0.03008     0.031  0.001769   0.06285        51       640    0.4859    0.4865     0.444    0.1341   0.04321   0.03279   0.01777
   286/299     15.3G   0.03013   0.03052   0.00162   0.06227        69       640    0.4868    0.4855    0.4437    0.1339   0.04323   0.03284   0.01778
   287/299     15.3G   0.03006   0.03065   0.00178    0.0625        71       640     0.483    0.4887    0.4433     0.134   0.04324   0.03288   0.01781
   288/299     15.3G   0.02994   0.03056  0.001628   0.06214        78       640    0.4843    0.4878    0.4433    0.1338   0.04325   0.03292   0.01783
   289/299     15.3G   0.03009   0.03046   0.00177   0.06231        62       640    0.4831    0.4891    0.4431    0.1338   0.04326   0.03295   0.01784
   290/299     15.3G    0.0299    0.0307  0.001766   0.06237        76       640    0.4818    0.4909     0.443    0.1337   0.04327   0.03299   0.01788
   291/299     15.3G   0.02989   0.03049  0.001771   0.06215        80       640    0.4826    0.4891    0.4427    0.1335   0.04328   0.03303   0.01793
   292/299     15.3G   0.02992   0.03057  0.001614    0.0621        66       640    0.4833    0.4879    0.4423    0.1333    0.0433   0.03307     0.018
   293/299     15.3G   0.02971   0.03037  0.001812   0.06189        75       640    0.4808    0.4885    0.4413    0.1331   0.04331   0.03312   0.01805
   294/299     15.3G   0.02963   0.03064  0.001534    0.0618        62       640    0.4812    0.4869    0.4406     0.133   0.04332   0.03316   0.01807
   295/299     15.3G   0.02957   0.03021   0.00162    0.0614        96       640    0.4815    0.4857    0.4399    0.1329   0.04333    0.0332   0.01811
   296/299     15.3G   0.02967   0.02997  0.001597   0.06124        89       640     0.486    0.4813    0.4396    0.1328   0.04335   0.03324   0.01813
   297/299     15.3G    0.0298    0.0305  0.001729   0.06203        51       640    0.4844    0.4835    0.4396    0.1326   0.04336   0.03329   0.01818
   298/299     15.3G    0.0296   0.03011  0.001713   0.06143        45       640    0.4912    0.4776    0.4393    0.1323   0.04337   0.03333   0.01822
   299/299     15.3G   0.02956   0.02995  0.001707   0.06122        73       640     0.492    0.4765    0.4389    0.1321   0.04338   0.03338   0.01826
