     0/499      5.8G   0.08278    0.1103   0.02907    0.2221        14       640    0.2519  0.008457  0.001004 0.0003234     0.103    0.1093   0.06152
     1/499     10.2G   0.06879    0.1056   0.01781    0.1922        30       640    0.6144    0.1332   0.07267   0.01452   0.07662   0.08107   0.03402
     2/499     13.7G   0.06636    0.1032   0.01429    0.1839        22       640    0.5652     0.106   0.04139  0.007481   0.07541   0.08057   0.02775
     3/499     13.7G   0.06514    0.1012   0.01339    0.1797        24       640    0.3456    0.1562    0.0773   0.01585   0.06915   0.07617   0.02797
     4/499     13.7G   0.06457    0.1015   0.01282    0.1789         7       640   0.08035    0.1717   0.05115   0.01015   0.07356   0.08024   0.02357
     5/499     13.7G   0.06429    0.1021   0.01223    0.1786        36       640    0.5956    0.1117   0.06243   0.01276   0.07394   0.07565   0.02233
     6/499     13.7G   0.06379    0.1011   0.01187    0.1767        23       640    0.3891    0.1601    0.1069   0.02356   0.06685     0.081   0.02174
     7/499     13.7G   0.06413    0.1021   0.01247    0.1787        50       640         0         0         0         0    0.1697       nan       nan
     8/499     13.7G   0.06507    0.1013   0.01237    0.1787        18       640    0.3948    0.1727    0.1308      0.03   0.08535   0.07698    0.1747
     9/499     13.7G   0.06382    0.1026   0.01163    0.1781        47       640    0.3889    0.1414   0.09429   0.02333   0.07124   0.07487   0.01869
    10/499     13.7G   0.06339    0.1016   0.01147    0.1764        21       640    0.2871    0.2017    0.1805    0.0411   0.06465   0.07019   0.01615
    11/499     13.7G   0.06292    0.1008    0.0109    0.1747        21       640    0.1825    0.2686    0.1433   0.03293   0.06618   0.07327   0.01747
    12/499     13.7G   0.06298     0.102   0.01123    0.1762        40       640    0.6418    0.1217   0.09029    0.0184    0.0727   0.07398   0.01978
    13/499     13.7G   0.06219    0.1003   0.01092    0.1734        10       640     0.184    0.2035    0.1278   0.02747   0.06688   0.07519   0.01788
    14/499     13.7G    0.0629    0.1009    0.0113    0.1751        18       640    0.6808    0.1735    0.1472   0.03405   0.06651   0.07462   0.01836
    15/499     13.7G   0.06236    0.1013   0.01097    0.1746        23       640     0.154    0.4117    0.1998    0.0459   0.06246   0.07177    0.0134
    16/499     13.7G   0.06198    0.1015   0.01075    0.1742        30       640    0.1885    0.3228    0.1996     0.047   0.06272   0.07341   0.01662
    17/499     13.7G   0.06176    0.1004   0.01081     0.173        14       640     0.218    0.3038    0.2191   0.05532   0.06207   0.07366   0.01622
    18/499     13.7G   0.06169    0.1007   0.01063     0.173        24       640    0.2925     0.215    0.1747    0.0403   0.06461   0.07387    0.0152
    19/499     13.7G   0.06196   0.09877   0.01081    0.1715        14       640    0.2606    0.3084    0.1947   0.04276   0.06434    0.0728   0.01281
    20/499     13.7G   0.06169    0.1004   0.01068    0.1727        55       640     0.148    0.1893    0.1114   0.02447   0.07068   0.08301    0.0147
    21/499     13.7G   0.06146    0.1006   0.01033    0.1724        26       640    0.3941    0.2083    0.1203   0.02898   0.07381   0.06819   0.02346
    22/499     13.7G   0.06136    0.1001   0.01052     0.172        11       640    0.1699    0.2518    0.1358   0.03015   0.06783   0.07083   0.01505
    23/499     13.7G   0.06142    0.1006   0.01061    0.1726        19       640    0.1302    0.2649    0.1322   0.03019   0.06759   0.07493   0.01368
    24/499     13.7G   0.06131    0.1004   0.01028     0.172        29       640     0.224    0.2336    0.1726   0.04301   0.06435   0.07083   0.01795
    25/499     13.7G   0.06114    0.1006   0.01019    0.1719        39       640    0.2435    0.2719    0.2144   0.05491   0.06133   0.07328   0.01742
    26/499     13.7G   0.06157    0.1006   0.01082     0.173        27       640    0.3487    0.2829    0.2147   0.05321    0.0629   0.07613   0.01665
    27/499     13.7G   0.06124    0.1013   0.01038    0.1729        44       640    0.5347    0.2529    0.2376   0.06069   0.06263   0.07256   0.01545
    28/499     13.7G   0.06126    0.1013   0.01055    0.1731        42       640    0.2259    0.3589    0.1915    0.0445    0.0651   0.07064   0.01243
    29/499     13.7G   0.06094    0.1011   0.01038    0.1724        30       640    0.1453    0.1716   0.08676   0.01705   0.07636   0.06641   0.01369
    30/499     13.7G   0.06097   0.09996   0.01033    0.1713        20       640    0.2598    0.3072    0.2376   0.06018   0.06082   0.07138   0.01468
    31/499     13.7G   0.06118    0.1007   0.01034    0.1722        16       640    0.2471    0.3792     0.243   0.05956    0.0601   0.07134   0.01429
    32/499     13.7G   0.06069    0.1001    0.0104    0.1712        23       640    0.2529    0.3308    0.2045   0.04873   0.06532   0.07095   0.01239
    33/499     13.7G   0.06075    0.1004   0.01049    0.1716        13       640    0.5573    0.1828    0.1841   0.04134   0.06471   0.07307    0.0173
    34/499     13.7G   0.06079    0.1014   0.01046    0.1727        26       640    0.2412     0.356    0.2124     0.052   0.06319   0.07042   0.01184
    35/499     13.7G    0.0609    0.1002   0.01029    0.1713        32       640    0.2553    0.2932    0.2157   0.05128   0.06433   0.06949    0.0144
    36/499     13.7G   0.06069   0.09907   0.01016    0.1699        19       640    0.2846    0.3589    0.2807   0.07204   0.05953   0.07019   0.01213
    37/499     13.7G   0.06052    0.1003   0.01022     0.171        27       640    0.3248     0.241    0.2337   0.06074   0.06151   0.07034   0.01561
    38/499     13.7G   0.06051    0.1002   0.01046    0.1711        29       640    0.3232    0.2399    0.2335   0.05912   0.06131   0.06963   0.01798
    39/499     13.7G   0.06071    0.1013   0.01044    0.1724        72       640    0.2399    0.3006    0.2073   0.05079   0.06202   0.07293   0.01324
    40/499     13.7G   0.06038    0.1006   0.01017    0.1711        16       640    0.2764    0.3567    0.2484   0.06147   0.06118   0.07196   0.01207
    41/499     13.7G   0.06052    0.1006    0.0105    0.1717        47       640    0.1944    0.2805    0.1709    0.0395   0.06493   0.07106   0.02063
    42/499     13.7G   0.06074    0.1011   0.01051    0.1723        22       640    0.2361    0.3686     0.232   0.05526   0.06239   0.07341   0.01136
    43/499     13.7G   0.06054    0.1008   0.01017    0.1715        25       640    0.3121     0.293    0.2562   0.06832   0.06059    0.0706     0.017
    44/499     13.7G   0.06022    0.1006   0.01014     0.171        12       640    0.2696    0.2473    0.1962   0.05049    0.0611   0.07066   0.02087
    45/499     13.7G   0.06042    0.1011   0.01041     0.172        68       640    0.2583    0.3474    0.2594   0.06851   0.05845   0.07089   0.01534
    46/499     13.7G   0.06017    0.1005    0.0103    0.1709        26       640    0.3526       0.3    0.2514   0.06623   0.06091   0.07099   0.01826
    47/499     13.7G    0.0604   0.09972   0.01024    0.1704        12       640    0.2853    0.3579    0.2781    0.0741   0.05863   0.07149   0.01374
    48/499     13.7G   0.06058   0.09999   0.01042     0.171        15       640    0.2593    0.3793    0.2824    0.0735   0.05851   0.06995   0.01181
    49/499     13.7G   0.06037    0.1015   0.01026    0.1721        56       640    0.3122    0.3483    0.2976   0.07886   0.05827   0.07005    0.0119
    50/499     13.7G   0.06038    0.1012   0.01023    0.1718        29       640    0.2571    0.4161    0.2804   0.07254    0.0591   0.07136   0.01199
    51/499     13.7G   0.06039    0.1006   0.01026    0.1713        16       640    0.3342    0.3674    0.3098   0.08107   0.05841   0.07043   0.01244
    52/499     13.7G   0.05986    0.1005   0.01008    0.1704        26       640    0.2695    0.3259    0.2475   0.06489    0.0597   0.07109    0.0152
    53/499     13.7G   0.06013       0.1   0.01008    0.1702        42       640    0.2653     0.399    0.2909   0.07582   0.05914    0.0695   0.01406
    54/499     13.7G   0.06015    0.1009   0.01038    0.1714        25       640    0.3133    0.3521    0.2847   0.07309   0.05952   0.07189   0.01277
    55/499     13.7G      0.06   0.09988   0.01022    0.1701        18       640    0.2317    0.3707     0.242   0.06029   0.06094   0.07319   0.01277
    56/499     13.7G      0.06   0.09977   0.01031    0.1701        12       640    0.3133    0.3809    0.3239   0.08751    0.0576   0.06974   0.01276
    57/499     13.7G   0.06012   0.09974   0.01012      0.17        20       640    0.2653    0.3952     0.273   0.07075   0.05833   0.07207   0.01126
    58/499     13.7G   0.06018    0.1007  0.009878    0.1708        21       640    0.3173     0.362    0.3154   0.08468   0.05848    0.0695    0.0141
    59/499     13.7G   0.06006    0.1011  0.009927     0.171        39       640    0.2918    0.4273    0.3127   0.08562   0.05702    0.0693   0.01142
    60/499     13.7G   0.05977    0.1024  0.009955    0.1721        66       640    0.3087    0.4267    0.3191   0.08471   0.05736   0.07064   0.01099
    61/499     13.7G   0.05974    0.1002   0.01001    0.1699        23       640    0.2638    0.4107    0.2976    0.0802   0.05836   0.06943   0.01374
    62/499     13.7G   0.05991   0.09854   0.01002    0.1685        27       640    0.2803    0.3792    0.2944    0.0793   0.05795   0.06944    0.0137
    63/499     13.7G   0.05961    0.1001   0.01002    0.1697        35       640    0.3244    0.3841    0.2995   0.07911   0.05813    0.0703   0.01278
    64/499     13.7G   0.05956   0.09959   0.01006    0.1692        13       640     0.283    0.4089    0.3039   0.08065   0.05806   0.07082   0.01138
    65/499     13.7G   0.05985   0.09882  0.009878    0.1685        18       640    0.3198    0.3923    0.3108   0.08125   0.05796   0.07144   0.01161
    66/499     13.7G   0.06004   0.09976  0.009878    0.1697        15       640    0.2627    0.4019    0.2978   0.07964   0.05793   0.06999   0.01273
    67/499     13.7G   0.05965   0.09948  0.009655    0.1688        12       640    0.3052    0.3583    0.3001   0.08173   0.05739   0.07083   0.01321
    68/499     13.7G   0.05966    0.1009  0.009746    0.1703        21       640     0.277    0.3898    0.2905   0.07665   0.05821   0.07085   0.01364
    69/499     13.7G   0.05973    0.1009   0.01011    0.1708        21       640    0.2953    0.4601    0.3331   0.09118   0.05731   0.06933   0.01206
    70/499     13.7G   0.05969    0.0994  0.009842    0.1689        33       640    0.2865    0.4251    0.3146   0.08571   0.05752   0.06981   0.01173
    71/499     13.7G   0.05947   0.09959  0.009662    0.1687        21       640    0.3186     0.394    0.3106   0.08348   0.05735   0.07269   0.01198
    72/499     13.7G   0.05939    0.1008  0.009889    0.1701        21       640    0.2727    0.4312    0.2952   0.07801   0.05845    0.0713   0.01171
    73/499     13.7G   0.05936   0.09985  0.009614    0.1688        28       640    0.2983     0.404     0.307   0.08189   0.05729   0.07102   0.01136
    74/499     13.7G   0.05916    0.1002  0.009453    0.1688        32       640    0.2868    0.4556    0.3149   0.08408   0.05714    0.0718   0.01052
    75/499     13.7G   0.05943   0.09951  0.009762    0.1687        37       640    0.2746    0.4473    0.3194   0.08834   0.05678   0.07071   0.01178
    76/499     13.7G   0.05974       0.1  0.009956    0.1697        30       640    0.3068    0.3945    0.3246   0.08859   0.05696   0.06994   0.01172
    77/499     13.7G   0.05955    0.1019  0.009695    0.1711        49       640    0.3058    0.4355    0.3237   0.08718   0.05714   0.07058   0.01085
    78/499     13.7G   0.05929   0.09934  0.009789    0.1684        13       640    0.2817    0.4469    0.3187   0.08635   0.05715   0.07038   0.01172
    79/499     13.7G   0.05938    0.1003  0.009767    0.1695        19       640    0.3322    0.3582    0.3055   0.08231   0.05736    0.0705   0.01323
    80/499     13.7G   0.05938     0.101  0.009615      0.17        54       640    0.3285     0.373    0.3127   0.08465   0.05737   0.07019   0.01261
    81/499     13.7G   0.05901   0.09916  0.009644    0.1678        30       640    0.3516    0.3975    0.3307   0.09052   0.05646   0.06974   0.01192
    82/499     13.7G   0.05917    0.1011  0.009467    0.1698        25       640    0.2591    0.4206    0.3025   0.08368   0.05753   0.07076   0.01452
    83/499     13.7G   0.05958    0.1001  0.009878    0.1696        33       640    0.3125     0.401    0.3187   0.08702   0.05707   0.07114   0.01214
    84/499     13.7G   0.05951    0.1009  0.009564      0.17        29       640     0.286    0.3817    0.3026   0.08134   0.05737   0.07155   0.01224
    85/499     13.7G    0.0595    0.1002   0.00969    0.1694        35       640    0.3019    0.3981    0.3156   0.08628   0.05719   0.07047   0.01179
    86/499     13.7G   0.05941    0.1005  0.009513    0.1694        29       640    0.3073     0.422    0.3191   0.08703   0.05716   0.07032   0.01182
    87/499     13.7G    0.0595    0.1006  0.009845    0.1699        23       640     0.327    0.3707    0.3168   0.08549   0.05709   0.07073   0.01149
    88/499     13.7G   0.05933   0.09952  0.009647    0.1685        31       640     0.283     0.442    0.3228   0.08883   0.05716   0.07074   0.01142
    89/499     13.7G    0.0592   0.09925  0.009623    0.1681        12       640    0.2791    0.4245     0.318   0.08709   0.05726   0.06992   0.01192
    90/499     13.7G   0.05944    0.1007  0.009611    0.1698        21       640    0.3128    0.4031    0.3242   0.08885   0.05695   0.07006    0.0114
    91/499     13.7G   0.05909    0.1001  0.009516    0.1687        36       640    0.2938    0.4074     0.317   0.08675   0.05689   0.07101   0.01132
    92/499     13.7G    0.0594   0.09984   0.00962    0.1689        16       640    0.3086    0.3947    0.3261    0.0888   0.05681   0.07037   0.01169
    93/499     13.7G   0.05923    0.0995  0.009617    0.1684        17       640    0.2901    0.4104     0.317   0.08636   0.05692   0.07114   0.01146
    94/499     13.7G   0.05867   0.09831  0.009341    0.1663         9       640    0.2811     0.425    0.3164   0.08619   0.05672   0.07074   0.01171
    95/499     13.7G   0.05923    0.1004  0.009772    0.1694        33       640    0.3077    0.3933    0.3205   0.08709   0.05676   0.07084   0.01147
    96/499     13.7G   0.05919    0.1005  0.009342    0.1691        39       640    0.3002    0.4055     0.318   0.08686   0.05674   0.07072   0.01205
    97/499     13.7G   0.05893   0.09952  0.009466    0.1679        19       640    0.3136    0.4005    0.3213   0.08773   0.05665   0.07059   0.01182
    98/499     13.7G   0.05883    0.1002  0.009355    0.1684        22       640    0.3107    0.4022    0.3178   0.08701   0.05664   0.07105   0.01152
    99/499     13.7G   0.05869   0.09893  0.008997    0.1666         9       640    0.3071    0.4007    0.3183   0.08718   0.05656   0.07083   0.01171
   100/499     13.7G   0.05914    0.1003  0.009412    0.1689        34       640    0.3009    0.4074    0.3166   0.08689   0.05669   0.07107   0.01148
   101/499     13.7G   0.05912   0.09937  0.009492     0.168         9       640    0.2949     0.412    0.3202   0.08764   0.05673   0.07068   0.01155
   102/499     13.7G    0.0592   0.09979  0.009493    0.1685        40       640    0.2987    0.4227    0.3229   0.08875    0.0567   0.07053   0.01167
   103/499     13.7G   0.05918   0.09962  0.009505    0.1683        27       640    0.3022    0.4194    0.3221   0.08814   0.05679   0.07062   0.01148
   104/499     13.7G   0.05917   0.09994  0.009723    0.1688        10       640    0.2951      0.41    0.3209   0.08783   0.05692   0.07053   0.01179
   105/499     13.7G   0.05902    0.1015  0.009367    0.1699        55       640     0.317    0.3918     0.322    0.0883   0.05684   0.07033   0.01152
   106/499     13.7G   0.05897   0.09943  0.009164    0.1676        14       640    0.3265    0.3906    0.3229   0.08855    0.0569   0.07035   0.01138
   107/499     13.7G   0.05895   0.09846  0.009227    0.1666        29       640    0.3218    0.3929    0.3261   0.09031   0.05676   0.07016   0.01164
   108/499     13.7G   0.05903    0.1011  0.009244    0.1694        52       640    0.2962     0.424    0.3205   0.08814   0.05695   0.07033   0.01186
   109/499     13.7G   0.05901   0.09928   0.00937    0.1677        13       640    0.2982    0.4049    0.3178    0.0875   0.05703   0.07021   0.01209
   110/499     13.7G   0.05905    0.1001  0.009441    0.1686        25       640    0.2967    0.4168    0.3178   0.08713   0.05693   0.07032   0.01173
   111/499     13.7G   0.05892   0.09943  0.009471    0.1678        42       640    0.3029    0.4179    0.3216   0.08835   0.05686   0.07028   0.01151
   112/499     13.7G   0.05882    0.0989  0.009248     0.167        31       640     0.301    0.4193    0.3225   0.08854   0.05686   0.07035   0.01165
   113/499     13.7G   0.05895   0.09898  0.009063     0.167         9       640    0.2884    0.4228    0.3213   0.08846   0.05691   0.07019   0.01196
   114/499     13.7G   0.05915   0.09967  0.009431    0.1683        18       640    0.2945    0.4124    0.3211   0.08809   0.05688    0.0702   0.01215
   115/499     13.7G   0.05874    0.1004  0.009259    0.1684        27       640    0.3015    0.4188    0.3265   0.08999    0.0567   0.06997   0.01178
   116/499     13.7G   0.05872   0.09982  0.009186    0.1677        28       640    0.2886    0.4253    0.3244   0.08959    0.0567   0.07013   0.01204
   117/499     13.7G   0.05849    0.0993   0.00903    0.1668        31       640    0.3086    0.4058    0.3274   0.08997   0.05666   0.07017   0.01186
   118/499     13.7G   0.05882    0.1005  0.009347    0.1686        27       640     0.303    0.4106     0.327   0.08994   0.05667   0.07017   0.01196
   119/499     13.7G   0.05873   0.09879  0.009129    0.1666        17       640    0.2917    0.4211    0.3257   0.09014   0.05666   0.07001   0.01205
   120/499     13.7G   0.05894   0.09995  0.009517    0.1684        27       640    0.3007    0.4131    0.3269   0.09054   0.05667   0.06998     0.012
   121/499     13.7G   0.05884   0.09833  0.009277    0.1664        19       640    0.2978    0.4166    0.3243   0.08939   0.05667   0.07006   0.01195
   122/499     13.7G   0.05888   0.09995  0.009485    0.1683        20       640    0.3017    0.4116    0.3249    0.0898   0.05669   0.07002   0.01202
   123/499     13.7G   0.05871    0.1002  0.009312    0.1682        23       640    0.2854    0.4385    0.3242   0.08982   0.05673   0.07011   0.01191
   124/499     13.7G   0.05869   0.09965   0.00934    0.1677        30       640    0.2884    0.4349    0.3255    0.0901   0.05674   0.07011   0.01192
   125/499     13.7G   0.05876   0.09912  0.009464    0.1673        13       640    0.2945    0.4225    0.3266   0.09082   0.05673   0.07005   0.01188
   126/499     13.7G   0.05871    0.0996  0.009167    0.1675        41       640    0.2902    0.4311    0.3262   0.09071    0.0567   0.07008     0.012
   127/499     13.7G   0.05887       0.1  0.009173     0.168        10       640    0.2862    0.4374    0.3273   0.09123   0.05674   0.06995   0.01202
   128/499     13.7G   0.05871    0.0994  0.009272    0.1674        39       640    0.2871    0.4345    0.3257   0.09067   0.05671   0.07006    0.0119
   129/499     13.7G   0.05888   0.09955  0.009227    0.1677        37       640    0.2881    0.4307     0.326   0.09073   0.05674      0.07   0.01198
   130/499     13.7G   0.05859   0.09842  0.009204    0.1662        38       640    0.2854    0.4343    0.3238   0.08993    0.0568   0.07003     0.012
   131/499     13.7G   0.05865       0.1  0.009247    0.1679        44       640    0.2849    0.4316    0.3229   0.08962   0.05685   0.06998   0.01194
   132/499     13.7G   0.05853   0.09773  0.009136    0.1654        21       640    0.2886    0.4308    0.3237   0.09005   0.05684    0.0699    0.0119
   133/499     13.7G   0.05868   0.09888  0.009028    0.1666        24       640    0.2854    0.4362    0.3247   0.09024   0.05683   0.06986   0.01199
   134/499     13.7G   0.05865   0.09969  0.009098    0.1674        40       640    0.2887    0.4307    0.3241   0.09007   0.05681   0.06995   0.01197
   135/499     13.7G   0.05863   0.09956   0.00909    0.1673        20       640    0.2873    0.4356    0.3236   0.09006   0.05682   0.06989   0.01196
   136/499     13.7G   0.05862   0.09931  0.009219    0.1671        20       640    0.2871    0.4317    0.3238   0.09044   0.05679   0.06986   0.01201
   137/499     13.7G   0.05864   0.09981  0.009162    0.1676        25       640    0.2865    0.4277     0.323    0.0902   0.05678   0.06984   0.01206
   138/499     13.7G   0.05846   0.09883  0.009187    0.1665        13       640    0.2835    0.4299    0.3231   0.09043   0.05679   0.06986   0.01206
   139/499     13.7G   0.05861   0.09817  0.009049    0.1658        18       640    0.2769    0.4327    0.3208   0.08983   0.05684   0.06982   0.01218
   140/499     13.7G   0.05858   0.09862  0.009062    0.1663        26       640    0.2777    0.4312    0.3215   0.08995   0.05684   0.06983   0.01217
   141/499     13.7G   0.05853   0.09961  0.009022    0.1672        21       640    0.2866     0.422    0.3226   0.09023   0.05683   0.06982   0.01211
   142/499     13.7G   0.05858    0.1001  0.009417    0.1681        27       640    0.2846    0.4247    0.3232   0.09065   0.05682    0.0698    0.0121
   143/499     13.7G   0.05864   0.09914  0.009212     0.167        21       640    0.2838    0.4285    0.3235   0.09063   0.05683   0.06975   0.01203
   144/499     13.7G   0.05853   0.09951  0.009225    0.1673        30       640    0.2867    0.4241    0.3242    0.0909    0.0568   0.06971   0.01198
   145/499     13.7G   0.05854       0.1  0.009088    0.1676        16       640    0.2861    0.4256    0.3245   0.09099   0.05679   0.06966   0.01196
   146/499     13.7G   0.05853   0.09968  0.009164    0.1674        15       640    0.2798     0.436    0.3246   0.09101   0.05679   0.06963   0.01197
   147/499     13.7G   0.05846   0.09852  0.009237    0.1662        25       640    0.2881    0.4215     0.326   0.09137   0.05674   0.06962   0.01191
   148/499     13.7G    0.0588       0.1  0.009267    0.1681        35       640     0.289    0.4208    0.3267   0.09138   0.05674   0.06958   0.01191
   149/499     13.7G   0.05851    0.1006  0.009417    0.1685        16       640    0.2861    0.4253    0.3258   0.09125   0.05673   0.06959    0.0119
   150/499     13.7G   0.05848   0.09915  0.009093    0.1667        24       640    0.2907    0.4184    0.3258   0.09111   0.05673   0.06957   0.01194
   151/499     13.7G   0.05862    0.1005   0.00918    0.1683        31       640    0.2911    0.4205    0.3265    0.0915   0.05673   0.06955   0.01188
   152/499     13.7G   0.05838    0.1005   0.00912     0.168        34       640      0.29    0.4228    0.3263   0.09119   0.05672   0.06954   0.01185
   153/499     13.7G   0.05842   0.09905  0.008898    0.1664        25       640    0.2934    0.4203    0.3268   0.09122   0.05671   0.06951   0.01185
   154/499     13.7G   0.05848   0.09917   0.00908    0.1667        40       640    0.2924    0.4208    0.3269   0.09142   0.05674   0.06948   0.01185
   155/499     13.7G   0.05825   0.09917  0.009143    0.1666        24       640    0.2911    0.4209    0.3268   0.09129   0.05675   0.06948   0.01184
   156/499     13.7G   0.05832   0.09933  0.008927    0.1666        15       640    0.2888    0.4231    0.3264   0.09107   0.05674   0.06947   0.01184
   157/499     13.7G   0.05846   0.09972  0.009241    0.1674        20       640    0.2918    0.4195    0.3272   0.09163   0.05674   0.06948   0.01178
   158/499     13.7G   0.05854     0.101  0.009046    0.1686        45       640    0.2944    0.4184    0.3277   0.09173   0.05673   0.06946   0.01176
   159/499     13.7G   0.05853   0.09939  0.009104     0.167        30       640    0.2914    0.4233    0.3275   0.09172   0.05674   0.06945   0.01178
   160/499     13.7G    0.0584   0.09837  0.008916    0.1657        14       640    0.2922    0.4225    0.3277   0.09177   0.05674   0.06945   0.01179
   161/499     13.7G   0.05853   0.09948  0.009233    0.1672        21       640    0.2911    0.4214     0.327   0.09163   0.05676   0.06944   0.01181
   162/499     13.7G   0.05842   0.09978  0.008778     0.167        39       640    0.2929    0.4196    0.3265   0.09142   0.05677   0.06942   0.01182
   163/499     13.7G   0.05853    0.1002  0.009138    0.1678        42       640    0.2922    0.4204    0.3261    0.0913   0.05676   0.06941    0.0118
   164/499     13.7G   0.05835    0.1003  0.008874    0.1675        19       640    0.2931    0.4218    0.3267   0.09125   0.05677   0.06938   0.01181
   165/499     13.7G   0.05848   0.09896  0.009064    0.1665        24       640    0.2953    0.4174    0.3268    0.0912   0.05676   0.06938   0.01178
   166/499     13.7G   0.05828    0.1009  0.008976    0.1681        51       640    0.2936    0.4208    0.3269   0.09105   0.05675   0.06937   0.01177
   167/499     13.7G   0.05835    0.1005  0.008999    0.1678        59       640    0.2957    0.4202    0.3272   0.09125   0.05673   0.06936   0.01177
   168/499     13.7G   0.05833   0.09913  0.009091    0.1666        18       640    0.2967    0.4213    0.3276    0.0914   0.05671   0.06933   0.01171
   169/499     13.7G   0.05839   0.09985  0.009018    0.1673        25       640    0.2946     0.423    0.3278    0.0915   0.05671    0.0693   0.01175
   170/499     13.7G   0.05836    0.0985  0.009161     0.166        12       640    0.2945     0.423    0.3276   0.09147    0.0567    0.0693   0.01172
   171/499     13.7G   0.05812   0.09754  0.009017    0.1647         8       640    0.2953    0.4228    0.3285    0.0915   0.05669   0.06929   0.01172
   172/499     13.7G   0.05812    0.0995  0.008789    0.1664        24       640    0.2961    0.4209    0.3282   0.09149   0.05669   0.06928   0.01171
   173/499     13.7G   0.05855    0.1008  0.009163    0.1685        52       640     0.298    0.4208     0.328    0.0914   0.05669   0.06928   0.01173
   174/499     13.7G   0.05832       0.1  0.008935    0.1673        24       640    0.2956    0.4217     0.328   0.09148   0.05668   0.06925   0.01173
   175/499     13.7G   0.05835    0.1004  0.008969    0.1677        37       640    0.2965    0.4223    0.3282   0.09159   0.05667   0.06924   0.01171
   176/499     13.7G   0.05816   0.09791  0.008909     0.165        17       640    0.2978    0.4187    0.3281   0.09156   0.05667   0.06922   0.01172
   177/499     13.7G   0.05838   0.09846  0.009225    0.1661        20       640    0.2965    0.4239    0.3284   0.09177   0.05668    0.0692   0.01172
   178/499     13.7G   0.05815   0.09744  0.008919    0.1645         7       640    0.3369    0.3709    0.3286   0.09188   0.05667   0.06919   0.01174
   179/499     13.7G   0.05816   0.09906  0.008881    0.1661        42       640    0.3361    0.3723    0.3291   0.09194   0.05668   0.06917   0.01175
   180/499     13.7G   0.05805   0.09867  0.008912    0.1656        14       640    0.3027    0.4157    0.3295   0.09188   0.05668   0.06915   0.01174
   181/499     13.7G   0.05801   0.09837  0.008852    0.1652        14       640    0.3016    0.4176    0.3296   0.09191   0.05668   0.06914   0.01173
   182/499     13.7G   0.05823   0.09891  0.008966    0.1661        10       640    0.3027    0.4181    0.3301   0.09192   0.05668   0.06912   0.01173
   183/499     13.7G   0.05825    0.1001  0.008879    0.1672        17       640     0.304    0.4151    0.3302   0.09193   0.05668   0.06912   0.01174
   184/499     13.7G     0.058   0.09926  0.008646    0.1659        19       640    0.3036    0.4156    0.3299   0.09191   0.05669    0.0691   0.01174
   185/499     13.7G   0.05829   0.09852  0.009252    0.1661        12       640    0.3045    0.4164    0.3304   0.09192   0.05669   0.06909   0.01173
   186/499     13.7G     0.058    0.1007  0.008877    0.1676        42       640    0.3062    0.4148    0.3301   0.09184   0.05669   0.06908   0.01171
   187/499     13.7G   0.05811   0.09862  0.008886    0.1656        31       640     0.307    0.4153    0.3305   0.09209   0.05669   0.06906   0.01172
   188/499     13.7G   0.05809    0.1008  0.008913    0.1678        42       640    0.3066    0.4145    0.3304   0.09209    0.0567   0.06905   0.01172
   189/499     13.7G    0.0582    0.0984  0.009126    0.1657        36       640    0.3066    0.4111    0.3303   0.09191    0.0567   0.06905   0.01173
   190/499     13.7G   0.05814    0.1003  0.008745    0.1672        24       640     0.306    0.4125    0.3304   0.09203    0.0567   0.06904   0.01173
   191/499     13.7G   0.05831    0.1006  0.008954    0.1679        32       640    0.3072    0.4118      0.33   0.09166   0.05672   0.06904   0.01176
   192/499     13.7G   0.05785   0.09833  0.008882    0.1651        15       640    0.3077    0.4113    0.3302   0.09166   0.05672   0.06903   0.01176
   193/499     13.7G    0.0584   0.09996  0.008951    0.1673        30       640    0.3075    0.4116    0.3308   0.09169   0.05672   0.06902   0.01175
   194/499     13.7G   0.05791   0.09914   0.00872    0.1658        26       640    0.3115    0.4063    0.3306   0.09163   0.05673   0.06901   0.01177
   195/499     13.7G     0.058   0.09931  0.008839    0.1662        20       640    0.3117    0.4064    0.3302   0.09156   0.05673   0.06902   0.01176
   196/499     13.7G   0.05789   0.09846  0.008758    0.1651        12       640    0.3119    0.4078    0.3303   0.09118   0.05674   0.06901   0.01175
   197/499     13.7G   0.05809   0.09958  0.008953    0.1666        33       640     0.313    0.4071    0.3304   0.09167   0.05674     0.069   0.01177
   198/499     13.7G   0.05822   0.09896  0.009221    0.1664        11       640    0.3111    0.4075    0.3302   0.09161   0.05675   0.06899   0.01177
   199/499     13.7G    0.0583   0.09918  0.008829    0.1663        20       640     0.313    0.4069    0.3306   0.09173   0.05675   0.06898   0.01177
   200/499     13.7G   0.05784   0.09926  0.008731    0.1658        19       640    0.3131    0.4069     0.331   0.09148   0.05675   0.06897   0.01177
   201/499     13.7G   0.05774   0.09829  0.008866    0.1649        13       640     0.312    0.4074    0.3311   0.09136   0.05675   0.06896   0.01179
   202/499     13.7G   0.05787   0.09814  0.008864    0.1649        35       640    0.3117    0.4057    0.3303   0.09124   0.05677   0.06896   0.01179
   203/499     13.7G   0.05771   0.09931  0.008598    0.1656        45       640    0.3132    0.4063    0.3305   0.09122   0.05677   0.06896   0.01181
   204/499     13.7G   0.05819   0.09969  0.008827    0.1667        40       640    0.3114    0.4073    0.3301   0.09131   0.05679   0.06895   0.01182
   205/499     13.7G   0.05803    0.0985  0.008862    0.1654        46       640    0.3114    0.4085      0.33   0.09121   0.05678   0.06895    0.0118
   206/499     13.7G   0.05805    0.1002  0.008844    0.1671        41       640    0.3138     0.406    0.3299   0.09124   0.05678   0.06893    0.0118
   207/499     13.7G   0.05797   0.09869  0.008973    0.1656        21       640    0.3107    0.4086    0.3299   0.09128   0.05679   0.06893   0.01182
   208/499     13.7G   0.05768    0.0996  0.008756     0.166        46       640    0.3135    0.4056    0.3303   0.09143   0.05679   0.06892    0.0118
   209/499     13.7G   0.05793   0.09945  0.008968    0.1663        61       640    0.3118    0.4063      0.33   0.09133    0.0568   0.06892   0.01183
   210/499     13.7G   0.05817   0.09934  0.008717    0.1662         7       640    0.3105    0.4068    0.3294   0.09117    0.0568   0.06893   0.01187
   211/499     13.7G   0.05755   0.09855  0.008638    0.1647        24       640    0.3055    0.4096    0.3295   0.09135   0.05681   0.06892   0.01188
   212/499     13.7G   0.05809    0.1004  0.008891    0.1674        49       640    0.3109    0.4054    0.3294   0.09128   0.05681   0.06892   0.01189
   213/499     13.7G   0.05802   0.09854  0.008676    0.1652        13       640    0.3108    0.4033    0.3287   0.09086   0.05681   0.06893   0.01189
   214/499     13.7G   0.05772   0.09942  0.008599    0.1657        27       640    0.3105    0.4041    0.3287   0.09088   0.05681   0.06893    0.0119
   215/499     13.7G   0.05802   0.09914  0.008765    0.1659        23       640    0.3065    0.4067    0.3282   0.09073   0.05682   0.06894    0.0119
   216/499     13.7G   0.05769   0.09853  0.008508    0.1647        24       640    0.3062    0.4082     0.328   0.09049   0.05682   0.06894   0.01187
   217/499     13.7G   0.05792   0.09915  0.009013    0.1661        33       640    0.3099    0.4009    0.3278   0.09035   0.05683   0.06895   0.01189
   218/499     13.7G   0.05801   0.09907  0.008785    0.1659        34       640    0.3047    0.4048    0.3275   0.09035   0.05684   0.06896   0.01191
   219/499     13.7G   0.05777   0.09898  0.008894    0.1656        31       640    0.3159    0.3902    0.3277   0.09041   0.05684   0.06896   0.01189
   220/499     13.7G   0.05782   0.09901  0.008617    0.1654        15       640    0.3353    0.3647    0.3274    0.0903   0.05685   0.06897    0.0119
   221/499     13.7G   0.05788   0.09965  0.008744    0.1663        19       640    0.3394    0.3612    0.3271   0.09016   0.05686   0.06899   0.01193
   222/499     13.7G   0.05772   0.09932  0.008484    0.1655        26       640    0.3385    0.3628    0.3272   0.09027   0.05686   0.06899   0.01192
   223/499     13.7G   0.05781   0.09861  0.008805    0.1652        33       640    0.3362     0.363    0.3271   0.09028   0.05687     0.069   0.01194
   224/499     13.7G   0.05772    0.0981  0.008779    0.1646        19       640      0.34    0.3625    0.3271    0.0902   0.05686   0.06901   0.01194
   225/499     13.7G    0.0576   0.09797  0.008752    0.1643        15       640    0.3407    0.3624    0.3276   0.09037   0.05686   0.06901   0.01193
   226/499     13.7G   0.05777   0.09892  0.008511    0.1652        17       640    0.3414    0.3628    0.3278   0.09037   0.05687   0.06901   0.01195
   227/499     13.7G   0.05785   0.09882  0.008796    0.1655        16       640      0.34    0.3623    0.3272    0.0904   0.05687   0.06902   0.01194
   228/499     13.7G    0.0577   0.09963  0.008704     0.166        27       640    0.3356    0.3643    0.3274   0.09029   0.05687   0.06902   0.01194
   229/499     13.7G   0.05787   0.09884  0.008773    0.1655        18       640    0.3343    0.3644     0.327   0.09024   0.05688   0.06903   0.01197
   230/499     13.7G   0.05761   0.09769  0.008485    0.1638        10       640    0.3334    0.3654    0.3274   0.09035   0.05687   0.06903   0.01198
   231/499     13.7G   0.05769   0.09827  0.008772    0.1647        20       640    0.3358    0.3638    0.3271   0.09031   0.05688   0.06904   0.01201
   232/499     13.7G   0.05765   0.09856  0.008553    0.1648        20       640    0.3366    0.3626    0.3272   0.09027    0.0569   0.06905   0.01203
   233/499     13.7G   0.05788   0.09841  0.008667     0.165        14       640    0.3623    0.3425    0.3275    0.0904    0.0569   0.06907   0.01206
   234/499     13.7G   0.05752    0.0979  0.008483    0.1639        26       640    0.3289    0.3678    0.3271   0.09032    0.0569   0.06908   0.01207
   235/499     13.7G   0.05767   0.09778  0.008668    0.1641        27       640     0.359    0.3425    0.3269   0.09031    0.0569    0.0691   0.01209
   236/499     13.7G   0.05781    0.0998  0.008653    0.1663        29       640    0.3296    0.3682    0.3273   0.09031   0.05689   0.06911   0.01208
   237/499     13.7G   0.05731   0.09748  0.008522    0.1633         9       640    0.3554    0.3466    0.3273   0.09021   0.05689    0.0691    0.0121
   238/499     13.7G   0.05763   0.09967  0.008754    0.1661        27       640     0.339    0.3594    0.3272    0.0902   0.05689    0.0691   0.01211
   239/499     13.7G   0.05763   0.09793  0.008528    0.1641        34       640     0.335    0.3616    0.3277   0.09036   0.05689   0.06909   0.01211
   240/499     13.7G   0.05773   0.09959  0.008755    0.1661        13       640    0.3381    0.3576    0.3279   0.09045   0.05689   0.06908   0.01211
   241/499     13.7G   0.05749   0.09917  0.008513    0.1652        40       640    0.3343    0.3625    0.3273   0.09017   0.05689   0.06908   0.01212
   242/499     13.7G   0.05741   0.09986  0.008454    0.1657        44       640    0.3344    0.3632    0.3273   0.09017    0.0569   0.06909    0.0121
   243/499     13.7G   0.05757   0.09935  0.008591    0.1655        23       640    0.3341    0.3629    0.3271    0.0901   0.05689    0.0691   0.01208
   244/499     13.7G   0.05747   0.09831  0.008623    0.1644        19       640    0.3359    0.3613    0.3268   0.09006    0.0569   0.06911   0.01208
   245/499     13.7G   0.05774   0.09961  0.008767    0.1661        24       640    0.3375    0.3613     0.327   0.09009   0.05689   0.06913   0.01207
   246/499     13.7G   0.05748   0.09875  0.008467    0.1647        30       640    0.3353    0.3619     0.327      0.09   0.05689   0.06913   0.01208
   247/499     13.7G   0.05771   0.09856  0.008665    0.1649        42       640    0.3535    0.3508    0.3269   0.08997   0.05689   0.06914   0.01209
   248/499     13.7G   0.05771   0.09992  0.008705    0.1663        18       640    0.3535    0.3471    0.3267    0.0899    0.0569   0.06916    0.0121
   249/499     13.7G   0.05765   0.09867  0.008486    0.1648        12       640    0.3337    0.3599    0.3261   0.08977   0.05691   0.06919   0.01214
   250/499     13.7G   0.05747   0.09859  0.008503    0.1646        11       640    0.3386    0.3571    0.3263   0.08986   0.05691   0.06919   0.01213
   251/499     13.7G   0.05737    0.0985  0.008456    0.1643        35       640    0.3488    0.3523    0.3265   0.08988    0.0569    0.0692   0.01212
   252/499     13.7G   0.05746   0.09843   0.00861    0.1645        15       640    0.3484     0.352    0.3264   0.08981    0.0569   0.06919   0.01213
   253/499     13.7G   0.05765   0.09895  0.008525    0.1651        19       640     0.355    0.3462    0.3262   0.08988   0.05689   0.06919   0.01211
   254/499     13.7G   0.05742    0.0989  0.008448    0.1648        54       640     0.355    0.3448    0.3261    0.0898   0.05689   0.06923   0.01212
   255/499     13.7G   0.05729   0.09852  0.008417    0.1642        15       640    0.3395    0.3572    0.3256   0.08968   0.05689   0.06923   0.01211
   256/499     13.7G   0.05739   0.09836  0.008813    0.1646        24       640    0.3399    0.3581    0.3257   0.08967   0.05689   0.06924   0.01208
   257/499     13.7G   0.05759   0.09861  0.008644    0.1648        11       640    0.3427    0.3581    0.3259   0.08969   0.05689   0.06924   0.01209
   258/499     13.7G   0.05719   0.09857  0.008492    0.1642        22       640    0.3541     0.346    0.3255   0.08965   0.05688   0.06926   0.01206
   259/499     13.7G   0.05724   0.09829  0.008576    0.1641        24       640    0.3424    0.3588    0.3258   0.08971   0.05688   0.06931   0.01207
   260/499     13.7G   0.05722    0.0966   0.00841    0.1622        13       640    0.3438    0.3578    0.3258   0.08975   0.05687   0.06933   0.01205
   261/499     13.7G   0.05729   0.09979  0.008464    0.1655        35       640    0.3543    0.3434     0.326   0.08981   0.05687   0.06934   0.01203
   262/499     13.7G   0.05735   0.09921  0.008601    0.1652        23       640    0.3541    0.3458    0.3265   0.08982   0.05686   0.06937   0.01203
   263/499     13.7G   0.05729    0.0977  0.008493    0.1635        22       640    0.3382    0.3614    0.3259   0.08979   0.05687   0.06941   0.01204
   264/499     13.7G   0.05707   0.09764  0.008434    0.1631        10       640    0.3509    0.3512    0.3264   0.08985   0.05687   0.06945   0.01205
   265/499     13.7G   0.05756   0.09838  0.008486    0.1644        25       640     0.351    0.3513    0.3258   0.08967   0.05687   0.06949   0.01208
   266/499     13.7G   0.05731   0.09773  0.008414    0.1635        37       640    0.3611    0.3345    0.3261    0.0897   0.05688   0.06952   0.01207
   267/499     13.7G   0.05746   0.09925  0.008669    0.1654        14       640    0.3399    0.3601    0.3257   0.08951   0.05688   0.06954   0.01208
   268/499     13.7G   0.05731   0.09851  0.008591    0.1644        27       640    0.3497    0.3516    0.3259   0.08964   0.05688   0.06958   0.01205
   269/499     13.7G   0.05748   0.09965  0.008479    0.1656        30       640    0.3364    0.3614    0.3257   0.08958   0.05688   0.06961   0.01206
   270/499     13.7G   0.05732   0.09923  0.008736    0.1653        29       640     0.352    0.3485    0.3257   0.08961   0.05687   0.06961   0.01207
   271/499     13.7G   0.05703   0.09836  0.008363    0.1638        45       640    0.3517    0.3515    0.3258   0.08973   0.05686   0.06965   0.01204
   272/499     13.7G   0.05741   0.09972  0.008375    0.1655        41       640    0.3529    0.3488     0.326   0.08975   0.05686   0.06968   0.01202
   273/499     13.7G   0.05716   0.09865   0.00846    0.1643        39       640    0.3532    0.3484    0.3255   0.08949   0.05686   0.06968   0.01203
   274/499     13.7G   0.05715   0.09882  0.008405    0.1644        28       640    0.3519    0.3519    0.3257   0.08959   0.05687   0.06967   0.01203
   275/499     13.7G   0.05735   0.09861  0.008591    0.1646        27       640    0.3496    0.3528    0.3257   0.08957   0.05687   0.06969   0.01204
   276/499     13.7G    0.0572   0.09898  0.008449    0.1646        17       640    0.3502    0.3483    0.3259   0.08949   0.05687   0.06971   0.01207
   277/499     13.7G   0.05725    0.0997   0.00858    0.1655        27       640    0.3507    0.3489    0.3264   0.08948   0.05687   0.06971   0.01204
   278/499     13.7G   0.05688   0.09794  0.008282    0.1631        22       640    0.3677    0.3313    0.3263    0.0897   0.05688   0.06975   0.01206
   279/499     13.7G   0.05718   0.09894  0.008496    0.1646        23       640    0.3513     0.347    0.3267   0.08986   0.05687   0.06974   0.01205
   280/499     13.7G   0.05712    0.0984  0.008295    0.1638        21       640    0.3513    0.3467    0.3265   0.08998   0.05687   0.06974   0.01205
   281/499     13.7G   0.05711   0.09811  0.008436    0.1637        24       640    0.3531    0.3457    0.3265   0.09006   0.05686   0.06973   0.01201
   282/499     13.7G   0.05702   0.09848  0.008245    0.1637        27       640    0.3518    0.3459     0.326   0.08992   0.05686   0.06976   0.01202
   283/499     13.7G   0.05733   0.09752  0.008404    0.1633         7       640    0.3503    0.3473    0.3259   0.08979   0.05686   0.06979     0.012
   284/499     13.7G   0.05705   0.09857  0.008343     0.164        15       640    0.3502    0.3436    0.3259   0.08974   0.05685   0.06982   0.01199
   285/499     13.7G   0.05701       0.1  0.008279    0.1653        35       640    0.3534    0.3435    0.3261   0.08978   0.05685   0.06983     0.012
   286/499     13.7G   0.05701   0.09772  0.008408    0.1631        20       640    0.3461    0.3546    0.3257   0.08966   0.05684   0.06986   0.01198
   287/499     13.7G    0.0572   0.09745  0.008352     0.163        26       640    0.3609    0.3386    0.3259   0.08958   0.05684   0.06989   0.01201
   288/499     13.7G   0.05728   0.09945  0.008335    0.1651        31       640    0.3581    0.3392    0.3259   0.08961   0.05684   0.06994   0.01198
   289/499     13.7G   0.05692   0.09804  0.008521    0.1635        13       640    0.3463    0.3537    0.3261   0.08972   0.05684      0.07   0.01199
   290/499     13.7G   0.05691   0.09854  0.008376    0.1638        20       640    0.3584    0.3392    0.3262   0.08965   0.05684   0.07004   0.01198
   291/499     13.7G   0.05719   0.09929   0.00837    0.1649        23       640    0.3456    0.3533    0.3259   0.08947   0.05685   0.07008   0.01199
   292/499     13.7G   0.05687   0.09792  0.008091    0.1629        11       640    0.3612    0.3385    0.3258   0.08936   0.05685   0.07011   0.01198
   293/499     13.7G   0.05706   0.09907  0.008121    0.1643        44       640     0.359    0.3404    0.3254   0.08932   0.05685   0.07015   0.01199
   294/499     13.7G   0.05694    0.0985  0.008315    0.1638        33       640    0.3612    0.3384    0.3251   0.08909   0.05685   0.07018   0.01199
   295/499     13.7G   0.05695   0.09857  0.008557    0.1641        41       640    0.3621    0.3365    0.3248   0.08905   0.05686   0.07021   0.01202
   296/499     13.7G   0.05701   0.09696  0.008263    0.1622        12       640    0.3451    0.3553    0.3249   0.08898   0.05685   0.07029   0.01204
   297/499     13.7G   0.05692   0.09649  0.008316    0.1617        46       640    0.3419    0.3533     0.325   0.08901   0.05687   0.07032   0.01205
   298/499     13.7G   0.05659   0.09821  0.008012    0.1628        30       640    0.3442    0.3519    0.3251   0.08902   0.05686   0.07037   0.01205
   299/499     13.7G   0.05686    0.0995  0.008237    0.1646        37       640    0.3445    0.3516    0.3252   0.08914   0.05685   0.07038   0.01206
   300/499     13.7G   0.05686   0.09737  0.008485    0.1627        38       640    0.3613    0.3383    0.3251   0.08897   0.05686   0.07046   0.01206
   301/499     13.7G   0.05685   0.09876  0.008172    0.1638        38       640    0.3685    0.3345    0.3253   0.08886   0.05685   0.07051   0.01207
   302/499     13.7G   0.05684   0.09852  0.008218    0.1636        18       640    0.3702    0.3333    0.3252   0.08886   0.05685   0.07053   0.01206
   303/499     13.7G   0.05681   0.09767  0.008203    0.1627        19       640    0.3688    0.3345    0.3251   0.08879   0.05685   0.07048   0.01203
   304/499     13.7G   0.05697   0.09978  0.008189    0.1649        44       640     0.365    0.3344    0.3251   0.08875   0.05684   0.07048   0.01203
   305/499     13.7G   0.05672   0.09689  0.008244    0.1619         8       640    0.3664    0.3339     0.325   0.08889   0.05684   0.07054   0.01205
   306/499     13.7G   0.05672   0.09775  0.008205    0.1627        11       640    0.3663    0.3354    0.3253   0.08887   0.05684   0.07056   0.01202
   307/499     13.7G   0.05673   0.09794  0.008254    0.1629        17       640    0.3715    0.3324    0.3251   0.08884   0.05684   0.07057     0.012
   308/499     13.7G    0.0566   0.09809  0.008056    0.1627        18       640    0.3721    0.3329    0.3252   0.08883   0.05683   0.07059   0.01199
   309/499     13.7G   0.05699   0.09888  0.008202    0.1641        24       640    0.3726    0.3328    0.3252   0.08882   0.05683    0.0706     0.012
   310/499     13.7G   0.05656     0.098  0.007908    0.1625        43       640    0.3676    0.3336    0.3249   0.08872   0.05683   0.07061     0.012
   311/499     13.7G   0.05665   0.09852  0.008033    0.1632        15       640    0.3531    0.3463    0.3247   0.08871   0.05683   0.07064   0.01198
   312/499     13.7G   0.05681   0.09699  0.008169     0.162        24       640    0.3531    0.3464    0.3244   0.08867   0.05683   0.07065     0.012
   313/499     13.7G   0.05682   0.09766  0.008123    0.1626        15       640    0.3533    0.3461     0.324   0.08858   0.05683   0.07069   0.01199
   314/499     13.7G   0.05682   0.09878  0.008167    0.1638        25       640    0.3527    0.3466    0.3241   0.08862   0.05683   0.07069     0.012
   315/499     13.7G    0.0566   0.09782  0.008098    0.1625        20       640    0.3551    0.3464    0.3248    0.0888   0.05682    0.0707     0.012
   316/499     13.7G    0.0566   0.09816  0.008083    0.1628        16       640     0.356    0.3449    0.3244   0.08876   0.05682   0.07068     0.012
   317/499     13.7G   0.05657   0.09781   0.00812    0.1625        53       640    0.3547    0.3462    0.3244   0.08884   0.05681   0.07071     0.012
   318/499     13.7G   0.05677   0.09612  0.008178    0.1611        16       640    0.3557    0.3455    0.3246    0.0889   0.05682   0.07073   0.01201
   319/499     13.7G   0.05677   0.09785  0.008302    0.1629        29       640    0.3553    0.3459    0.3244   0.08878   0.05681    0.0707   0.01199
   320/499     13.7G   0.05696   0.09755   0.00822    0.1627        13       640    0.3542    0.3458    0.3244   0.08897   0.05679   0.07071   0.01198
   321/499     13.7G   0.05672   0.09802  0.008146    0.1629        55       640    0.3626    0.3393    0.3249   0.08894    0.0568   0.07073     0.012
   322/499     13.7G   0.05629   0.09871  0.007968     0.163        28       640     0.365    0.3379    0.3247   0.08904   0.05679   0.07075   0.01196
   323/499     13.7G   0.05665   0.09816  0.008058    0.1629        19       640    0.3617    0.3393    0.3249   0.08888   0.05678   0.07076   0.01198
   324/499     13.7G   0.05665   0.09834  0.008059    0.1631        13       640    0.3629    0.3391    0.3248   0.08895   0.05677   0.07072   0.01197
   325/499     13.7G   0.05661   0.09759  0.008082    0.1623        21       640    0.3636    0.3389    0.3249   0.08888   0.05677   0.07074   0.01197
   326/499     13.7G   0.05652   0.09755  0.008069    0.1621        20       640    0.3614    0.3411    0.3249   0.08891   0.05676    0.0708   0.01192
   327/499     13.7G   0.05646   0.09801  0.008081    0.1625        23       640    0.3652    0.3386    0.3251   0.08895   0.05675   0.07078   0.01192
   328/499     13.7G   0.05656   0.09888  0.008008    0.1634        36       640    0.3648    0.3386    0.3251   0.08904   0.05674   0.07078   0.01189
   329/499     13.7G   0.05667   0.09892  0.008091    0.1637        47       640    0.3669    0.3394    0.3255   0.08927   0.05673   0.07079   0.01188
   330/499     13.7G   0.05652   0.09631  0.008087    0.1609        16       640    0.3704    0.3375     0.326   0.08941   0.05672   0.07084   0.01188
   331/499     13.7G   0.05667   0.09811  0.008182     0.163        19       640    0.3682    0.3376    0.3254   0.08922   0.05672   0.07089    0.0119
   332/499     13.7G   0.05635   0.09818  0.007863    0.1624        28       640    0.3665     0.339    0.3257    0.0893   0.05672   0.07094   0.01189
   333/499     13.7G    0.0563    0.0975  0.007861    0.1617         9       640    0.3621    0.3415    0.3262   0.08941    0.0567   0.07098   0.01187
   334/499     13.7G   0.05672   0.09837  0.008088    0.1632        51       640    0.3673    0.3383    0.3263   0.08946    0.0567     0.071   0.01188
   335/499     13.7G   0.05644   0.09698  0.007779    0.1612        17       640    0.3637     0.342    0.3265   0.08954   0.05669   0.07101   0.01187
   336/499     13.7G   0.05626   0.09755  0.008112    0.1619        14       640    0.3598    0.3438    0.3265   0.08952   0.05668   0.07099   0.01185
   337/499     13.7G   0.05657   0.09804  0.008043    0.1627        33       640    0.3673    0.3404    0.3269    0.0897   0.05667   0.07102   0.01186
   338/499     13.7G   0.05638   0.09654  0.007892    0.1608         8       640    0.3658     0.341    0.3272   0.08983   0.05666     0.071   0.01185
   339/499     13.7G   0.05633    0.0991  0.008033    0.1635        55       640    0.3616    0.3458    0.3275   0.09001   0.05665   0.07103   0.01186
   340/499     13.7G   0.05629   0.09752  0.007907    0.1617        20       640    0.3633      0.35    0.3275   0.08996   0.05665   0.07107   0.01186
   341/499     13.7G   0.05634   0.09776  0.007928     0.162        33       640    0.3647    0.3496    0.3273   0.09004   0.05665   0.07108   0.01187
   342/499     13.7G   0.05658   0.09819  0.007965    0.1627        26       640    0.3641    0.3503     0.328   0.09024   0.05664   0.07106   0.01186
   343/499     13.7G   0.05668   0.09784  0.008152    0.1627        22       640    0.3649    0.3499    0.3281   0.09022   0.05663   0.07107   0.01185
   344/499     13.7G   0.05642   0.09854   0.00802     0.163        13       640     0.362    0.3517    0.3283    0.0902   0.05663   0.07108   0.01186
   345/499     13.7G   0.05624   0.09834  0.007887    0.1625        30       640     0.364    0.3496    0.3281   0.09006   0.05663   0.07115   0.01187
   346/499     13.7G   0.05631   0.09709  0.007816    0.1612        25       640    0.3617    0.3507    0.3281   0.09005   0.05663   0.07119   0.01188
   347/499     13.7G   0.05632   0.09844  0.007837    0.1626        25       640    0.3698    0.3471    0.3285    0.0902   0.05663   0.07119   0.01185
   348/499     13.7G   0.05627   0.09745  0.007852    0.1616        21       640    0.3671    0.3475    0.3284   0.09004   0.05664   0.07125   0.01187
   349/499     13.7G   0.05621   0.09802  0.007718    0.1619        18       640    0.3679    0.3465    0.3279   0.08992   0.05665    0.0713   0.01187
   350/499     13.7G   0.05626   0.09724  0.007895    0.1614        23       640    0.3695    0.3468    0.3285   0.09008   0.05664   0.07131   0.01186
   351/499     13.7G   0.05618   0.09668  0.007673    0.1605        22       640    0.3702    0.3464    0.3284   0.09013   0.05663   0.07133   0.01184
   352/499     13.7G    0.0562    0.0973  0.007647    0.1611        41       640    0.3726    0.3452    0.3282   0.09004   0.05664    0.0714   0.01185
   353/499     13.7G   0.05615   0.09836   0.00789    0.1624        35       640     0.371    0.3462    0.3277   0.08993   0.05665   0.07143   0.01186
   354/499     13.7G   0.05627   0.09815  0.007928    0.1624        26       640    0.3714    0.3445     0.328   0.08985   0.05665   0.07148   0.01187
   355/499     13.7G   0.05627   0.09878   0.00781    0.1629        41       640    0.3732    0.3448    0.3279   0.08974   0.05664   0.07148   0.01187
   356/499     13.7G   0.05628   0.09806  0.007988    0.1623        61       640    0.3745    0.3444    0.3284   0.08987   0.05664   0.07153   0.01186
   357/499     13.7G   0.05623   0.09804  0.007916    0.1622        36       640    0.3726    0.3443    0.3287   0.09014   0.05663   0.07165   0.01184
   358/499     13.7G   0.05596   0.09691  0.007781    0.1606        31       640    0.3739    0.3425    0.3295   0.09033   0.05663    0.0717   0.01182
   359/499     13.7G   0.05632   0.09764  0.007967    0.1619        15       640    0.3737     0.345    0.3295   0.09034   0.05662   0.07174   0.01181
   360/499     13.7G   0.05605   0.09767  0.007662    0.1614        19       640    0.3768    0.3406    0.3299   0.09041   0.05661   0.07182    0.0118
   361/499     13.7G   0.05614   0.09852  0.007624    0.1623        53       640    0.3768    0.3435    0.3302   0.09043   0.05661   0.07185   0.01178
   362/499     13.7G   0.05602   0.09672  0.007826    0.1606        22       640    0.3785    0.3412      0.33   0.09037   0.05661    0.0719   0.01178
   363/499     13.7G   0.05604   0.09908  0.007802    0.1629        69       640    0.3786    0.3449    0.3309   0.09061    0.0566   0.07191   0.01179
   364/499     13.7G   0.05614   0.09836  0.007766    0.1623        12       640    0.3425    0.3764    0.3305   0.09063    0.0566   0.07193   0.01179
   365/499     13.7G   0.05586   0.09665  0.007608    0.1601        21       640    0.3455    0.3745     0.331   0.09078   0.05659   0.07198    0.0118
   366/499     13.7G   0.05592   0.09789  0.007739    0.1615        24       640    0.3454    0.3752    0.3311   0.09102   0.05658   0.07193   0.01178
   367/499     13.7G   0.05589   0.09763  0.007845    0.1614        30       640    0.3426    0.3765    0.3314   0.09099   0.05657   0.07198   0.01179
   368/499     13.7G   0.05604   0.09825  0.007869    0.1622        42       640     0.349    0.3717    0.3309   0.09106   0.05657   0.07198    0.0118
   369/499     13.7G   0.05598   0.09793  0.007864    0.1618        28       640    0.3491    0.3681    0.3312   0.09104   0.05657   0.07206   0.01181
   370/499     13.7G   0.05605   0.09829  0.007978    0.1623        15       640    0.3463    0.3742    0.3313   0.09106   0.05656   0.07207    0.0118
   371/499     13.7G   0.05616   0.09862   0.00782    0.1626        32       640    0.3872    0.3416    0.3313   0.09123   0.05656   0.07206   0.01181
   372/499     13.7G   0.05619   0.09758   0.00786    0.1616        14       640     0.386    0.3427    0.3312   0.09119   0.05655   0.07209   0.01181
   373/499     13.7G   0.05626   0.09811  0.008017    0.1624        27       640    0.3469    0.3743    0.3314   0.09129   0.05654   0.07209   0.01179
   374/499     13.7G   0.05608   0.09853  0.007716    0.1623        37       640    0.3475    0.3753    0.3324   0.09153   0.05653   0.07203   0.01176
   375/499     13.7G   0.05596   0.09751  0.007785    0.1613        11       640    0.3502    0.3755     0.332   0.09145   0.05653   0.07203   0.01176
   376/499     13.7G   0.05578   0.09721   0.00765    0.1606        18       640     0.332    0.3992    0.3321   0.09156   0.05653   0.07204   0.01177
   377/499     13.7G   0.05577   0.09756  0.007529    0.1609        16       640    0.3304    0.4014    0.3328   0.09173   0.05652   0.07207   0.01176
   378/499     13.7G    0.0561    0.0981  0.007778     0.162        15       640     0.326    0.4068    0.3326   0.09167   0.05651   0.07211   0.01174
   379/499     13.7G    0.0557   0.09805  0.007741    0.1615        22       640    0.3329    0.3987    0.3325   0.09171   0.05651   0.07207   0.01175
   380/499     13.7G   0.05583   0.09878  0.007663    0.1623        42       640    0.3353    0.4005    0.3334   0.09204    0.0565   0.07201   0.01174
   381/499     13.7G   0.05604   0.09866   0.00778    0.1625        22       640    0.3322    0.4042    0.3335   0.09206   0.05649   0.07195   0.01174
   382/499     13.7G   0.05601    0.0981  0.007751    0.1619        26       640    0.3305    0.4032    0.3331   0.09208   0.05649   0.07196   0.01173
   383/499     13.7G   0.05573   0.09759  0.007623    0.1609        18       640    0.3307    0.4037    0.3336   0.09198   0.05648   0.07196   0.01173
   384/499     13.7G   0.05591   0.09858  0.007624    0.1621        38       640     0.331    0.4029    0.3333   0.09211   0.05647   0.07187    0.0117
   385/499     13.7G   0.05598   0.09723  0.007579    0.1608        30       640    0.3216    0.4151    0.3332   0.09204   0.05647   0.07182   0.01171
   386/499     13.7G   0.05588   0.09727  0.007561    0.1607        18       640    0.3412    0.3941    0.3336   0.09214   0.05646   0.07176   0.01169
   387/499     13.7G   0.05584   0.09812    0.0076    0.1616        28       640    0.3275    0.4075    0.3333   0.09222   0.05645   0.07176   0.01169
   388/499     13.7G   0.05569   0.09695  0.007582    0.1602        18       640    0.3417    0.3927    0.3333   0.09232   0.05643    0.0718   0.01166
   389/499     13.7G   0.05583   0.09892  0.007702    0.1625        59       640    0.3317    0.4043    0.3339   0.09235   0.05643    0.0718   0.01166
   390/499     13.7G   0.05566   0.09682  0.007642    0.1601         7       640    0.3293    0.4064    0.3341   0.09255   0.05643   0.07179   0.01167
   391/499     13.7G   0.05573   0.09873  0.007684    0.1621        34       640    0.3322    0.4041     0.334   0.09252   0.05642   0.07179   0.01165
   392/499     13.7G   0.05595    0.0969  0.007786    0.1606        11       640     0.333    0.4037    0.3347   0.09272   0.05641    0.0718   0.01166
   393/499     13.7G   0.05584    0.0985  0.007683     0.162        50       640    0.3338    0.4047     0.335   0.09283    0.0564   0.07177   0.01164
   394/499     13.7G   0.05581   0.09819  0.007544    0.1615        12       640    0.3365    0.4025    0.3356   0.09291   0.05639   0.07177   0.01164
   395/499     13.7G   0.05579    0.0976  0.007592     0.161        47       640    0.3505    0.3903    0.3362   0.09314   0.05638   0.07173   0.01161
   396/499     13.7G   0.05575   0.09769  0.007663    0.1611        20       640    0.3513    0.3903    0.3363   0.09326   0.05637   0.07173   0.01163
   397/499     13.7G   0.05572   0.09724  0.007558    0.1605        20       640    0.3374     0.404    0.3366   0.09336   0.05636    0.0717   0.01162
   398/499     13.7G   0.05571   0.09657  0.007608    0.1599        38       640     0.355    0.3888    0.3376   0.09364   0.05636   0.07172   0.01161
   399/499     13.7G   0.05551    0.0976  0.007473    0.1606        19       640    0.3519    0.3908    0.3377   0.09349   0.05635   0.07174    0.0116
   400/499     13.7G   0.05552   0.09743  0.007512    0.1605        27       640    0.3539    0.3914     0.338   0.09353   0.05634   0.07179   0.01158
   401/499     13.7G   0.05582   0.09742  0.007613    0.1608        19       640    0.3549    0.3904     0.338   0.09343   0.05635   0.07183   0.01159
   402/499     13.7G    0.0555   0.09654  0.007425    0.1595         7       640    0.3439    0.3993    0.3378   0.09353   0.05634   0.07187   0.01159
   403/499     13.7G   0.05553   0.09882  0.007555    0.1619        34       640    0.3478    0.3968     0.338   0.09355   0.05633   0.07186   0.01157
   404/499     13.7G   0.05545   0.09668  0.007671    0.1598        13       640    0.3474    0.3974    0.3382   0.09353   0.05633   0.07188   0.01157
   405/499     13.7G   0.05534   0.09608  0.007278    0.1587        16       640    0.3539     0.394    0.3384   0.09372   0.05633   0.07184   0.01156
   406/499     13.7G   0.05549   0.09644  0.007561    0.1595        14       640    0.3579    0.3909    0.3387   0.09374   0.05632   0.07179   0.01155
   407/499     13.7G   0.05553   0.09716   0.00744    0.1601        18       640    0.3562    0.3931    0.3387   0.09376   0.05631   0.07182   0.01153
   408/499     13.7G   0.05583   0.09689  0.007453    0.1602        24       640    0.3561    0.3945    0.3389     0.094   0.05631   0.07176   0.01152
   409/499     13.7G   0.05553   0.09839  0.007497    0.1614        25       640    0.3576     0.394    0.3396   0.09405    0.0563    0.0717   0.01151
   410/499     13.7G   0.05544   0.09769  0.007605    0.1607        32       640    0.3572    0.3946    0.3397   0.09407   0.05631   0.07169    0.0115
   411/499     13.7G    0.0558   0.09778  0.007603    0.1612        42       640    0.3598     0.393    0.3397   0.09425    0.0563   0.07166   0.01148
   412/499     13.7G   0.05565   0.09698  0.007611    0.1602        19       640    0.3607    0.3942    0.3404   0.09444   0.05629   0.07162   0.01147
   413/499     13.7G   0.05556   0.09756  0.007412    0.1605        57       640    0.3627    0.3929     0.341   0.09442   0.05629   0.07158   0.01146
   414/499     13.7G    0.0555   0.09801  0.007506     0.161        38       640    0.3616    0.3923     0.341   0.09435   0.05629   0.07158   0.01146
   415/499     13.7G   0.05554   0.09759  0.007373    0.1605        43       640    0.3652    0.3888    0.3408   0.09446   0.05629   0.07161   0.01144
   416/499     13.7G    0.0557    0.0973  0.007514    0.1605        25       640    0.3554    0.3982     0.341   0.09464   0.05629   0.07157   0.01145
   417/499     13.7G   0.05539   0.09668   0.00735    0.1594        26       640     0.362    0.3926    0.3416   0.09476   0.05628   0.07161   0.01144
   418/499     13.7G   0.05556   0.09605  0.007537    0.1591        25       640    0.3623    0.3925    0.3421   0.09482   0.05628   0.07161   0.01145
   419/499     13.7G   0.05541   0.09815  0.007319    0.1609        10       640    0.3536    0.3998    0.3421   0.09495   0.05627   0.07162   0.01144
   420/499     13.7G   0.05545   0.09822  0.007349     0.161        30       640    0.3545    0.3998     0.342   0.09506   0.05627   0.07163   0.01144
   421/499     13.7G   0.05554   0.09886  0.007428    0.1618        39       640    0.3585    0.3961    0.3425   0.09516   0.05626   0.07161    0.0114
   422/499     13.7G   0.05559   0.09852  0.007505    0.1616        42       640    0.3585    0.3967    0.3423   0.09514   0.05626   0.07159    0.0114
   423/499     13.7G   0.05574   0.09696  0.007328      0.16         9       640    0.3527    0.4016    0.3425   0.09521   0.05625   0.07154   0.01139
   424/499     13.7G   0.05551   0.09852  0.007502    0.1615        47       640    0.3576    0.3987    0.3429    0.0953   0.05624   0.07144   0.01137
   425/499     13.7G   0.05541   0.09761  0.007491    0.1605        28       640    0.3556    0.4009    0.3429   0.09534   0.05624   0.07136   0.01135
   426/499     13.7G   0.05525   0.09768  0.007406    0.1603        22       640    0.3552    0.4006    0.3424   0.09529   0.05624   0.07137   0.01136
   427/499     13.7G   0.05543   0.09835  0.007471    0.1613        37       640    0.3551    0.4008    0.3427   0.09536   0.05624   0.07135   0.01136
   428/499     13.7G   0.05544   0.09657  0.007634    0.1596        15       640    0.3561    0.3994    0.3422   0.09529   0.05624   0.07129   0.01135
   429/499     13.7G   0.05506   0.09597  0.007319    0.1583        24       640    0.3491    0.4053    0.3424   0.09534   0.05624   0.07128   0.01134
   430/499     13.7G   0.05534   0.09692  0.007424    0.1597        18       640    0.3511    0.4043    0.3427   0.09529   0.05623   0.07122   0.01132
   431/499     13.7G   0.05522   0.09633  0.007319    0.1589        12       640     0.341    0.4151     0.343   0.09542   0.05623   0.07118    0.0113
   432/499     13.7G   0.05535   0.09738  0.007303      0.16        24       640    0.3391    0.4189    0.3434   0.09547   0.05623   0.07118   0.01129
   433/499     13.7G    0.0552   0.09672  0.007343    0.1593        13       640      0.34    0.4198     0.344   0.09556   0.05622   0.07119   0.01126
   434/499     13.7G   0.05512   0.09604  0.007392    0.1585        21       640    0.3422    0.4173     0.344   0.09569   0.05622   0.07117   0.01123
   435/499     13.7G   0.05547   0.09816  0.007736    0.1614        57       640    0.3459    0.4167    0.3446   0.09557    0.0562   0.07116    0.0112
   436/499     13.7G   0.05512   0.09709  0.007276    0.1595        33       640    0.3444    0.4174    0.3447   0.09567   0.05619   0.07112   0.01118
   437/499     13.7G   0.05539   0.09605  0.007651    0.1591        13       640    0.3492    0.4143    0.3448   0.09574   0.05618   0.07108   0.01116
   438/499     13.7G   0.05534   0.09787  0.007319    0.1605        33       640    0.3496    0.4122    0.3453   0.09588   0.05617   0.07107   0.01116
   439/499     13.7G    0.0554   0.09824  0.007321     0.161        29       640    0.3507    0.4138    0.3449   0.09584   0.05615   0.07105   0.01114
   440/499     13.7G    0.0551   0.09687  0.007279    0.1592        19       640    0.3493    0.4172    0.3452   0.09587   0.05614   0.07106   0.01113
   441/499     13.7G    0.0552   0.09733  0.007327    0.1599        23       640    0.3533    0.4144    0.3453     0.096   0.05613   0.07108   0.01113
   442/499     13.7G   0.05552   0.09861  0.007274    0.1614        30       640     0.351    0.4159    0.3453   0.09603   0.05612   0.07102   0.01112
   443/499     13.7G   0.05516   0.09661   0.00722     0.159        35       640    0.3541    0.4134    0.3451   0.09608   0.05611   0.07102   0.01111
   444/499     13.7G    0.0552    0.0965  0.007149    0.1588        20       640    0.3472    0.4217    0.3454   0.09606   0.05612   0.07105   0.01111
   445/499     13.7G   0.05525   0.09721  0.007405    0.1599        30       640    0.3485    0.4193    0.3456   0.09609   0.05612   0.07102   0.01111
   446/499     13.7G    0.0551   0.09597  0.007295    0.1584        16       640    0.3541    0.4133    0.3456   0.09614   0.05611   0.07104   0.01112
   447/499     13.7G   0.05507   0.09695  0.007126    0.1591        25       640    0.3577    0.4115    0.3461   0.09634   0.05611     0.071   0.01111
   448/499     13.7G   0.05531   0.09835  0.007431    0.1611        22       640    0.3556    0.4121    0.3464   0.09637   0.05611   0.07099    0.0111
   449/499     13.7G   0.05513   0.09671  0.007279    0.1591        26       640     0.364    0.4057    0.3464   0.09637    0.0561   0.07096    0.0111
   450/499     13.7G   0.05511   0.09784  0.007284    0.1602        22       640    0.3626    0.4085    0.3467   0.09639   0.05609   0.07096   0.01109
   451/499     13.7G   0.05507    0.0958  0.007218    0.1581        24       640    0.3623    0.4092    0.3469   0.09641   0.05608   0.07096   0.01107
   452/499     13.7G   0.05516   0.09709  0.007361    0.1596        33       640    0.3651    0.4077    0.3473   0.09643   0.05607   0.07093   0.01105
   453/499     13.7G   0.05513   0.09689   0.00736    0.1594        24       640     0.365     0.409    0.3476   0.09654   0.05607   0.07092   0.01103
   454/499     13.7G   0.05496   0.09569  0.007308     0.158        13       640    0.3654    0.4089    0.3478   0.09664   0.05606   0.07092   0.01103
   455/499     13.7G   0.05528    0.0978  0.007234    0.1603        20       640     0.364    0.4093    0.3478   0.09655   0.05607    0.0709   0.01104
   456/499     13.7G   0.05526   0.09697  0.007375    0.1596        27       640    0.3665    0.4078     0.348   0.09668   0.05605   0.07089   0.01103
   457/499     13.7G   0.05498   0.09662  0.007312    0.1589        25       640    0.3634    0.4097    0.3481    0.0967   0.05604   0.07092     0.011
   458/499     13.7G   0.05522   0.09833  0.007155    0.1607        38       640     0.367    0.4074    0.3478   0.09671   0.05603   0.07094   0.01101
   459/499     13.7G   0.05498   0.09657  0.007153    0.1587        18       640    0.3717    0.4014    0.3477   0.09679   0.05602   0.07087   0.01102
   460/499     13.7G   0.05518   0.09706  0.007391    0.1596        32       640    0.3697    0.4045    0.3485   0.09695   0.05601   0.07079   0.01102
   461/499     13.7G   0.05519   0.09718  0.007322    0.1597        61       640    0.3709    0.4031    0.3482   0.09698     0.056   0.07077   0.01102
   462/499     13.7G   0.05502   0.09594   0.00705     0.158        21       640    0.3727    0.4027    0.3484   0.09706   0.05599   0.07079   0.01102
   463/499     13.7G   0.05526   0.09582  0.007376    0.1585        34       640    0.3695    0.4044     0.348   0.09691   0.05599   0.07073   0.01101
   464/499     13.7G   0.05519    0.0979  0.007256    0.1604        18       640    0.3693    0.4048     0.348    0.0969   0.05598   0.07074   0.01101
   465/499     13.7G   0.05493   0.09757  0.007199    0.1597        14       640    0.3665    0.4063    0.3476   0.09682   0.05598   0.07077   0.01104
   466/499     13.7G   0.05511   0.09672   0.00726    0.1591        24       640    0.3663    0.4066    0.3476   0.09672   0.05598   0.07077   0.01104
   467/499     13.7G   0.05497   0.09642  0.007036    0.1584        33       640    0.3738    0.4002    0.3474   0.09666   0.05597   0.07081   0.01102
   468/499     13.7G   0.05526   0.09861  0.007213    0.1611        20       640    0.3735    0.4006    0.3474   0.09661   0.05597   0.07079   0.01104
   469/499     13.7G   0.05493   0.09578  0.007085    0.1578        23       640    0.3704    0.4032    0.3481   0.09698   0.05596   0.07081   0.01101
   470/499     13.7G   0.05502   0.09773  0.007166    0.1599        14       640    0.3727    0.4025    0.3484   0.09689   0.05595   0.07087   0.01101
   471/499     13.7G   0.05489   0.09702  0.007244    0.1592        27       640    0.3719    0.4022    0.3483   0.09692   0.05595   0.07088   0.01101
   472/499     13.7G   0.05515   0.09614  0.007323    0.1586        32       640    0.3579    0.4147    0.3487   0.09694   0.05595   0.07091     0.011
   473/499     13.7G   0.05507   0.09795  0.007288    0.1603        20       640    0.3704    0.4048    0.3488   0.09702   0.05594   0.07092   0.01097
   474/499     13.7G   0.05511     0.098  0.007207    0.1603        50       640    0.3495    0.4238     0.348   0.09697   0.05594   0.07095   0.01099
   475/499     13.7G   0.05523   0.09722  0.007418    0.1599        56       640    0.3518    0.4224    0.3482   0.09709   0.05595   0.07101     0.011
   476/499     13.7G   0.05512   0.09708    0.0072    0.1594        24       640    0.3702     0.405    0.3484   0.09718   0.05595   0.07098   0.01101
   477/499     13.7G   0.05495   0.09814  0.007253    0.1603        11       640    0.3495    0.4244    0.3479   0.09703   0.05595   0.07106   0.01102
   478/499     13.7G   0.05512   0.09656  0.007501    0.1592        35       640    0.3477    0.4269    0.3478   0.09685   0.05595   0.07109   0.01101
   479/499     13.7G   0.05524   0.09638  0.007284    0.1589        29       640    0.3523    0.4223     0.348    0.0968   0.05595   0.07115   0.01101
   480/499     13.7G   0.05489   0.09812  0.006906    0.1599        15       640    0.3528    0.4222    0.3484   0.09697   0.05595   0.07107     0.011
   481/499     13.7G   0.05489   0.09793  0.007167      0.16        44       640     0.354    0.4211    0.3485   0.09714   0.05595   0.07108     0.011
   482/499     13.7G   0.05512   0.09514   0.00721    0.1575        45       640    0.3538    0.4208    0.3486   0.09712   0.05595   0.07109   0.01098
   483/499     13.7G   0.05499   0.09644  0.007304    0.1587        33       640     0.351    0.4249    0.3484   0.09718   0.05595   0.07107     0.011
   484/499     13.7G    0.0553   0.09968  0.007297    0.1623        36       640    0.3522    0.4226    0.3484   0.09738   0.05595   0.07103     0.011
   485/499     13.7G   0.05506   0.09748  0.007046    0.1596        35       640    0.3548     0.421    0.3485   0.09735   0.05595   0.07099     0.011
   486/499     13.7G    0.0549   0.09779  0.007057    0.1597        26       640    0.3542    0.4204    0.3487   0.09742   0.05594     0.071   0.01101
   487/499     13.7G   0.05501   0.09719  0.007259    0.1595        56       640    0.3522    0.4231    0.3488   0.09755   0.05594     0.071   0.01102
   488/499     13.7G   0.05503   0.09626  0.007194    0.1585        46       640     0.352    0.4239    0.3487   0.09751   0.05595   0.07097   0.01103
   489/499     13.7G   0.05517   0.09656   0.00714    0.1589        28       640    0.3515    0.4233    0.3489   0.09757   0.05596   0.07096   0.01104
   490/499     13.7G   0.05503   0.09662  0.006989    0.1586        18       640    0.3532    0.4219    0.3492   0.09774   0.05595   0.07088   0.01104
   491/499     13.7G   0.05494   0.09706  0.007078    0.1591        33       640    0.3496    0.4267    0.3493   0.09773   0.05595   0.07083   0.01103
   492/499     13.7G   0.05494   0.09608  0.007299    0.1583        20       640    0.3541    0.4224    0.3496   0.09793   0.05596   0.07081   0.01103
   493/499     13.7G   0.05491   0.09632  0.007174    0.1584        15       640    0.3557    0.4207    0.3499   0.09788   0.05595   0.07075   0.01102
   494/499     13.7G   0.05486   0.09703  0.007059     0.159        29       640    0.3548    0.4219      0.35   0.09786   0.05594   0.07076   0.01099
   495/499     13.7G   0.05532   0.09696  0.007408    0.1597        34       640    0.3539    0.4227    0.3501   0.09794   0.05594   0.07073   0.01099
   496/499     13.7G   0.05485   0.09607  0.007086     0.158        28       640    0.3541    0.4238    0.3501   0.09792   0.05593   0.07073   0.01098
   497/499     13.7G   0.05479   0.09732  0.007085    0.1592        31       640    0.3586      0.42    0.3505    0.0981   0.05594   0.07069   0.01094
   498/499     13.7G   0.05498   0.09687  0.007056    0.1589        33       640    0.3499    0.4297    0.3509   0.09816   0.05593   0.07065   0.01093
   499/499     13.7G   0.05514   0.09768  0.007247    0.1601        32       640    0.3531    0.4259     0.351   0.09818   0.05592   0.07059   0.01092
