     0/199     8.25G    0.0928    0.1063   0.06282     0.262         4       640  0.002614   0.00825 2.092e-05 3.964e-06   0.08544   0.07627   0.06121
     1/199     8.33G   0.08735    0.1104    0.0547    0.2525        17       640     0.133    0.1083   0.01309  0.002398     0.074   0.08126   0.05911
     2/199     8.33G   0.07668    0.1088   0.04033    0.2258         5       640    0.0197    0.1127  0.007815  0.001526   0.07876    0.0848   0.07152
     3/199     8.33G   0.06756    0.1038    0.0261    0.1974        15       640    0.1331    0.2768   0.09639   0.02251   0.06193   0.07476    0.0404
     4/199     8.33G   0.06246    0.1018   0.02003    0.1843        10       640    0.1681    0.1959    0.1027   0.02554   0.06314    0.0791   0.03793
     5/199     8.33G    0.0603    0.1033    0.0182    0.1818        41       640    0.1522     0.235    0.1216   0.03115   0.06006   0.07514   0.03254
     6/199     8.33G   0.05892    0.1004    0.0165    0.1758        25       640    0.2321     0.273    0.1604   0.04172   0.05826    0.0715   0.03594
     7/199     8.33G   0.05779   0.09765   0.01506    0.1705         6       640    0.2295    0.3357     0.208    0.0555   0.05677   0.07104   0.02552
     8/199     8.33G   0.05731   0.09809   0.01442    0.1698        21       640     0.218    0.2757    0.1671   0.04566   0.05753   0.07241   0.03133
     9/199     8.33G   0.05655   0.09818    0.0137    0.1684        18       640    0.2121    0.3035    0.1483   0.04085    0.0588   0.07478   0.03756
    10/199     8.33G   0.05576   0.09666   0.01313    0.1655        32       640    0.2465    0.3055    0.1773   0.04745    0.0575   0.07526   0.03333
    11/199     8.33G   0.05543   0.09811   0.01267    0.1662         5       640    0.2131    0.3463    0.1949   0.05587   0.05587    0.0728   0.03152
    12/199     8.33G   0.05497   0.09861   0.01219    0.1658         6       640    0.2938    0.3696    0.2181   0.05857   0.05513   0.07187   0.02672
    13/199     8.33G   0.05503   0.09787   0.01188    0.1648         8       640     0.329    0.3077    0.2341   0.06369   0.05645   0.07147   0.02506
    14/199     8.33G   0.05455   0.09712   0.01171    0.1634        10       640    0.3353    0.2876    0.1906   0.05255   0.05755    0.0745   0.03469
    15/199     8.33G   0.05405   0.09731   0.01145    0.1628        16       640    0.2386    0.2897    0.1852   0.05196   0.05746   0.07427   0.03153
    16/199     8.33G   0.05392   0.09727    0.0113    0.1625        15       640    0.2973    0.3076    0.2315   0.06399   0.05548   0.07318   0.02604
    17/199     8.33G   0.05343   0.09403   0.01111    0.1586        16       640     0.235    0.2896     0.189   0.05185   0.05557   0.07345   0.03258
    18/199     8.33G   0.05319   0.09556   0.01078    0.1595         3       640    0.2956    0.2983     0.224   0.06068   0.05497   0.07132   0.03031
    19/199     8.33G   0.05336   0.09504   0.01103    0.1594        19       640    0.2502    0.3205    0.2133   0.06065   0.05483   0.07122   0.03118
    20/199     8.33G   0.05268   0.09575   0.01026    0.1587        21       640    0.3762    0.2625    0.2463   0.06977   0.05503   0.07189   0.02818
    21/199     8.33G   0.05259   0.09417   0.01018    0.1569         9       640     0.246    0.3484    0.1902   0.05228   0.05529   0.07185   0.03205
    22/199     8.33G   0.05282   0.09349   0.01068     0.157        35       640    0.2805     0.337    0.2091   0.05919   0.05509   0.07238   0.02739
    23/199     8.33G   0.05207   0.09309   0.01011    0.1553         2       640    0.2891    0.3328    0.2403   0.06749   0.05432   0.07117   0.03089
    24/199     8.33G   0.05236   0.09513   0.01019    0.1577         9       640    0.3302    0.2657    0.2086   0.05678   0.05505   0.07187   0.03435
    25/199     8.33G   0.05209   0.09651  0.009735    0.1583        15       640    0.2781    0.3467    0.2466   0.07475   0.05391   0.07242   0.02758
    26/199     8.33G   0.05197   0.09393  0.009571    0.1555        16       640    0.3016    0.3406    0.2437   0.06992   0.05454   0.07114   0.02943
    27/199     8.33G   0.05172   0.09371  0.009893    0.1553        38       640    0.2949    0.3271    0.2359   0.06962   0.05473   0.07243   0.02933
    28/199     8.33G   0.05165   0.09202  0.009249    0.1529        10       640    0.3146    0.3365    0.2561   0.08139   0.05445   0.07226   0.02829
    29/199     8.33G   0.05151   0.09436  0.009157     0.155         9       640    0.3164    0.3297     0.247   0.07322   0.05446   0.07161   0.02676
    30/199     8.33G    0.0515   0.09405  0.009358    0.1549        14       640    0.2552    0.3525    0.2273   0.06587   0.05439    0.0724   0.02743
    31/199     8.33G   0.05139   0.09374   0.00951    0.1546         9       640    0.2728    0.3343    0.2452   0.07145   0.05432   0.07216   0.02799
    32/199     8.33G   0.05124    0.0959    0.0091    0.1562        21       640    0.3029    0.3058    0.2258   0.06547   0.05432   0.07257   0.02856
    33/199     8.33G   0.05102   0.09436  0.008961    0.1543        18       640    0.2977    0.3295    0.2308   0.06681   0.05407   0.07314    0.0307
    34/199     8.33G    0.0506   0.09105  0.008781    0.1504         2       640    0.2734    0.3442    0.2339   0.06768   0.05461   0.07323   0.02915
    35/199     8.33G    0.0504   0.08999  0.008833    0.1492         8       640    0.2946     0.323    0.2436   0.07267   0.05457   0.07226   0.02803
    36/199     8.33G   0.05072   0.09404  0.008712    0.1535        14       640    0.3101    0.3339    0.2487   0.07426   0.05409   0.07324   0.02906
    37/199     8.33G   0.05047   0.09198  0.008359    0.1508        16       640    0.2777    0.3237    0.2091   0.06235   0.05422   0.07328   0.03083
    38/199     8.33G   0.05045   0.09253  0.008522    0.1515        41       640    0.3067    0.3147    0.2162   0.06015   0.05468   0.07324   0.03118
    39/199     8.33G   0.05012   0.09371  0.008177     0.152        11       640    0.3107    0.3607     0.243   0.06888   0.05446   0.07362   0.03028
    40/199     8.33G   0.05016   0.09199  0.008293    0.1504         6       640    0.2978    0.3402    0.2453   0.07101   0.05455   0.07429   0.02561
    41/199     8.33G   0.04999     0.091  0.008075    0.1491         3       640    0.3144    0.3223    0.2304   0.06509   0.05496   0.07521   0.02807
    42/199     8.33G   0.04988   0.09186  0.007986    0.1497         6       640    0.3065    0.3505    0.2525   0.07427   0.05433   0.07266   0.02639
    43/199     8.33G   0.04985   0.09103  0.008561    0.1494        22       640    0.2882    0.3342     0.224   0.06524   0.05462   0.07366   0.03148
    44/199     8.33G   0.04975   0.09098  0.008165    0.1489        27       640    0.2204    0.4224    0.2137   0.06148   0.05458   0.07369    0.0319
    45/199     8.33G   0.04965   0.09254  0.007986    0.1502        11       640     0.247    0.3549     0.204   0.05805   0.05504   0.07462   0.03154
    46/199     8.33G   0.04944   0.09155   0.00778    0.1488        16       640    0.3165    0.3431    0.2417   0.06848   0.05445   0.07349   0.02905
    47/199     8.33G   0.04931   0.09096  0.007802    0.1481        10       640    0.2759    0.3139    0.2087   0.06115   0.05508   0.07364   0.03283
    48/199     8.33G   0.04911   0.08955  0.007532    0.1462        23       640    0.2082    0.3937    0.1977   0.05714   0.05526   0.07459   0.03309
    49/199     8.33G   0.04925   0.09089   0.00764    0.1478        11       640    0.3048    0.3449    0.2388   0.07192   0.05471   0.07356   0.03118
    50/199     8.33G   0.04916   0.09181   0.00731    0.1483        11       640    0.2341    0.3211    0.2039   0.05889   0.05499   0.07393   0.03498
    51/199     8.33G     0.049   0.09019  0.007686    0.1469        10       640    0.3327    0.2932    0.2381   0.07177   0.05464   0.07312   0.02834
    52/199     8.33G   0.04866   0.08939  0.007345    0.1454        11       640    0.2999      0.33    0.2287   0.06667   0.05428   0.07458   0.02878
    53/199     8.33G   0.04856   0.09004  0.007451    0.1461         5       640    0.2724    0.3086    0.2229   0.06429   0.05471   0.07441   0.03225
    54/199     8.33G   0.04866   0.09071  0.007468    0.1468         6       640    0.2404    0.3943    0.2251   0.06567   0.05465   0.07432   0.02994
    55/199     8.33G   0.04857   0.08969  0.006774     0.145        17       640      0.31    0.3253    0.2283    0.0672   0.05446   0.07428   0.03201
    56/199     8.33G   0.04824   0.09124  0.007017    0.1465        13       640    0.2845    0.3413    0.2432   0.07025   0.05445   0.07506    0.0293
    57/199     8.33G   0.04853   0.09036  0.007343    0.1462        22       640    0.3049     0.326    0.2284   0.06653   0.05513   0.07559   0.02947
    58/199     8.33G   0.04784   0.08758  0.006816    0.1422        11       640    0.2857    0.3399    0.2262   0.06462   0.05479   0.07527   0.03312
    59/199     8.33G   0.04788   0.08874  0.006899    0.1435        10       640    0.2619    0.3711    0.2215   0.06578   0.05459   0.07533    0.0339
    60/199     8.33G   0.04793   0.08808  0.006978     0.143         5       640    0.3022    0.3191     0.219   0.06281   0.05546   0.07541   0.03407
    61/199     8.33G   0.04757   0.08775  0.006827    0.1421         3       640    0.2619    0.3032    0.2125   0.06059   0.05563   0.07673   0.03233
    62/199     8.33G   0.04776   0.08827  0.007003     0.143        33       640    0.3024    0.3026    0.2264   0.06228   0.05544   0.07624   0.03384
    63/199     8.33G   0.04734   0.08611  0.006524      0.14        34       640    0.3043    0.3098    0.2315   0.06796    0.0548   0.07581   0.03038
    64/199     8.33G   0.04752   0.08639  0.006602    0.1405        13       640    0.2752    0.3222    0.2112   0.06012   0.05537   0.07724   0.03288
    65/199     8.33G   0.04741   0.08829  0.006542    0.1422         5       640    0.2964    0.3072    0.2171   0.06513   0.05495   0.07587   0.03544
    66/199     8.33G   0.04728   0.08766  0.006528    0.1415         7       640    0.3008    0.3256    0.2206   0.06239   0.05516   0.07718   0.03426
    67/199     8.33G   0.04712   0.08497  0.006699    0.1388        20       640    0.2996    0.3331    0.2355    0.0647   0.05554   0.07688   0.03165
    68/199     8.33G   0.04683   0.08648  0.006481    0.1398        48       640    0.2897    0.3278    0.2131    0.0612   0.05548   0.07736   0.03174
    69/199     8.33G   0.04701   0.08681   0.00617      0.14        28       640    0.2434    0.3607    0.2067   0.05999   0.05578   0.07719    0.0331
    70/199     8.33G    0.0466   0.08624  0.006204     0.139         5       640     0.273    0.3118    0.2075   0.06059   0.05518   0.07702     0.032
    71/199     8.33G   0.04631   0.08506  0.006233    0.1376        16       640    0.3042    0.3172    0.2218   0.06466   0.05532   0.07767   0.03031
    72/199     8.33G   0.04639    0.0833  0.006107    0.1358         9       640      0.28    0.3104    0.1996   0.05911   0.05565    0.0789   0.03363
    73/199     8.33G   0.04627   0.08607  0.006241    0.1386         2       640     0.314    0.3142    0.2321   0.06641   0.05554   0.07834   0.03063
    74/199     8.33G    0.0461   0.08592   0.00609    0.1381         7       640     0.236    0.3969    0.2152   0.06338    0.0555   0.07795   0.02988
    75/199     8.33G   0.04628   0.08455  0.005655    0.1365        20       640    0.2869    0.2943    0.2007   0.05756   0.05547   0.07805   0.03183
    76/199     8.33G   0.04605   0.08564   0.00572    0.1374         8       640    0.3463    0.2888    0.2181   0.06214   0.05526   0.07826   0.03039
    77/199     8.33G   0.04578   0.08475  0.006009    0.1365        41       640    0.3109     0.309    0.2121   0.06115   0.05571   0.07914   0.03082
    78/199     8.33G   0.04602   0.08536   0.00575    0.1371        11       640    0.3429    0.3099    0.2213    0.0642   0.05578   0.07925   0.03199
    79/199     8.33G   0.04569   0.08649  0.005576    0.1378        11       640    0.2859    0.3173     0.211   0.06033   0.05565    0.0791   0.03179
    80/199     8.33G   0.04539   0.08565  0.005577    0.1366        27       640    0.2568     0.318    0.2003   0.05951   0.05553   0.07955   0.03164
    81/199     8.33G   0.04502   0.08154    0.0055    0.1321        12       640    0.2734    0.3128    0.2041   0.05973   0.05564   0.07993   0.03227
    82/199     8.33G   0.04528   0.08583  0.005624    0.1367         7       640    0.2996     0.288    0.2035   0.05966   0.05593   0.08057   0.03117
    83/199     8.33G     0.045   0.08257  0.005396     0.133         3       640     0.304    0.3115    0.2143   0.06143   0.05626   0.08048   0.03292
    84/199     8.33G   0.04526    0.0837  0.005692    0.1347        27       640    0.2863     0.324    0.2051   0.05915   0.05615   0.08072   0.03257
    85/199     8.33G   0.04479   0.08275  0.005426     0.133         4       640    0.2707    0.3215    0.2024   0.05903   0.05595   0.08082   0.03314
    86/199     8.33G   0.04464   0.08244  0.005517    0.1326        22       640    0.2591    0.3117    0.2017    0.0594    0.0557   0.08092   0.03343
    87/199     8.33G    0.0447   0.08283  0.005181    0.1327         6       640    0.2579    0.3322    0.2016   0.06031   0.05612    0.0812   0.03354
    88/199     8.33G   0.04442   0.08147  0.005111     0.131         7       640    0.2905    0.3382     0.211   0.06195   0.05618   0.08155   0.03304
    89/199     8.33G   0.04415   0.08164  0.004896    0.1307        15       640    0.2546    0.3515    0.2051   0.06083   0.05624   0.08119   0.03325
    90/199     8.33G   0.04429   0.08169  0.005193    0.1312        11       640    0.2725    0.3304    0.2021   0.05845   0.05624    0.0817   0.03419
    91/199     8.33G   0.04416   0.08199  0.005062    0.1312         2       640    0.2562    0.3617    0.2038   0.05896   0.05624   0.08169   0.03379
    92/199     8.33G    0.0439   0.08095  0.005043    0.1299         6       640    0.2702    0.3469    0.2033   0.05748   0.05619    0.0818   0.03402
    93/199     8.33G    0.0437   0.08094  0.004829    0.1295         6       640    0.2682    0.3345    0.2023   0.05824   0.05639   0.08271    0.0334
    94/199     8.33G   0.04361   0.08018  0.004767    0.1286         9       640    0.2878    0.3104    0.2018   0.05874   0.05643   0.08262     0.034
    95/199     8.33G   0.04369   0.08073  0.004944    0.1294        19       640    0.2991     0.288    0.1999    0.0579   0.05651    0.0824   0.03562
    96/199     8.33G   0.04342   0.08023  0.004988    0.1286         9       640    0.2651    0.3324    0.1986    0.0569   0.05645   0.08266   0.03441
    97/199     8.33G    0.0434   0.08044  0.004672    0.1285         7       640    0.2649    0.3211    0.1994    0.0582   0.05645   0.08278   0.03491
    98/199     8.33G   0.04318   0.07932  0.004621    0.1271        10       640    0.2574    0.3602     0.204   0.05869   0.05644    0.0827   0.03554
    99/199     8.33G   0.04293   0.07979  0.004842    0.1276        20       640    0.2593      0.34     0.202   0.05737   0.05661   0.08325   0.03485
   100/199     8.33G   0.04279   0.07868  0.004593    0.1261        19       640     0.277    0.3255    0.1996   0.05683   0.05684   0.08369   0.03543
   101/199     8.33G   0.04302    0.0796   0.00463    0.1273        19       640    0.2478    0.3009    0.1952   0.05589   0.05699    0.0841   0.03559
   102/199     8.33G   0.04244   0.07823   0.00452    0.1252        14       640    0.2554    0.3235    0.1942   0.05536   0.05703   0.08454   0.03548
   103/199     8.33G   0.04246   0.08025  0.004601    0.1273        11       640    0.2946    0.3265    0.2037   0.05665   0.05707   0.08505   0.03563
   104/199     8.33G   0.04257   0.07877   0.00448    0.1258         4       640    0.2961    0.3268    0.2047   0.05931   0.05706   0.08494   0.03581
   105/199     8.33G   0.04204   0.07733  0.004373    0.1237        24       640    0.2536    0.3549    0.1961   0.05627   0.05711   0.08477   0.03589
   106/199     8.33G   0.04212   0.07804  0.004263    0.1244        18       640    0.2513    0.3696    0.1979   0.05861   0.05718   0.08493   0.03658
   107/199     8.33G   0.04184   0.07867  0.004266    0.1248        19       640    0.2486    0.3714    0.1974   0.05667   0.05727   0.08554   0.03623
   108/199     8.33G   0.04192   0.07733  0.004331    0.1236         6       640    0.2506    0.3391    0.1933    0.0549   0.05709   0.08582   0.03673
   109/199     8.33G   0.04172   0.07563  0.004303    0.1217        16       640    0.2521    0.2964    0.1884   0.05394   0.05716   0.08608   0.03668
   110/199     8.33G   0.04151    0.0764  0.004204    0.1221        20       640    0.2379    0.3109    0.1874   0.05391    0.0573   0.08618   0.03708
   111/199     8.33G   0.04144    0.0759  0.004328    0.1217        27       640    0.2512    0.2866    0.1888   0.05372   0.05726   0.08665   0.03747
   112/199     8.33G   0.04124   0.07718  0.004193    0.1226        15       640    0.2538    0.2841    0.1878   0.05361    0.0573   0.08713   0.03804
   113/199     8.33G   0.04111   0.07519  0.004171    0.1205        25       640    0.2331    0.3052    0.1848   0.05273   0.05733    0.0869     0.038
   114/199     8.33G   0.04099   0.07671  0.003986    0.1217        12       640    0.2554    0.3448    0.1888   0.05391   0.05734   0.08674   0.03742
   115/199     8.33G   0.04117   0.07446  0.004163    0.1198         2       640    0.2621    0.3068    0.1862   0.05354    0.0573   0.08627   0.03659
   116/199     8.33G   0.04091   0.07566  0.004136    0.1207         8       640     0.287    0.2756    0.1875   0.05352   0.05752   0.08661    0.0369
   117/199     8.33G   0.04071   0.07566  0.003915    0.1203         6       640    0.2718    0.2928    0.1839   0.05312   0.05761   0.08691    0.0368
   118/199     8.33G   0.04043   0.07517  0.003735    0.1193        12       640    0.2814    0.2904    0.1855    0.0532   0.05768   0.08718   0.03695
   119/199     8.33G   0.04037    0.0746  0.003808    0.1188        10       640    0.2632    0.2966    0.1856   0.05295   0.05769   0.08712   0.03688
   120/199     8.33G    0.0404   0.07388  0.003858    0.1181        29       640    0.2573    0.3107    0.1863   0.05384   0.05782   0.08738   0.03679
   121/199     8.33G   0.03996   0.07448   0.00368    0.1181        15       640    0.2686    0.2981    0.1873   0.05399   0.05788   0.08746   0.03629
   122/199     8.33G   0.04008   0.07437  0.003559     0.118         5       640    0.2691    0.3046    0.1894   0.05407   0.05781   0.08782   0.03639
   123/199     8.33G   0.03979   0.07404  0.003718    0.1175         3       640    0.2838     0.286    0.1907   0.05476   0.05778   0.08794   0.03632
   124/199     8.33G   0.03976   0.07383  0.003736    0.1173         8       640    0.2663    0.3022    0.1892   0.05402   0.05787   0.08831   0.03677
   125/199     8.33G   0.03941     0.073  0.003528    0.1159        15       640    0.2683    0.2973    0.1889   0.05338   0.05789   0.08872   0.03672
   126/199     8.33G   0.03948   0.07219  0.003654    0.1153        14       640    0.2726    0.2851    0.1868   0.05325   0.05796   0.08887   0.03713
   127/199     8.33G   0.03933     0.073  0.003621    0.1159         8       640    0.2696    0.2917    0.1877    0.0535   0.05791   0.08905   0.03711
   128/199     8.33G   0.03894   0.07116   0.00361    0.1137        14       640    0.2609    0.2988    0.1867   0.05298   0.05793   0.08935   0.03726
   129/199     8.33G   0.03925   0.07246  0.003709    0.1154         4       640    0.2611    0.2943    0.1846   0.05229   0.05794   0.08969   0.03762
   130/199     8.33G    0.0387   0.07095   0.00352    0.1132         8       640    0.2526    0.3093    0.1859   0.05239   0.05796   0.09005   0.03808
   131/199     8.33G   0.03898   0.07138  0.003578    0.1139        16       640     0.254    0.3098    0.1859    0.0525   0.05794   0.09007   0.03801
   132/199     8.33G   0.03844      0.07  0.003578     0.112         2       640    0.2771    0.3141    0.1915   0.05291    0.0579   0.09028   0.03803
   133/199     8.33G   0.03827   0.07183  0.003424    0.1135        13       640    0.2775    0.3148     0.192   0.05262   0.05792   0.09061   0.03807
   134/199     8.33G     0.038   0.06941   0.00336    0.1108         9       640      0.28    0.3137    0.1936   0.05286   0.05792   0.09071   0.03791
   135/199     8.33G   0.03835   0.07233  0.003308     0.114        13       640    0.2966     0.294    0.1931   0.05286   0.05797   0.09087   0.03804
   136/199     8.33G   0.03816   0.07024  0.003273    0.1117         5       640    0.3009    0.2918    0.1937   0.05309   0.05802   0.09111   0.03798
   137/199     8.33G   0.03787   0.06848  0.003391    0.1097        30       640    0.2995    0.2779    0.1886   0.05253    0.0581   0.09151   0.03835
   138/199     8.33G   0.03786   0.07027  0.003109    0.1112        10       640    0.2796    0.2872    0.1859   0.05217   0.05821   0.09194   0.03846
   139/199     8.33G   0.03777   0.06951  0.003163    0.1104         5       640    0.2695    0.2968    0.1864   0.05231   0.05823   0.09225   0.03851
   140/199     8.33G   0.03742   0.06913  0.003112    0.1097        44       640    0.2673    0.2987    0.1852   0.05188   0.05828   0.09248   0.03861
   141/199     8.33G   0.03727   0.06784  0.003031    0.1081         5       640    0.2737     0.288    0.1848    0.0517   0.05836   0.09272   0.03865
   142/199     8.33G   0.03719   0.06939  0.003025    0.1096        33       640    0.2496    0.2781    0.1816    0.0517    0.0584   0.09298   0.03876
   143/199     8.33G   0.03687   0.06919  0.003046    0.1091        29       640     0.255    0.2732    0.1822   0.05149   0.05841   0.09315   0.03868
   144/199     8.33G   0.03691   0.06881  0.003237     0.109        27       640    0.2363    0.2986    0.1815   0.05124   0.05844   0.09342   0.03861
   145/199     8.33G   0.03717   0.06709  0.003167    0.1074        36       640    0.2329    0.3054    0.1818   0.05129   0.05843   0.09356   0.03866
   146/199     8.33G   0.03664   0.06938  0.003175    0.1092         9       640    0.2455    0.2833    0.1811   0.05092   0.05847   0.09365   0.03871
   147/199     8.33G   0.03655   0.06755  0.003023    0.1071        19       640    0.2357    0.2994    0.1799    0.0508   0.05848   0.09382   0.03859
   148/199     8.33G   0.03644   0.06779  0.003102    0.1073         8       640     0.238    0.2962    0.1802   0.05079    0.0585   0.09393   0.03863
   149/199     8.33G   0.03637   0.06821  0.002941    0.1075        20       640    0.2344    0.2988    0.1793   0.05055   0.05852   0.09406   0.03872
   150/199     8.33G   0.03617   0.06718  0.002941    0.1063        21       640    0.2353    0.2996    0.1795   0.05074   0.05858   0.09423   0.03877
   151/199     8.33G   0.03603   0.06719  0.002912    0.1061        19       640    0.2501    0.3226    0.1809   0.05048   0.05861   0.09442   0.03877
   152/199     8.33G   0.03547   0.06696  0.002955    0.1054         5       640    0.2528      0.32    0.1818   0.05054   0.05862   0.09457   0.03877
   153/199     8.33G   0.03571   0.06599   0.00291    0.1046        13       640     0.263    0.3132    0.1825   0.05062   0.05864   0.09469   0.03881
   154/199     8.33G   0.03559    0.0658  0.002706    0.1041        11       640    0.2559     0.315    0.1823   0.05069   0.05866   0.09494    0.0389
   155/199     8.33G   0.03527   0.06783  0.002807    0.1059        37       640    0.2488    0.3208    0.1817   0.05054   0.05871   0.09512   0.03897
   156/199     8.33G   0.03503   0.06795  0.002618    0.1056        10       640    0.2525    0.3146    0.1815   0.05059   0.05879   0.09522   0.03904
   157/199     8.33G   0.03528   0.06567  0.002655    0.1036         8       640    0.2546    0.3156    0.1813   0.05051   0.05883   0.09542   0.03917
   158/199     8.33G   0.03467   0.06551  0.002653    0.1028         9       640    0.2359    0.2963    0.1772   0.05015   0.05887   0.09558   0.03915
   159/199     8.33G   0.03507   0.06625  0.002699     0.104         9       640    0.2517    0.3172    0.1793   0.05021   0.05892   0.09573   0.03926
   160/199     8.33G   0.03487   0.06654  0.002685    0.1041        10       640    0.2341    0.2961    0.1747   0.04959   0.05897   0.09584   0.03945
   161/199     8.33G    0.0348   0.06546   0.00271     0.103        13       640     0.234    0.2927    0.1737   0.04929   0.05901   0.09601   0.03962
   162/199     8.33G   0.03437   0.06411  0.002715    0.1012        15       640     0.235    0.2933    0.1741   0.04941   0.05906   0.09617   0.03972
   163/199     8.33G   0.03445   0.06502  0.002684    0.1022        32       640    0.2448    0.3161    0.1756   0.04919    0.0591    0.0963   0.03974
   164/199     8.33G   0.03418   0.06464  0.002569    0.1014         8       640    0.2401    0.2856    0.1731   0.04872   0.05911    0.0965   0.03986
   165/199     8.33G    0.0344   0.06513    0.0025     0.102         3       640    0.2378    0.2893    0.1722   0.04872   0.05914   0.09662   0.03993
   166/199     8.33G   0.03412   0.06518  0.002641    0.1019        29       640    0.2404    0.3208    0.1742   0.04858   0.05915   0.09673      0.04
   167/199     8.33G   0.03382   0.06413  0.002521    0.1005        12       640    0.2399    0.2862    0.1716   0.04807   0.05919   0.09687   0.04014
   168/199     8.33G   0.03348   0.06318  0.002553   0.09922         9       640    0.2379    0.2883    0.1714   0.04791   0.05921   0.09703   0.04014
   169/199     8.33G   0.03373   0.06277  0.002565   0.09907         5       640    0.2451    0.3155    0.1737   0.04827   0.05923   0.09721   0.04026
   170/199     8.33G   0.03374   0.06314  0.002604   0.09949        14       640    0.2479    0.3129    0.1755   0.04839   0.05926   0.09734   0.04035
   171/199     8.33G   0.03357   0.06213  0.002489   0.09819        28       640    0.2501    0.3096    0.1756   0.04833   0.05928    0.0975   0.04037
   172/199     8.33G    0.0335   0.06191  0.002617   0.09803         7       640    0.2602    0.3094    0.1771   0.04844    0.0593   0.09764   0.04046
   173/199     8.33G   0.03355    0.0644   0.00242    0.1004        48       640    0.2589    0.3105    0.1759   0.04837   0.05932   0.09776   0.04045
   174/199     8.33G   0.03317   0.06276  0.002564   0.09849        13       640    0.2524    0.3117    0.1755   0.04836   0.05935   0.09787   0.04042
   175/199     8.33G   0.03304   0.06245  0.002407   0.09789         5       640    0.2498    0.3134    0.1755   0.04844   0.05937   0.09799   0.04043
   176/199     8.33G   0.03294   0.06219  0.002465   0.09759         7       640    0.2483    0.3163    0.1755   0.04853   0.05939   0.09813   0.04039
   177/199     8.33G   0.03284   0.06138  0.002511   0.09673        18       640    0.2467    0.3193    0.1758   0.04846   0.05941   0.09824   0.04046
   178/199     8.33G   0.03248   0.06227  0.002293   0.09704         4       640    0.2463    0.3212    0.1755   0.04841   0.05943   0.09836   0.04044
   179/199     8.33G   0.03247   0.06206  0.002338   0.09687        13       640    0.2408    0.3221    0.1755   0.04834   0.05946   0.09848   0.04045
   180/199     8.33G   0.03257   0.06087    0.0023   0.09574        11       640    0.2379    0.3241    0.1743    0.0483   0.05947   0.09862   0.04043
   181/199     8.33G   0.03245   0.06229  0.002477   0.09721         8       640    0.2406    0.3257    0.1747   0.04827   0.05948   0.09874   0.04046
   182/199     8.33G    0.0324   0.06159  0.002332   0.09631        13       640    0.2357    0.3277     0.174   0.04818    0.0595   0.09883    0.0405
   183/199     8.33G   0.03233     0.061  0.002334   0.09566        12       640    0.2316    0.3304    0.1736   0.04812   0.05951   0.09889   0.04048
   184/199     8.33G   0.03212   0.06045  0.002237   0.09481        27       640    0.2308    0.3323    0.1739   0.04833   0.05953     0.099   0.04044
   185/199     8.33G   0.03217   0.06236  0.002281   0.09681        13       640    0.2278    0.3351    0.1735   0.04807   0.05955   0.09909    0.0405
   186/199     8.33G   0.03187   0.06201  0.002228   0.09611         6       640    0.2214    0.3374    0.1717   0.04777   0.05957   0.09919   0.04056
   187/199     8.33G   0.03193   0.06062  0.002332   0.09488         5       640    0.2442    0.2755    0.1697   0.04753   0.05959    0.0993   0.04062
   188/199     8.33G   0.03192   0.06014  0.002338    0.0944        36       640    0.2437    0.2734    0.1691   0.04763   0.05961   0.09943   0.04069
   189/199     8.33G    0.0317   0.06072  0.002258   0.09467        29       640     0.248    0.2688    0.1688   0.04737   0.05963   0.09955   0.04072
   190/199     8.33G   0.03183   0.06088  0.002322   0.09504        18       640    0.2449    0.2727     0.169   0.04745   0.05965   0.09965   0.04079
   191/199     8.33G   0.03139   0.06005  0.002178   0.09361        21       640    0.2444    0.2731    0.1688   0.04721   0.05967   0.09978   0.04079
   192/199     8.33G   0.03154   0.06131   0.00225    0.0951        10       640    0.2429    0.2757    0.1687   0.04718   0.05969   0.09989   0.04077
   193/199     8.33G   0.03161   0.06188  0.002393   0.09589         9       640    0.2397    0.2801    0.1686   0.04719   0.05971       0.1   0.04078
   194/199     8.33G   0.03143   0.06022  0.002287   0.09393         8       640    0.2394    0.2801    0.1685   0.04709   0.05971    0.1001   0.04079
   195/199     8.33G   0.03146   0.06039  0.002289   0.09413        24       640     0.239    0.2799    0.1683   0.04709   0.05973    0.1002   0.04081
   196/199     8.33G   0.03136   0.05951  0.002351   0.09322        44       640    0.2386    0.2789    0.1682   0.04696   0.05975    0.1003   0.04085
   197/199     8.33G   0.03084   0.05994  0.002081   0.09286         8       640    0.2375    0.2804    0.1682   0.04695   0.05976    0.1004   0.04089
   198/199     8.33G   0.03091   0.05956  0.002035   0.09251        19       640    0.2519     0.263    0.1683   0.04686   0.05977    0.1005   0.04091
   199/199     8.33G   0.03108   0.05952   0.00229   0.09289        12       640    0.2447    0.2707     0.168   0.04683   0.05979    0.1006   0.04095
