      0/99     2.32G   0.08362    0.1059   0.03912    0.2286        37       640    0.5722    0.1856    0.1793   0.04521   0.06444   0.07243   0.02915
      1/99     9.88G   0.05801   0.09363   0.01881    0.1705        19       640    0.5218    0.3584    0.2932   0.08019   0.05827   0.06934   0.01669
      2/99     9.88G   0.05457    0.0923   0.01021    0.1571        17       640    0.4895    0.3273    0.2935   0.06607   0.05845   0.07026   0.01246
      3/99     9.88G   0.05355   0.09129  0.007419    0.1523        40       640    0.5023    0.4334    0.3335   0.08658   0.05703   0.07136   0.01201
      4/99     9.88G   0.05268   0.09011  0.006287    0.1491        33       640    0.4168    0.3961    0.3264   0.08631   0.05662   0.07243   0.01135
      5/99     9.88G   0.05197   0.09034  0.005873    0.1482        21       640    0.2538    0.5033    0.2867   0.07982    0.0568   0.07277   0.01362
      6/99     9.88G   0.05163   0.09177  0.005639     0.149        33       640    0.4152    0.3724     0.333   0.09222   0.05697   0.07283   0.01141
      7/99     9.88G   0.05153   0.08959  0.005398    0.1465         7       640    0.3645    0.3909    0.2988   0.08266   0.05612   0.07317   0.01129
      8/99     9.88G   0.05157   0.09329  0.005593    0.1505        18       640    0.4051    0.3644     0.277   0.07547   0.05686   0.07426   0.01208
      9/99     9.88G   0.05151   0.09198  0.005772    0.1493        12       640    0.3485    0.3516    0.2616   0.07072   0.05718   0.07254   0.01244
     10/99     9.88G   0.05122   0.09487  0.005584    0.1517        40       640     0.336    0.3564    0.2902   0.08031   0.05665   0.07172   0.01143
     11/99     9.88G   0.05102   0.09332  0.005535    0.1499        36       640    0.3083    0.3405    0.2823   0.07951   0.05593   0.07252   0.01281
     12/99     9.88G   0.05075   0.09226  0.005297    0.1483        26       640    0.5638    0.3447    0.3267   0.08848   0.05706    0.0728   0.01017
     13/99     9.88G   0.05065   0.09347  0.005255    0.1494        24       640    0.4363    0.3334    0.3056   0.07985   0.05701   0.07451   0.01278
     14/99     9.88G   0.05045   0.09204  0.005229    0.1477        23       640    0.3316    0.3723    0.2817   0.07806   0.05711   0.07386    0.0129
     15/99     9.88G   0.05028   0.09263  0.005135     0.148        32       640    0.4437    0.3836    0.3259   0.08056   0.05637   0.07431   0.01181
     16/99     9.88G   0.05012   0.09184  0.005109    0.1471        29       640    0.5107    0.3684    0.3067   0.07822   0.05754   0.07638   0.01155
     17/99     9.88G   0.05016   0.09212  0.005143    0.1474        33       640    0.4072    0.3467    0.2974   0.08205   0.05701   0.07441    0.0127
     18/99     9.88G   0.04988     0.092  0.005165     0.147        23       640    0.3417    0.3646    0.2753   0.08092   0.05625   0.07343   0.01482
     19/99     9.88G   0.04976   0.09052  0.004772     0.145        16       640    0.3804    0.3547    0.3054   0.08377   0.05733   0.07463   0.01488
     20/99     9.88G   0.04968   0.09216  0.004923    0.1468        43       640    0.4323    0.3548    0.2984   0.08453   0.05734   0.07395   0.01022
     21/99     9.88G    0.0494    0.0913  0.004837    0.1455        18       640    0.3906     0.369    0.2997   0.08153   0.05688   0.07535   0.01118
     22/99     9.88G   0.04928   0.09174  0.004748    0.1458        42       640    0.5216    0.3125     0.328   0.09112   0.05674   0.07424   0.01333
     23/99     9.88G   0.04909   0.09015  0.004509    0.1438        15       640    0.2442    0.4832    0.2639   0.07598   0.05658   0.07435   0.01584
     24/99     9.88G   0.04902   0.09042  0.004676    0.1441        28       640    0.4389    0.3719    0.3377   0.09761   0.05647   0.07478   0.01189
     25/99     9.88G   0.04886   0.08964   0.00461    0.1431        51       640    0.3193     0.478    0.2986     0.083   0.05657   0.07495   0.01064
     26/99     9.88G   0.04899   0.09039  0.004556    0.1439        12       640    0.4962    0.4029    0.3497   0.09558   0.05566   0.07362   0.01086
     27/99     9.88G   0.04873   0.08924  0.004598    0.1426        15       640    0.4447    0.3798    0.3339   0.09195   0.05644    0.0747   0.01043
     28/99     9.88G   0.04846   0.08857  0.004397    0.1414        30       640     0.369    0.3541    0.3183   0.08522   0.05774   0.07589   0.01044
     29/99     9.88G   0.04833   0.08809  0.004361    0.1408        14       640    0.3369    0.3561    0.2885   0.08095    0.0567   0.07489   0.01056
     30/99     9.88G   0.04825   0.08883  0.004446    0.1415        20       640    0.4118    0.3928    0.3264    0.0996   0.05647   0.07571   0.01227
     31/99     9.88G   0.04808   0.08902  0.004366    0.1415        34       640    0.4145    0.3516    0.2961   0.07915   0.05756   0.07635   0.01127
     32/99     9.88G    0.0479    0.0882  0.004116    0.1402        26       640    0.3974    0.3871    0.2967    0.0824   0.05682   0.07551    0.0104
     33/99     9.88G   0.04812   0.08785  0.004361    0.1403        39       640    0.5281    0.3886    0.3276   0.08667    0.0564   0.07558   0.01284
     34/99     9.88G   0.04783   0.08899  0.004159     0.141        25       640    0.5245    0.3455     0.284   0.08066   0.05609   0.07521   0.01136
     35/99     9.88G   0.04751   0.08749  0.004222    0.1392         6       640    0.4262    0.3755     0.327   0.09706   0.05679   0.07555   0.01111
     36/99     9.88G   0.04749   0.08864  0.004115    0.1403        18       640    0.3398    0.3632     0.281   0.07701   0.05698   0.07825   0.01241
     37/99     9.88G    0.0474   0.08748  0.003912    0.1388        48       640    0.3883    0.3611     0.322   0.08397   0.05748   0.07648   0.01235
     38/99     9.88G   0.04732   0.08581  0.004055    0.1372        24       640    0.3224    0.3645     0.283   0.07996   0.05621   0.07666   0.01153
     39/99     9.88G     0.047   0.08685  0.003956    0.1378        21       640    0.3429    0.4328    0.2874   0.07961   0.05691   0.07742   0.01252
     40/99     9.88G    0.0471   0.08794  0.004025    0.1391        48       640    0.3663    0.3697     0.285    0.0812   0.05669   0.07622   0.01246
     41/99     9.88G   0.04703   0.08753  0.003927    0.1385        15       640    0.3306    0.3751    0.3094   0.08849   0.05737   0.07686   0.01224
     42/99     9.88G   0.04671   0.08703  0.003758    0.1375        19       640     0.418    0.3814    0.2954   0.08154   0.05649   0.07677   0.01254
     43/99     9.88G   0.04648   0.08641  0.003708    0.1366        24       640    0.3548    0.3864    0.2775   0.07893   0.05783   0.07874   0.01157
     44/99     9.88G   0.04648   0.08551  0.003847    0.1358        33       640    0.3466    0.3903    0.2959   0.08129   0.05654   0.07643   0.01217
     45/99     9.88G   0.04639   0.08571  0.003763    0.1359        46       640    0.3873    0.3664    0.3187   0.08703   0.05671   0.07803   0.01136
     46/99     9.88G   0.04624   0.08659  0.003636    0.1365        51       640    0.4522    0.3838    0.3181   0.08113   0.05713   0.07748   0.01166
     47/99     9.88G   0.04598   0.08601  0.003557    0.1356        53       640     0.385    0.3358    0.3049   0.08864   0.05773   0.07933   0.01274
     48/99     9.88G   0.04586   0.08595  0.003591    0.1354        52       640    0.3859    0.3628     0.289   0.07774   0.05726   0.07971   0.01268
     49/99     9.88G   0.04569   0.08495  0.003391     0.134        31       640    0.4388    0.3694    0.2982   0.08518   0.05709   0.07755   0.01237
     50/99     9.88G   0.04567    0.0851  0.003518    0.1343        71       640     0.246    0.4808    0.2571   0.07128   0.05748   0.07978    0.0131
     51/99     9.88G   0.04544   0.08411  0.003302    0.1328        18       640    0.4731     0.298      0.29   0.08243   0.05796   0.07941   0.01301
     52/99     9.88G   0.04526   0.08423  0.003339    0.1328        17       640    0.3239    0.4342    0.2729   0.07596   0.05715    0.0797     0.013
     53/99     9.88G   0.04499   0.08411  0.003321    0.1324        18       640    0.3959    0.3961    0.2824   0.07683   0.05695   0.07955   0.01248
     54/99     9.88G   0.04498   0.08442  0.003143    0.1325        10       640    0.3683    0.4017    0.2771   0.07717   0.05715   0.07927   0.01273
     55/99     9.88G   0.04499   0.08411  0.003282    0.1324        15       640    0.3041    0.3492    0.2594   0.07217   0.05761   0.07952   0.01288
     56/99     9.88G   0.04453   0.08372    0.0032    0.1315        72       640    0.3052    0.3205    0.2512   0.07062   0.05779   0.07979   0.01288
     57/99     9.88G   0.04455   0.08293  0.003131    0.1306        21       640     0.374    0.4136    0.2806   0.07577   0.05771   0.07972   0.01242
     58/99     9.88G   0.04426   0.08145  0.003045    0.1287        29       640    0.3458    0.3772    0.2616   0.07303   0.05782   0.08003   0.01268
     59/99     9.88G   0.04431   0.08325  0.003089    0.1307        43       640    0.2955    0.3814     0.252   0.07165   0.05766   0.07996   0.01385
     60/99     9.88G   0.04405   0.08157  0.002957    0.1286        31       640    0.3598     0.369    0.2611   0.07203   0.05794   0.08089   0.01294
     61/99     9.88G   0.04383     0.082  0.003086    0.1289        55       640    0.3073    0.3293    0.2507      0.07   0.05798   0.08196   0.01286
     62/99     9.88G    0.0436   0.08056  0.003009    0.1272        39       640    0.3092    0.3209    0.2437   0.06851   0.05791   0.08104   0.01351
     63/99     9.88G   0.04361    0.0815  0.002971    0.1281        34       640    0.3059    0.3481    0.2542   0.07149   0.05767    0.0821    0.0133
     64/99     9.88G   0.04348   0.08031  0.002873    0.1267        32       640    0.3056    0.3477    0.2539   0.07199   0.05766   0.08169   0.01259
     65/99     9.88G   0.04327   0.08045  0.002885    0.1266        30       640    0.3005    0.3459    0.2473   0.06912   0.05799   0.08179   0.01323
     66/99     9.88G   0.04303   0.07971  0.002793    0.1255        29       640    0.3249    0.3274     0.254   0.07161   0.05792   0.08195   0.01315
     67/99     9.88G   0.04286   0.08008  0.002833    0.1258        27       640    0.3145    0.3473    0.2581   0.07237   0.05784   0.08261   0.01408
     68/99     9.88G    0.0426   0.07939  0.002724    0.1247        21       640    0.3154    0.3228    0.2435   0.06825   0.05833    0.0838   0.01491
     69/99     9.88G    0.0426   0.07886  0.002765    0.1242        23       640     0.317    0.3338    0.2546   0.07145   0.05797   0.08261   0.01543
     70/99     9.88G   0.04233   0.07867  0.002634    0.1236        17       640    0.3225    0.3262    0.2541   0.07195   0.05798   0.08403   0.01466
     71/99     9.88G   0.04209   0.07959  0.002609    0.1243        48       640    0.3031    0.3348    0.2459   0.06911   0.05842   0.08388   0.01448
     72/99     9.88G   0.04198    0.0784  0.002544    0.1229        22       640    0.3121    0.3158    0.2416   0.06689   0.05848   0.08437   0.01494
     73/99     9.88G   0.04195   0.07817  0.002612    0.1227        22       640    0.3046    0.3152    0.2342    0.0655   0.05848   0.08384   0.01464
     74/99     9.88G   0.04174    0.0785  0.002581    0.1228        26       640     0.304    0.3282    0.2387   0.06623   0.05872   0.08493    0.0154
     75/99     9.88G   0.04163   0.07801   0.00249    0.1221        30       640    0.3121    0.3203    0.2426   0.06724   0.05883   0.08465   0.01515
     76/99     9.88G   0.04149   0.07743  0.002445    0.1214        38       640    0.3216    0.3117    0.2435   0.06728   0.05892   0.08474   0.01563
     77/99     9.88G   0.04121   0.07782  0.002474    0.1215        29       640    0.3023    0.3385    0.2448   0.06772   0.05875   0.08586   0.01583
     78/99     9.88G   0.04114   0.07802  0.002414    0.1216        46       640    0.3254     0.317    0.2446    0.0676   0.05875   0.08625    0.0153
     79/99     9.88G   0.04092   0.07571  0.002405     0.119        12       640    0.3007    0.3335    0.2402   0.06683   0.05867   0.08628   0.01501
     80/99     9.88G   0.04078   0.07602  0.002369    0.1192        17       640    0.2898    0.3395    0.2387   0.06597   0.05873   0.08716   0.01495
     81/99     9.88G   0.04061   0.07633  0.002347    0.1193        21       640    0.3073    0.3056    0.2315   0.06381   0.05902   0.08727   0.01584
     82/99     9.88G   0.04035   0.07481  0.002319    0.1175        20       640     0.313    0.3165    0.2359   0.06433   0.05906   0.08715   0.01508
     83/99     9.88G   0.04032   0.07454  0.002296    0.1172        45       640    0.3028     0.335    0.2378   0.06542   0.05894   0.08735   0.01496
     84/99     9.88G   0.04002   0.07485  0.002279    0.1171        25       640    0.2998    0.3316    0.2363   0.06486   0.05894   0.08743   0.01539
     85/99     9.88G   0.03996   0.07537  0.002257    0.1176        35       640     0.305    0.3312    0.2386    0.0654   0.05892   0.08799   0.01536
     86/99     9.88G   0.03997   0.07492  0.002218    0.1171        14       640    0.3096    0.3147    0.2332   0.06361   0.05905     0.089   0.01505
     87/99     9.88G   0.03977    0.0748  0.002132    0.1167        24       640     0.306    0.3151     0.232   0.06395   0.05901   0.08937   0.01588
     88/99     9.88G   0.03959   0.07354  0.002094    0.1152        28       640    0.3128    0.3049    0.2297    0.0628   0.05924   0.08967   0.01572
     89/99     9.88G   0.03943   0.07362   0.00228    0.1153        18       640    0.2939    0.3255     0.229   0.06233    0.0595   0.09015   0.01571
     90/99     9.88G   0.03932   0.07369  0.002076    0.1151        33       640    0.3067    0.3113    0.2306   0.06345   0.05945   0.09039   0.01558
     91/99     9.88G   0.03935   0.07301  0.002202    0.1146        29       640    0.3105     0.312    0.2311    0.0632    0.0594   0.09024    0.0155
     92/99     9.88G   0.03911    0.0728  0.002097     0.114        34       640    0.3157    0.3119    0.2334   0.06349    0.0594    0.0902     0.015
     93/99     9.88G   0.03901   0.07386  0.002058    0.1149        44       640    0.3013    0.3242    0.2335    0.0637   0.05937   0.09027   0.01522
     94/99     9.88G   0.03894   0.07278  0.002061    0.1138        20       640    0.2971    0.3165    0.2282   0.06207   0.05957    0.0905   0.01542
     95/99     9.88G   0.03877   0.07273  0.002053    0.1135        13       640    0.2986     0.315    0.2253   0.06118   0.05968    0.0908   0.01582
     96/99     9.88G   0.03878    0.0725  0.002103    0.1134        40       640    0.3104    0.3055    0.2259   0.06118   0.05974   0.09099   0.01584
     97/99     9.88G   0.03853   0.07277  0.002055    0.1134        27       640    0.3051    0.3135    0.2287   0.06199   0.05968   0.09127   0.01567
     98/99     9.88G   0.03854   0.07238  0.002065     0.113        27       640    0.3019    0.3112    0.2261   0.06101   0.05978   0.09167   0.01572
     99/99     9.88G   0.03849   0.07255  0.002011     0.113        24       640    0.2968    0.3159    0.2257    0.0604   0.05986   0.09188   0.01563
