      0/74     3.31G   0.09278    0.1071   0.06278    0.2627        48       640 0.0001427  0.008017 4.634e-06 1.038e-06   0.08925   0.07172   0.06145
      1/74     3.36G   0.08438    0.1117   0.05286    0.2489        34       640    0.5685   0.04022  0.005006 0.0009452   0.08065   0.07622   0.05598
      2/74     3.36G   0.07536    0.1091    0.0413    0.2257        48       640    0.2675   0.09657   0.02683  0.005527   0.07212   0.08099   0.05109
      3/74     3.36G   0.06882     0.103   0.02944    0.2013        16       640    0.2735    0.1633   0.09273   0.02089   0.06391   0.07723   0.04047
      4/74     3.36G   0.06494    0.1038   0.02371    0.1925        37       640    0.3813    0.1736    0.1091   0.02667   0.06179   0.07364   0.03659
      5/74     3.36G   0.06295    0.1035     0.021    0.1874        17       640    0.2575    0.2263    0.1236   0.03085   0.05998   0.07178   0.03353
      6/74     3.36G   0.06157    0.1016   0.01912    0.1823        22       640    0.2835     0.216    0.1331   0.03295   0.06036   0.07064   0.03405
      7/74     3.36G    0.0603   0.09974   0.01796     0.178        23       640     0.148    0.2591     0.116   0.02816   0.06015   0.07234   0.03357
      8/74     3.36G   0.05974    0.1007   0.01711    0.1775        21       640    0.2112    0.2484    0.1532   0.03945   0.05927   0.07052   0.02928
      9/74     3.36G   0.05917   0.09895   0.01636    0.1745        22       640    0.1705    0.3165    0.1453    0.0381   0.05794   0.07391   0.03186
     10/74     3.36G    0.0585    0.1009   0.01565     0.175        36       640    0.1877    0.2771    0.1366    0.0338   0.05957   0.07151   0.03334
     11/74     3.36G   0.05826     0.101   0.01512    0.1743        31       640     0.286    0.2142    0.1639   0.03983   0.05823   0.07199    0.0337
     12/74     3.36G   0.05766   0.09952   0.01475    0.1719        31       640    0.1945    0.2872    0.1683   0.04431   0.05773   0.07084   0.02771
     13/74     3.36G   0.05736   0.09911   0.01452     0.171        22       640    0.2164    0.2864    0.1766   0.04468   0.05808   0.07263   0.02954
     14/74     3.36G   0.05706   0.09826   0.01418    0.1695        25       640    0.2332    0.3374     0.193   0.05082   0.05768   0.07259   0.02602
     15/74     3.36G   0.05662   0.09795   0.01382    0.1684        26       640    0.1775    0.3299    0.1502   0.03941   0.05753   0.07526   0.03635
     16/74     3.36G   0.05642   0.09801   0.01367    0.1681        23       640    0.2172    0.3173    0.1746   0.04452   0.05695   0.07313   0.03198
     17/74     3.36G   0.05629   0.09768   0.01329    0.1673         9       640    0.2159    0.3001     0.193    0.0478   0.05662   0.07253     0.029
     18/74     3.36G   0.05588   0.09827   0.01317    0.1673        35       640    0.3102     0.287    0.2039    0.0546   0.05659   0.07353   0.02723
     19/74     3.36G   0.05606   0.09804   0.01286     0.167        16       640    0.2338    0.3095    0.1831   0.04869   0.05628   0.07399   0.03083
     20/74     3.36G   0.05574   0.09811   0.01273    0.1666        33       640    0.2609    0.3193    0.2019   0.05435   0.05772   0.07205   0.02566
     21/74     3.36G   0.05545     0.098   0.01244    0.1659        45       640    0.1966    0.3613    0.1924   0.05274   0.05596    0.0722   0.02827
     22/74     3.36G   0.05503   0.09674   0.01215    0.1639        22       640    0.2585    0.3427    0.2159   0.05889    0.0559   0.07203   0.02551
     23/74     3.36G   0.05497   0.09823    0.0121    0.1653        48       640    0.2281    0.3642    0.1886   0.04993   0.05722   0.07242   0.02648
     24/74     3.36G   0.05462   0.09654    0.0119    0.1631        32       640    0.2247    0.4006    0.2049   0.05665   0.05615    0.0719   0.02834
     25/74     3.36G   0.05465   0.09719   0.01183    0.1637        24       640    0.2424    0.3368    0.1905    0.0516   0.05654   0.07318   0.03095
     26/74     3.36G   0.05457   0.09905   0.01157    0.1652        47       640    0.2707    0.3274    0.2112   0.05851   0.05628   0.07159   0.02686
     27/74     3.36G   0.05445   0.09774   0.01148    0.1637        53       640    0.2874    0.2802    0.2028   0.05441   0.05719   0.07323   0.02793
     28/74     3.36G   0.05435   0.09736   0.01143    0.1631        20       640    0.2449      0.33    0.2001   0.05584   0.05678   0.07348   0.02819
     29/74     3.36G   0.05414   0.09652   0.01137     0.162        12       640    0.2605    0.3162    0.2162   0.05757   0.05706   0.07242    0.0246
     30/74     3.36G   0.05389   0.09657   0.01119    0.1617        38       640    0.2294    0.3807    0.2122   0.06055   0.05591    0.0726   0.02681
     31/74     3.36G   0.05372   0.09789   0.01092    0.1625        17       640    0.2571    0.3817    0.2489   0.07433   0.05579   0.07185   0.02423
     32/74     3.36G   0.05347   0.09601   0.01086    0.1603        50       640    0.2801    0.3428    0.2195   0.05839   0.05679   0.07363   0.02625
     33/74     3.36G   0.05347   0.09551   0.01077    0.1597        14       640     0.238    0.3504    0.2213   0.05969   0.05599   0.07334   0.02613
     34/74     3.36G   0.05333   0.09619   0.01055    0.1601        29       640    0.2317    0.3657    0.2185    0.0589   0.05589   0.07193    0.0313
     35/74     3.36G   0.05332   0.09586   0.01021    0.1594        33       640    0.3009     0.301    0.2099   0.05661   0.05614   0.07407   0.02595
     36/74     3.36G    0.0532   0.09416   0.01047    0.1578        39       640    0.2453    0.3061    0.1854   0.05151   0.05616   0.07463   0.03099
     37/74     3.36G   0.05316   0.09628   0.01033    0.1598        10       640    0.3273    0.2807    0.2304   0.06531    0.0552   0.07338   0.02511
     38/74     3.36G   0.05287   0.09635   0.01013    0.1593        21       640    0.3115    0.3057    0.2245   0.06602   0.05518   0.07304    0.0254
     39/74     3.36G   0.05291   0.09486   0.01014    0.1579        25       640    0.2732     0.343    0.2183   0.06145   0.05617   0.07353   0.02429
     40/74     3.36G   0.05275   0.09638   0.01005    0.1592        27       640    0.2702    0.3171    0.2309   0.06383   0.05538   0.07301     0.029
     41/74     3.36G   0.05274   0.09461   0.01008    0.1574        35       640    0.2586    0.3734     0.222   0.06323   0.05527     0.073   0.02522
     42/74     3.36G   0.05262   0.09575  0.009858    0.1582        22       640    0.2477     0.333    0.2069   0.05796    0.0556   0.07354   0.03034
     43/74     3.36G   0.05239   0.09472  0.009781    0.1569        37       640    0.2777    0.3699    0.2209   0.06204   0.05579   0.07211   0.02511
     44/74     3.36G   0.05216    0.0949  0.009527    0.1566        30       640    0.2784    0.3506    0.2414   0.06988   0.05498   0.07329   0.02476
     45/74     3.36G   0.05206   0.09376  0.009365    0.1552        27       640    0.2783    0.3277    0.2291   0.06533   0.05545   0.07345   0.02532
     46/74     3.36G   0.05207   0.09591  0.009469    0.1575        37       640    0.3329    0.2872    0.2146   0.06068   0.05591   0.07407   0.02789
     47/74     3.36G   0.05178   0.09418  0.009232    0.1552        21       640    0.2997    0.3274    0.2324   0.06753   0.05579   0.07343   0.02893
     48/74     3.36G     0.052   0.09364  0.009279    0.1549        19       640    0.2636    0.3254    0.2299    0.0638   0.05556   0.07369   0.02857
     49/74     3.36G   0.05171   0.09392  0.009228    0.1549        33       640    0.2941    0.2757    0.2255   0.06374   0.05594   0.07288   0.02727
     50/74     3.36G   0.05178   0.09514  0.009041     0.156        23       640    0.3722    0.2569    0.2387   0.06928   0.05566     0.074   0.02711
     51/74     3.36G   0.05185   0.09495  0.009021    0.1558        12       640    0.3002    0.2987      0.23   0.06793   0.05491   0.07222   0.02513
     52/74     3.36G   0.05163   0.09386   0.00897    0.1545        21       640    0.2498    0.3184    0.2048   0.05787   0.05534   0.07286   0.02742
     53/74     3.36G   0.05149   0.09414  0.008983    0.1546        11       640    0.3105    0.2705    0.2346   0.06718   0.05597   0.07339   0.02791
     54/74     3.36G   0.05144    0.0932  0.008892    0.1535         8       640    0.2475    0.3509     0.228    0.0678   0.05559   0.07285   0.02916
     55/74     3.36G   0.05141   0.09327   0.00875    0.1534        37       640    0.2995    0.3146    0.2269   0.06813   0.05563   0.07316   0.02889
     56/74     3.36G   0.05124   0.09323  0.008847    0.1533        43       640    0.2987    0.2844    0.2166   0.06355   0.05584   0.07311   0.02826
     57/74     3.36G   0.05105     0.093  0.008689    0.1527        42       640    0.2916    0.3095    0.2286    0.0664   0.05583   0.07343   0.02814
     58/74     3.36G   0.05118   0.09454  0.008546    0.1543        33       640     0.274     0.298    0.2288   0.06664   0.05536    0.0727   0.02635
     59/74     3.36G   0.05105   0.09403  0.008376    0.1535        59       640    0.3038     0.278    0.2042   0.05873   0.05585   0.07353    0.0278
     60/74     3.36G   0.05098   0.09211  0.008364    0.1515        18       640    0.3468    0.2769    0.2366   0.06864   0.05537   0.07362   0.02699
     61/74     3.36G   0.05081   0.09331  0.008292    0.1524        21       640    0.2973    0.3096    0.2345   0.06603   0.05558   0.07374   0.02758
     62/74     3.36G   0.05056   0.09185  0.008145    0.1506        11       640    0.3107    0.3078    0.2349   0.06753   0.05554   0.07408   0.02743
     63/74     3.36G   0.05069   0.09298  0.008283     0.152        50       640    0.3359    0.2773    0.2308   0.06866    0.0555    0.0732   0.02704
     64/74     3.36G    0.0505   0.09352  0.007935     0.152        32       640     0.315    0.3261    0.2326   0.06588   0.05554   0.07331   0.02716
     65/74     3.36G   0.05067   0.09342  0.008049    0.1521        44       640    0.2937    0.3129    0.2162   0.06062   0.05616   0.07348   0.02969
     66/74     3.36G   0.05063   0.09412  0.007829    0.1526        57       640    0.2812    0.3337    0.2156    0.0638   0.05593   0.07343   0.03106
     67/74     3.36G   0.05054   0.09362  0.007896     0.152        45       640    0.3186    0.2786     0.217   0.06272   0.05604   0.07437   0.03088
     68/74     3.36G   0.05046   0.09283  0.008158    0.1514        17       640     0.285    0.3237    0.2238   0.06463   0.05574   0.07351   0.02897
     69/74     3.36G   0.05037   0.09302  0.007796    0.1512        21       640    0.3425    0.2805    0.2246   0.06531   0.05572   0.07432   0.03039
     70/74     3.36G   0.05024   0.09357  0.007744    0.1516        43       640    0.2624    0.3192    0.2185   0.06408   0.05587   0.07427   0.03097
     71/74     3.36G   0.05018   0.09237  0.007727    0.1503         9       640    0.3275    0.2903    0.2246   0.06701   0.05598   0.07383    0.0293
     72/74     3.36G   0.05007   0.09266  0.007689    0.1504        17       640     0.276    0.3092    0.2183   0.06384   0.05602   0.07405   0.03064
     73/74     3.36G   0.05016   0.09288  0.007651    0.1507        23       640    0.2906    0.2869    0.2192    0.0654    0.0561   0.07404    0.0317
     74/74     3.36G   0.05018   0.09218   0.00751    0.1499        23       640    0.2793    0.3004    0.2207   0.06556   0.05608   0.07451   0.03043
