      0/99     10.5G   0.09412    0.1054   0.04245     0.242        37       640 0.0002367   0.02585 3.226e-05 4.154e-06   0.08616   0.07567     0.039
      1/99     10.5G   0.09036    0.1102   0.03736    0.2379        19       640    0.8073   0.01076  0.001595 0.0002856    0.0842    0.0758   0.03708
      2/99     10.5G   0.08389    0.1117   0.03204    0.2277        17       640    0.6242     0.043   0.01395  0.002623   0.07605   0.08852   0.03239
      3/99     10.5G   0.07634    0.1102   0.02598    0.2125        40       640    0.2589    0.1077   0.03217  0.006205   0.07178   0.08673   0.02767
      4/99     10.5G   0.06914    0.1049    0.0183    0.1923        33       640    0.1016    0.2237   0.06355   0.01135   0.07284   0.07294   0.02052
      5/99     10.5G   0.06567     0.103   0.01434    0.1831        21       640    0.3869    0.1873    0.1083   0.02325   0.06639   0.07559   0.01931
      6/99     10.5G   0.06351    0.1032    0.0128    0.1795        33       640    0.4799    0.1955     0.174   0.04274   0.06197   0.07269   0.02093
      7/99     10.5G   0.06155   0.09943   0.01131    0.1723         7       640    0.4333    0.2015    0.1666   0.04071   0.06244   0.07799   0.01807
      8/99     10.5G   0.06049    0.1023   0.01059    0.1734        18       640    0.3089    0.1132   0.06016   0.01421   0.07592   0.08119   0.02227
      9/99     10.5G   0.05918   0.09982   0.01027    0.1693        12       640    0.2263    0.2856    0.2024   0.05129   0.06036   0.07147   0.01462
     10/99     10.5G   0.05811    0.1023  0.009403    0.1698        40       640    0.3138    0.1869    0.1744   0.04363   0.06373    0.0725    0.0166
     11/99     10.5G   0.05723    0.1002   0.00893    0.1663        36       640     0.237    0.3251    0.2271   0.06061   0.05829   0.07086   0.01703
     12/99     10.5G   0.05663   0.09899  0.008506    0.1641        26       640    0.2654    0.3227     0.231   0.05526   0.06059   0.07343   0.01762
     13/99     10.5G   0.05616    0.1001  0.008205    0.1644        24       640    0.2315    0.3989    0.2255   0.05866   0.05931   0.06991   0.01454
     14/99     10.5G   0.05565   0.09806  0.007918    0.1616        23       640    0.4848    0.3441    0.2865   0.07864   0.05636   0.07111   0.01365
     15/99     10.5G   0.05522   0.09894  0.007852     0.162        32       640    0.2612    0.3929    0.2525   0.06727   0.05719    0.0708   0.01215
     16/99     10.5G   0.05493   0.09777  0.007485    0.1602        29       640    0.3126    0.3587     0.262   0.07519   0.05896   0.07144   0.01434
     17/99     10.5G    0.0546   0.09793   0.00757    0.1601        33       640    0.3224    0.3544    0.2715   0.07322   0.05736   0.07016   0.01418
     18/99     10.5G   0.05435   0.09781  0.007408    0.1596        23       640    0.2812    0.3575    0.2791    0.0774   0.05694   0.07076   0.01224
     19/99     10.5G   0.05389   0.09634  0.006852    0.1571        16       640    0.3214    0.3816    0.3132   0.08332   0.05568   0.07131   0.01177
     20/99     10.5G   0.05393   0.09802  0.007073     0.159        43       640     0.475    0.4077    0.3271   0.08826   0.05639   0.07392   0.01289
     21/99     10.5G   0.05357    0.0971   0.00678    0.1575        18       640    0.5365     0.353    0.3083   0.08723   0.05516   0.06969   0.00976
     22/99     10.5G   0.05337    0.0975  0.006679    0.1576        42       640    0.4551    0.3485     0.308   0.08317   0.05516   0.07091    0.0125
     23/99     10.5G   0.05308   0.09591  0.006468    0.1555        15       640    0.4157    0.3438    0.3012   0.08383   0.05564   0.07093   0.01283
     24/99     10.5G   0.05288   0.09615  0.006498    0.1555        28       640    0.4654    0.3359    0.2628   0.07508   0.05609   0.07055    0.0161
     25/99     10.5G   0.05264   0.09519  0.006374    0.1542        51       640    0.3596    0.3878    0.2946   0.08194   0.05594   0.07249   0.01036
     26/99     10.5G   0.05274   0.09588  0.006286    0.1549        12       640    0.4024    0.3887    0.3245   0.09058   0.05507    0.0707   0.01005
     27/99     10.5G    0.0525   0.09496  0.006309    0.1538        15       640    0.6113    0.3417    0.3644    0.1107   0.05433   0.07053   0.00884
     28/99     10.5G   0.05218   0.09432  0.006058    0.1526        30       640    0.2936    0.4581    0.3462   0.09137   0.05534   0.07118   0.01069
     29/99     10.5G   0.05201   0.09398  0.006016     0.152        14       640    0.3892    0.3959    0.3359   0.09777   0.05375   0.07061  0.009879
     30/99     10.5G   0.05194   0.09443  0.006088    0.1525        20       640     0.291    0.3652    0.2911   0.08571   0.05454   0.07201   0.01163
     31/99     10.5G   0.05171   0.09473  0.005981    0.1524        34       640     0.293    0.4931    0.3518   0.09669   0.05528   0.07164   0.01179
     32/99     10.5G   0.05152   0.09412  0.005742    0.1514        26       640    0.3288    0.3657    0.3079   0.08828   0.05482   0.07092  0.009962
     33/99     10.5G    0.0517   0.09356  0.005968    0.1512        39       640    0.4623    0.3605    0.3257   0.09695   0.05468   0.07163   0.01211
     34/99     10.5G   0.05137    0.0949  0.005723     0.152        25       640    0.3203    0.3511    0.3129   0.08888   0.05421   0.07154   0.01019
     35/99     10.5G   0.05101   0.09349  0.005521      0.15         6       640    0.5427    0.3405    0.2991    0.0867   0.05531   0.07157    0.0101
     36/99     10.5G   0.05112   0.09465  0.005591    0.1514        18       640    0.3909    0.3915    0.3605    0.1149   0.05455   0.07073  0.009326
     37/99     10.5G   0.05102   0.09347  0.005346    0.1498        48       640    0.3208    0.4964    0.3324   0.09568    0.0542   0.07161   0.01057
     38/99     10.5G   0.05083   0.09171  0.005422     0.148        24       640    0.3021    0.4586    0.3101   0.08952   0.05486   0.07309   0.01102
     39/99     10.5G   0.05065   0.09298  0.005435    0.1491        21       640    0.5374    0.3577    0.3113   0.08771   0.05498   0.07062  0.009333
     40/99     10.5G    0.0507   0.09426  0.005452    0.1504        48       640    0.3836    0.4161    0.3712    0.1047   0.05425   0.07117  0.009128
     41/99     10.5G   0.05065   0.09381  0.005358    0.1498        15       640    0.4183     0.391    0.3354   0.09953   0.05456   0.07016  0.008705
     42/99     10.5G   0.05033   0.09345  0.005205     0.149        19       640    0.2857    0.5252    0.3263   0.09516   0.05438   0.07188  0.009188
     43/99     10.5G   0.05007   0.09276  0.005133     0.148        24       640    0.4972    0.3689    0.3461    0.1003   0.05482   0.07295  0.009487
     44/99     10.5G   0.05012   0.09178    0.0052    0.1471        33       640    0.4317    0.3919    0.3534    0.1054   0.05488   0.07341  0.009545
     45/99     10.5G   0.05008   0.09211  0.005078    0.1473        46       640    0.3597     0.399    0.3214   0.09291   0.05481   0.07148   0.01037
     46/99     10.5G    0.0499   0.09317  0.004961     0.148        51       640     0.391    0.3976    0.3193   0.09358   0.05502   0.07218  0.009667
     47/99     10.5G   0.04973   0.09266    0.0049    0.1473        53       640    0.3376    0.3672    0.3053   0.08772   0.05531   0.07357   0.01069
     48/99     10.5G   0.04956   0.09283  0.004942    0.1473        52       640     0.365     0.431    0.3188   0.09226   0.05488   0.07325   0.01015
     49/99     10.5G    0.0494   0.09182  0.004672    0.1459        31       640    0.4221    0.4202    0.3576    0.1003   0.05484   0.07238   0.00912
     50/99     10.5G   0.04955   0.09181  0.004863    0.1462        71       640    0.5243    0.3653     0.305   0.08815   0.05485   0.07315  0.009196
     51/99     10.5G   0.04924   0.09088  0.004537    0.1447        18       640    0.3923    0.4633     0.339    0.1002   0.05441   0.07182  0.009576
     52/99     10.5G   0.04901   0.09127   0.00454    0.1448        17       640    0.3021    0.4753    0.3163    0.0923   0.05509   0.07335  0.009475
     53/99     10.5G   0.04889   0.09125  0.004594    0.1447        18       640    0.3951    0.4325    0.3287   0.09656    0.0545   0.07317   0.00994
     54/99     10.5G   0.04879   0.09159  0.004393    0.1448        10       640     0.391    0.4119     0.325   0.09538   0.05444   0.07295   0.01019
     55/99     10.5G   0.04871   0.09135  0.004528    0.1446        15       640    0.3344    0.3692    0.3071   0.08954   0.05535   0.07435  0.009855
     56/99     10.5G   0.04841   0.09067   0.00437    0.1434        72       640    0.3821    0.3584    0.3084   0.09144   0.05527   0.07321   0.01044
     57/99     10.5G   0.04844   0.09005   0.00439    0.1429        21       640    0.4117    0.4229    0.3332   0.09508   0.05502   0.07379  0.009544
     58/99     10.5G   0.04819   0.08874  0.004229    0.1412        29       640    0.3447    0.4375    0.3052   0.08807   0.05588   0.07472  0.009792
     59/99     10.5G    0.0482   0.09049  0.004185    0.1429        43       640    0.3566    0.3712    0.3142   0.09127   0.05491   0.07422   0.01018
     60/99     10.5G   0.04797   0.08882  0.004112    0.1409        31       640    0.3769     0.383    0.3155   0.09491   0.05486   0.07451  0.009985
     61/99     10.5G   0.04784   0.08962  0.004217    0.1417        55       640    0.4269    0.3812    0.3197   0.09213   0.05563   0.07398   0.01028
     62/99     10.5G   0.04759   0.08803  0.004098    0.1397        39       640    0.4025    0.3625    0.2981   0.08584   0.05592   0.07476    0.0105
     63/99     10.5G   0.04756   0.08906  0.004123    0.1407        34       640    0.3223    0.3663    0.2921    0.0841   0.05566   0.07551   0.01196
     64/99     10.5G   0.04747   0.08795  0.003995    0.1394        32       640    0.4434    0.3581     0.314   0.09014   0.05502    0.0754   0.01023
     65/99     10.5G   0.04735   0.08809  0.004057    0.1395        30       640    0.3866    0.4355    0.3192   0.09039   0.05544   0.07527  0.009914
     66/99     10.5G   0.04704   0.08733  0.003885    0.1383        29       640    0.3806    0.3756    0.3127   0.09111   0.05582   0.07533   0.01174
     67/99     10.5G   0.04692   0.08797  0.003852    0.1387        27       640     0.477    0.3649    0.3252   0.08928   0.05589   0.07512   0.01097
     68/99     10.5G   0.04665   0.08724  0.003799    0.1377        21       640    0.3634    0.4049    0.3362   0.09772   0.05588   0.07593   0.01156
     69/99     10.5G   0.04662   0.08652  0.003755    0.1369        23       640    0.3241    0.4565    0.3039   0.08761   0.05558   0.07589   0.01114
     70/99     10.5G   0.04642   0.08648   0.00361    0.1365        17       640    0.3134    0.4526    0.2954    0.0848   0.05599   0.07595   0.01052
     71/99     10.5G    0.0463   0.08764  0.003695    0.1376        48       640    0.4833    0.3785    0.3198   0.08711   0.05602   0.07675   0.01044
     72/99     10.5G   0.04615   0.08611  0.003529    0.1358        22       640    0.3702    0.4026    0.2938   0.08455   0.05617   0.07628   0.01101
     73/99     10.5G   0.04608   0.08612  0.003655    0.1358        22       640    0.3898    0.3683    0.2913   0.08367   0.05624   0.07592    0.0113
     74/99     10.5G   0.04583   0.08637   0.00357    0.1358        26       640    0.3822     0.383    0.2921   0.08183    0.0562   0.07599   0.01085
     75/99     10.5G   0.04566   0.08577  0.003456    0.1349        30       640    0.3877    0.3604    0.3039   0.08462   0.05638   0.07673   0.01108
     76/99     10.5G   0.04568   0.08554   0.00339    0.1346        38       640     0.461     0.354    0.3289   0.09099   0.05663   0.07722   0.01158
     77/99     10.5G   0.04545   0.08607  0.003394    0.1349        29       640    0.3457    0.3989    0.2832   0.08096   0.05651   0.07762   0.01178
     78/99     10.5G   0.04536   0.08618  0.003372    0.1349        46       640     0.324    0.3595    0.2829   0.08134   0.05636   0.07742   0.01128
     79/99     10.5G   0.04502   0.08349  0.003288    0.1318        12       640    0.3008    0.4119    0.2855   0.08252   0.05637   0.07755   0.01124
     80/99     10.5G   0.04498   0.08384  0.003223     0.132        17       640    0.3304     0.357    0.2844   0.08166   0.05632    0.0777   0.01144
     81/99     10.5G   0.04478   0.08429  0.003195    0.1323        21       640    0.3915    0.4011    0.2921   0.08239   0.05666   0.07826   0.01177
     82/99     10.5G    0.0445   0.08259  0.003156    0.1302        20       640    0.3959    0.3734    0.2862   0.08111   0.05656   0.07864   0.01184
     83/99     10.5G   0.04447   0.08232  0.003089    0.1299        45       640    0.4433    0.4137    0.3075   0.08656   0.05672   0.07868   0.01221
     84/99     10.5G   0.04416   0.08273  0.003156    0.1301        25       640     0.453    0.3928    0.3027    0.0827   0.05675   0.07941   0.01231
     85/99     10.5G   0.04416   0.08331  0.003002    0.1305        35       640    0.3466    0.3774     0.277   0.07937   0.05676   0.07962   0.01198
     86/99     10.5G   0.04417   0.08273  0.003024    0.1299        14       640    0.3695     0.398    0.2824   0.07844   0.05676   0.07976   0.01183
     87/99     10.5G   0.04395   0.08268  0.002921    0.1296        24       640    0.4291    0.3598    0.3186   0.08386   0.05689   0.08007   0.01222
     88/99     10.5G    0.0438   0.08144  0.002921    0.1282        28       640    0.4305    0.3615    0.2942   0.08056   0.05699   0.08014   0.01235
     89/99     10.5G   0.04366   0.08157  0.003038    0.1283        18       640    0.4138     0.368    0.2991   0.08041   0.05716   0.08028   0.01228
     90/99     10.5G   0.04359   0.08158  0.002856     0.128        33       640    0.3573    0.3606    0.2748   0.07789   0.05735   0.08054   0.01235
     91/99     10.5G   0.04352    0.0808  0.003023    0.1273        29       640    0.3826    0.3473    0.2756   0.07798    0.0573   0.08055   0.01231
     92/99     10.5G   0.04328   0.08046  0.002908    0.1266        34       640    0.4065     0.329    0.2795   0.07955   0.05732   0.08063   0.01227
     93/99     10.5G   0.04326    0.0815  0.002855    0.1276        44       640    0.3709    0.3385    0.2746   0.07824   0.05748   0.08098   0.01225
     94/99     10.5G   0.04318   0.08062  0.002781    0.1266        20       640    0.3746    0.3339    0.2685   0.07573   0.05756   0.08128   0.01229
     95/99     10.5G     0.043   0.08042  0.002851    0.1263        13       640     0.336    0.3554    0.2665   0.07563   0.05746    0.0814    0.0126
     96/99     10.5G     0.043   0.08016  0.002763    0.1259        40       640    0.3886    0.3216    0.2674   0.07541   0.05741    0.0817   0.01282
     97/99     10.5G    0.0427   0.08042  0.002687    0.1258        27       640     0.346    0.3522    0.2672   0.07544   0.05744   0.08178   0.01284
     98/99     10.5G   0.04273   0.08004  0.002655    0.1254        27       640    0.3466    0.3562    0.2656   0.07476   0.05755   0.08196   0.01287
     99/99     10.5G   0.04274   0.08014  0.002743    0.1256        24       640    0.3736    0.3328    0.2666   0.07523    0.0576   0.08213   0.01294
