      0/49     2.94G   0.09289     0.107   0.06245    0.2624        44       640  0.005084   0.01593 0.0005961 0.0001187   0.08495   0.07588   0.06087
      1/49      3.1G     0.084    0.1095   0.05041    0.2439        16       640    0.6847   0.04313   0.01347  0.002477    0.0738   0.07856   0.05055
      2/49      3.1G   0.07512    0.1063   0.03976    0.2212        36       640   0.07413    0.1265   0.03776  0.007965   0.07336   0.07794   0.04575
      3/49      3.1G   0.06755    0.1036   0.02774    0.1989        31       640    0.3366    0.1866    0.0793   0.01816   0.06542   0.07389   0.03687
      4/49      3.1G   0.06378    0.1018   0.02229    0.1879        16       640    0.1666    0.2378     0.119   0.02967   0.06042   0.07183   0.03639
      5/49      3.1G   0.06164    0.1016   0.01944    0.1827        21       640    0.1528    0.2226    0.1055   0.02664   0.06166   0.07437   0.04937
      6/49      3.1G   0.06029    0.1011   0.01784    0.1792        15       640    0.3178     0.231    0.1596   0.04137   0.05809   0.07025    0.0301
      7/49      3.1G    0.0592   0.09946   0.01663    0.1753        16       640    0.1575    0.3438     0.148   0.03858    0.0579   0.06995   0.03156
      8/49      3.1G   0.05829   0.09928   0.01584    0.1734        22       640    0.2286    0.3118    0.1779   0.04578   0.05781   0.07051   0.02905
      9/49      3.1G   0.05763   0.09873   0.01544    0.1718        23       640    0.3331    0.2646    0.1794   0.04736   0.05653    0.0711   0.02587
     10/49      3.1G   0.05717   0.09767   0.01463    0.1695        16       640    0.2488    0.3316    0.1891   0.05088   0.05626   0.07161   0.02682
     11/49      3.1G   0.05682   0.09966   0.01418    0.1707        38       640    0.2186    0.2877    0.1828   0.05018   0.05673   0.07055   0.02873
     12/49      3.1G   0.05627    0.0984   0.01377    0.1684        12       640    0.1979    0.3729    0.1898   0.05196    0.0561   0.06978   0.02692
     13/49      3.1G   0.05597   0.09718   0.01327    0.1664        50       640    0.2137    0.3154    0.1777   0.04691   0.05743   0.07167   0.02915
     14/49      3.1G    0.0558   0.09792   0.01317    0.1669        22       640    0.2558    0.3369    0.2271   0.06224   0.05596   0.07219   0.02647
     15/49      3.1G   0.05526   0.09719   0.01288    0.1653        17       640    0.2767    0.3494    0.2147   0.05626   0.05597   0.07185   0.02781
     16/49      3.1G   0.05497   0.09832   0.01264    0.1659        20       640    0.2832    0.3704    0.2363   0.06571   0.05589   0.07084   0.02344
     17/49      3.1G   0.05464   0.09636   0.01239    0.1634        41       640     0.278    0.3366    0.2152   0.05805   0.05571   0.07112    0.0237
     18/49      3.1G   0.05469   0.09712   0.01205    0.1639        23       640    0.3107     0.322    0.2385   0.06637   0.05563   0.07174   0.02325
     19/49      3.1G    0.0542   0.09629   0.01194    0.1624        16       640    0.2621    0.3766    0.2192   0.06024   0.05561   0.07232    0.0262
     20/49      3.1G   0.05405   0.09601   0.01164    0.1617        14       640    0.2809    0.3428    0.2415   0.06482   0.05476   0.07135    0.0268
     21/49      3.1G   0.05379   0.09628   0.01154    0.1616        40       640    0.2932    0.3481    0.2256   0.06356    0.0552   0.07234   0.02577
     22/49      3.1G   0.05342   0.09537   0.01114    0.1599        49       640    0.3178    0.3204    0.2206   0.06225   0.05529   0.07233   0.02975
     23/49      3.1G   0.05339   0.09766    0.0108    0.1619        51       640    0.2549    0.3645    0.2204   0.06132   0.05532    0.0711   0.02551
     24/49      3.1G   0.05311   0.09604   0.01071    0.1599        40       640    0.3285    0.3403    0.2548   0.07156   0.05477     0.072   0.02242
     25/49      3.1G   0.05293    0.0959   0.01046    0.1593        30       640    0.3024    0.3188    0.2175   0.05859   0.05568   0.07278   0.02764
     26/49      3.1G   0.05264   0.09612   0.01056    0.1593        47       640    0.2204    0.4362    0.2222   0.06243   0.05522   0.07155   0.02573
     27/49      3.1G   0.05245   0.09567    0.0103    0.1584        25       640    0.2705    0.3512    0.2315   0.06597   0.05531   0.07214   0.02452
     28/49      3.1G   0.05239   0.09518   0.01016    0.1577        38       640     0.382    0.3367    0.2627   0.07706   0.05495   0.07233    0.0252
     29/49      3.1G   0.05218   0.09505   0.01003    0.1573        24       640    0.3683    0.3139    0.2703   0.07681   0.05419   0.07216    0.0228
     30/49      3.1G   0.05214   0.09431   0.01002    0.1565        15       640    0.3102    0.3236    0.2438   0.06988   0.05544   0.07294   0.02773
     31/49      3.1G   0.05169   0.09451  0.009695    0.1559        34       640    0.3393    0.3456    0.2561   0.07504   0.05531   0.07288    0.0262
     32/49      3.1G   0.05182   0.09597  0.009628    0.1574        14       640     0.301    0.3235    0.2512    0.0748   0.05498   0.07185   0.02557
     33/49      3.1G   0.05154   0.09511  0.009586    0.1562        26       640    0.3314    0.3079    0.2464   0.07005   0.05515   0.07282    0.0273
     34/49      3.1G   0.05139   0.09338  0.009251     0.154        20       640     0.315    0.3325    0.2545   0.07585   0.05481    0.0723   0.02637
     35/49      3.1G   0.05113   0.09252  0.009224    0.1529        30       640    0.3627    0.3326    0.2664   0.07704   0.05426   0.07228   0.02319
     36/49      3.1G    0.0511   0.09275    0.0091    0.1529        23       640    0.2979     0.332    0.2278   0.06509   0.05545   0.07228   0.02639
     37/49      3.1G   0.05104   0.09385  0.008855    0.1537        26       640    0.3305    0.3133    0.2534   0.07738   0.05515   0.07293    0.0267
     38/49      3.1G   0.05078   0.09402  0.008736    0.1535        19       640    0.3345    0.3413    0.2487   0.07496    0.0555   0.07346    0.0262
     39/49      3.1G   0.05059   0.09286  0.008696    0.1521        33       640    0.3416    0.3328    0.2643   0.07903   0.05494   0.07278   0.02546
     40/49      3.1G   0.05052   0.09268   0.00849    0.1517        16       640    0.2577    0.3687     0.244    0.0717   0.05542   0.07283   0.02953
     41/49      3.1G    0.0504   0.09274  0.008493    0.1516        22       640    0.3232    0.3032    0.2312    0.0664   0.05464   0.07295   0.02967
     42/49      3.1G   0.05015    0.0928  0.008496    0.1514        23       640    0.3421     0.305    0.2499   0.07288   0.05483   0.07323   0.02675
     43/49      3.1G   0.05014   0.09368  0.008273    0.1521        32       640    0.3209     0.343    0.2658   0.07621   0.05455   0.07284   0.02617
     44/49      3.1G   0.05018   0.09258  0.008518    0.1513        23       640     0.332    0.3209    0.2609   0.07779   0.05544   0.07348   0.02637
     45/49      3.1G   0.04994   0.09188  0.008198      0.15        32       640    0.3185      0.32    0.2584   0.07376   0.05487   0.07288   0.02736
     46/49      3.1G   0.04989    0.0919  0.008011    0.1498        29       640    0.3672    0.3383    0.2773   0.08367   0.05467   0.07264   0.02443
     47/49      3.1G   0.05001   0.09252  0.008078    0.1506        47       640    0.3331    0.3219    0.2636   0.07787   0.05542   0.07316   0.02771
     48/49      3.1G   0.04958   0.09228  0.007935    0.1498        19       640    0.3344    0.2941    0.2473   0.07004   0.05539   0.07357   0.02891
     49/49      3.1G   0.04966   0.09074  0.007966    0.1484        35       640    0.3651    0.3285    0.2758   0.07905   0.05523   0.07285    0.0254
