     0/199     5.81G   0.08288    0.1108   0.02924    0.2229        14       640    0.7685  0.009047  0.002731 0.0005272   0.09821    0.0832   0.04618
     1/199     10.2G   0.06928    0.1062   0.01813    0.1936        30       640    0.3444    0.1112   0.05121   0.01048    0.0768   0.08573   0.03509
     2/199     9.53G   0.06673    0.1034   0.01432    0.1844        22       640    0.3171    0.1173   0.05372   0.01127   0.07364   0.08089    0.0208
     3/199     9.53G   0.06514    0.1011   0.01332    0.1796        24       640    0.1004    0.1279   0.05832   0.01071   0.07013   0.08554   0.02124
     4/199     9.53G   0.06395    0.1015   0.01244    0.1779         7       640   0.02999    0.1156   0.00496   0.00153   0.08072    0.1051   0.04878
     5/199     9.53G   0.06441     0.102   0.01198    0.1784        36       640    0.1462    0.1807   0.09836   0.02114   0.07204   0.07987   0.01936
     6/199     9.53G   0.06385    0.1009   0.01182    0.1765        23       640    0.1683    0.1941    0.1162   0.02518   0.06794   0.07733    0.0185
     7/199     9.53G   0.06365    0.1018   0.01193    0.1774        50       640    0.3199   0.09687   0.03249  0.006061   0.07584   0.08996   0.02758
     8/199     9.53G    0.0637    0.1005   0.01167    0.1759        18       640    0.1888    0.2041    0.1255   0.02744   0.06839   0.07164   0.01987
     9/199     9.53G   0.06323    0.1025   0.01148    0.1772        47       640    0.1855    0.2065    0.1272   0.02944    0.0707   0.07384   0.01735
    10/199     9.53G   0.06288    0.1014    0.0112    0.1755        21       640    0.1968    0.2527    0.1629   0.03668   0.06716   0.06906     0.014
    11/199     9.53G   0.06272     0.101   0.01096    0.1746        21       640    0.4238    0.1705    0.1224   0.02625   0.06856   0.07075    0.0197
    12/199     9.53G   0.06267    0.1019   0.01102    0.1755        40       640     0.409    0.1155   0.06447   0.01355   0.07931   0.07504   0.02498
    13/199     9.53G   0.06191   0.09999   0.01078    0.1727        10       640     0.215    0.2953    0.1557   0.03485   0.06539   0.07889   0.01824
    14/199     9.53G   0.06265    0.1004   0.01097    0.1741        18       640    0.2494    0.2197    0.1478   0.03487   0.06874   0.07338   0.01607
    15/199     9.53G   0.06211    0.1011   0.01088    0.1741        23       640    0.1652    0.2847     0.183   0.04166   0.06283   0.07217   0.01469
    16/199     9.53G   0.06177    0.1013   0.01067    0.1737        30       640    0.2887    0.2911    0.2005   0.04649   0.06503    0.0707    0.0159
    17/199     9.53G   0.06162    0.1004   0.01079    0.1728        14       640    0.1844    0.2551    0.1567   0.03658   0.06664   0.07218   0.01683
    18/199     9.53G   0.06144    0.1005   0.01051    0.1725        24       640    0.2423    0.2945    0.2117    0.0512   0.06209   0.07201   0.01595
    19/199     9.53G   0.06147   0.09868    0.0106    0.1708        14       640    0.2474    0.3196    0.2032   0.04864   0.06288   0.07154   0.01555
    20/199     9.53G   0.06142    0.1003   0.01065    0.1724        55       640    0.2118    0.2647    0.1885     0.044    0.0628   0.07572   0.01377
    21/199     9.53G   0.06116    0.1004   0.01026    0.1718        26       640    0.3153    0.1957    0.1851   0.04549   0.06382   0.07329   0.01794
    22/199     9.53G   0.06109    0.1001    0.0105    0.1717        11       640    0.2354    0.2815    0.1912   0.04679   0.06339   0.07619   0.01935
    23/199     9.53G   0.06115    0.1005   0.01053    0.1722        19       640    0.1811     0.313    0.1717   0.03934   0.06367   0.07157   0.01279
    24/199     9.53G   0.06093    0.1004   0.01011    0.1715        29       640    0.2276    0.2469    0.2015   0.05089   0.06266   0.06953   0.01876
    25/199     9.53G   0.06086    0.1005   0.01015    0.1715        39       640    0.2208    0.3497    0.1975   0.04583   0.06349   0.07507   0.01365
    26/199     9.53G   0.06109    0.1005   0.01072    0.1724        27       640    0.2475    0.3858    0.2345   0.05782   0.06179   0.07186   0.01358
    27/199     9.53G   0.06103    0.1012    0.0103    0.1725        44       640    0.3071    0.2684    0.2287   0.05452   0.06224   0.07014   0.01406
    28/199     9.53G   0.06095    0.1013   0.01042    0.1727        42       640    0.2372    0.3832    0.2151   0.05204   0.06198   0.07006   0.01444
    29/199     9.53G    0.0607    0.1011   0.01034    0.1721        30       640    0.2014    0.2831    0.1858   0.04546   0.06654   0.07343   0.01477
    30/199     9.53G   0.06062   0.09966   0.01019    0.1705        20       640    0.2339    0.3075    0.2148   0.05392   0.06035    0.0718   0.01965
    31/199     9.53G   0.06094    0.1008   0.01019    0.1719        16       640    0.2141    0.2304    0.1569   0.03937    0.0674   0.07194   0.01413
    32/199     9.53G   0.06049       0.1   0.01033    0.1709        23       640    0.1561    0.2136    0.1152   0.02608   0.07289   0.07059   0.01571
    33/199     9.53G   0.06049    0.1003   0.01048    0.1712        13       640    0.2968    0.3302    0.2578    0.0629   0.06196   0.06986   0.01395
    34/199     9.53G   0.06051    0.1014   0.01045    0.1724        26       640    0.2489    0.3389    0.2298   0.05697   0.06071   0.07568   0.01244
    35/199     9.54G   0.06062       0.1   0.01004    0.1707        32       640    0.2799    0.4235    0.2798   0.07004   0.05871   0.07018    0.0117
    36/199     9.54G   0.06055   0.09894   0.01001    0.1695        19       640    0.2941    0.2735    0.2383   0.05935   0.06081   0.07071   0.01674
    37/199     9.54G   0.06021    0.1003   0.01021    0.1707        27       640    0.3452    0.3578    0.3035   0.07695   0.05966    0.0696   0.01274
    38/199     9.54G   0.06041    0.1001    0.0102    0.1707        29       640    0.2266    0.3375    0.2383   0.06439   0.06117   0.06927    0.0175
    39/199     9.54G   0.06033    0.1012   0.01019    0.1717        72       640    0.3545    0.3023     0.272    0.0711   0.06174   0.07257   0.01286
    40/199     9.54G   0.06011    0.1004   0.01003    0.1706        16       640    0.3337    0.2674    0.2397   0.06279   0.06014   0.07105   0.01576
    41/199     9.54G   0.06017    0.1005   0.01021    0.1709        47       640    0.2251      0.35    0.2439   0.06458   0.06221   0.06995   0.01465
    42/199     9.54G   0.06039     0.101   0.01038    0.1717        22       640    0.3225    0.3563    0.2769   0.07096    0.0597   0.07369   0.01349
    43/199     9.54G   0.06038    0.1005   0.01006     0.171        25       640    0.2903    0.3028    0.2597   0.06618    0.0597   0.07048   0.01287
    44/199     9.54G   0.05984    0.1004  0.009904    0.1701        12       640      0.28    0.3606    0.2846   0.07576   0.05825   0.06995   0.01267
    45/199     9.54G   0.05987    0.1009   0.01028    0.1711        68       640    0.2578    0.3551    0.2701   0.07259   0.06012   0.06955   0.01295
    46/199     9.54G    0.0598    0.1002   0.01003      0.17        26       640    0.2799    0.4033    0.3143   0.08392   0.05804   0.06988   0.01357
    47/199     9.54G   0.05978   0.09953  0.009999    0.1693        12       640    0.2501    0.3205    0.2401   0.06461   0.05991    0.0743   0.01715
    48/199     9.54G   0.05995   0.09968   0.01011    0.1697        15       640    0.2574    0.3701    0.2851   0.07641   0.05832   0.06971   0.01413
    49/199     9.54G   0.05992    0.1014   0.01009    0.1714        56       640    0.3477     0.359    0.3146   0.08227    0.0577   0.07134   0.01123
    50/199     9.54G   0.06008    0.1012   0.01018    0.1714        29       640    0.2809    0.4469    0.2969   0.07744   0.05991    0.0701   0.01231
    51/199     9.54G   0.05998    0.1004   0.01005    0.1704        16       640    0.2768    0.4047    0.2787   0.07017   0.05937   0.07517   0.01131
    52/199     9.54G    0.0594    0.1003  0.009838    0.1695        26       640    0.2701    0.4187    0.2821   0.07202   0.05968   0.07267   0.01061
    53/199     9.54G   0.05976   0.09993  0.009945    0.1696        42       640    0.2599    0.4305    0.3056   0.08119   0.05861   0.07047   0.01462
    54/199     9.54G   0.05965    0.1006   0.01008    0.1704        25       640    0.3265    0.3555    0.3153   0.08351   0.05728   0.07089   0.01247
    55/199     9.54G   0.05937    0.0995  0.009892    0.1688        18       640    0.2516    0.4014    0.2894   0.07862   0.05759   0.06954   0.01508
    56/199     9.54G    0.0594   0.09952  0.009932    0.1689        12       640    0.3038    0.4428    0.3109   0.08178   0.05727   0.07102   0.01021
    57/199     9.54G   0.05949    0.0995  0.009842    0.1688        20       640     0.307    0.3413    0.3112    0.0856   0.05703   0.06993   0.01301
    58/199     9.54G   0.05972    0.1006  0.009606    0.1699        21       640    0.2709    0.3924    0.2833    0.0732   0.05881   0.07177   0.01234
    59/199     9.54G   0.05952    0.1007  0.009642    0.1699        39       640    0.2993    0.4376     0.321   0.08486   0.05774   0.07006     0.012
    60/199     9.54G   0.05923     0.102  0.009612    0.1709        66       640    0.2641    0.4187    0.3065   0.08375   0.05729    0.0716   0.01215
    61/199     9.54G    0.0592   0.09982  0.009624    0.1686        23       640    0.2307    0.4178    0.2932   0.07981   0.05769   0.06978   0.01527
    62/199     9.54G    0.0593   0.09805   0.00956    0.1669        27       640    0.3057    0.4445    0.3318   0.09033   0.05743   0.06896   0.01029
    63/199     9.54G   0.05903   0.09977  0.009743    0.1685        35       640    0.2301    0.4155    0.2789   0.07583   0.05796   0.07042   0.01415
    64/199     9.54G   0.05903   0.09941   0.00987    0.1683        13       640    0.2925    0.3588    0.3178    0.0878   0.05761   0.06935    0.0129
    65/199     9.54G    0.0591   0.09878  0.009532    0.1674        18       640     0.304    0.3865    0.3195    0.0872    0.0573   0.07017   0.01172
    66/199     9.54G   0.05928   0.09932  0.009446     0.168        15       640    0.2939    0.4136    0.3207   0.08757   0.05688   0.07017    0.0121
    67/199     9.54G   0.05901    0.0991   0.00939    0.1675        12       640    0.2903    0.4138    0.3182   0.08647   0.05722   0.06979   0.01221
    68/199     9.54G   0.05911    0.1004  0.009301    0.1688        21       640    0.2842    0.3981    0.3197   0.08805   0.05696   0.07013   0.01379
    69/199     9.54G   0.05901    0.1007  0.009616    0.1693        21       640    0.2877    0.4104    0.3185   0.08791   0.05678   0.07014   0.01211
    70/199     9.54G   0.05892    0.0991    0.0095    0.1675        33       640    0.3159    0.3892    0.3222   0.08675   0.05696   0.07105   0.01159
    71/199     9.54G   0.05882   0.09913  0.009444    0.1674        21       640    0.3263    0.3852     0.309   0.08312   0.05725   0.07072    0.0126
    72/199     9.54G   0.05863    0.1002  0.009424    0.1683        21       640    0.3259    0.3671    0.3348   0.09131   0.05702   0.06978   0.01225
    73/199     9.54G   0.05872   0.09942  0.009183    0.1673        28       640    0.2838    0.4421    0.3292   0.09083    0.0571   0.06935   0.01154
    74/199     9.54G   0.05838   0.09976  0.009073    0.1672        32       640    0.3221    0.3592    0.3184   0.08707    0.0569   0.07037   0.01182
    75/199     9.54G   0.05868   0.09911  0.009369    0.1672        37       640    0.2765    0.4823    0.3301   0.09078   0.05651   0.07042   0.01145
    76/199     9.54G   0.05886   0.09943  0.009495    0.1678        30       640    0.2977    0.3751    0.3188   0.08738   0.05687    0.0705   0.01215
    77/199     9.54G   0.05877    0.1014  0.009311    0.1694        49       640    0.2812    0.4085    0.3251   0.09032   0.05641   0.07042   0.01261
    78/199     9.54G   0.05854     0.099  0.009433     0.167        13       640    0.2746    0.4208    0.3211   0.08951   0.05655   0.06988   0.01246
    79/199     9.54G   0.05865   0.09983  0.009335    0.1678        19       640    0.2923     0.412    0.3177   0.08833   0.05698   0.06966   0.01325
    80/199     9.54G    0.0586    0.1004  0.009279    0.1683        54       640    0.2918    0.4544    0.3206    0.0867   0.05683    0.0716   0.01076
    81/199     9.54G   0.05831   0.09878  0.009183    0.1663        30       640    0.2705    0.4605    0.3199   0.08777   0.05688   0.06966    0.0116
    82/199     9.54G   0.05826    0.1005  0.008946    0.1678        25       640    0.2938    0.4495    0.3359   0.09471   0.05679   0.06954   0.01209
    83/199     9.54G   0.05861   0.09989  0.009435    0.1679        33       640    0.3016    0.4448    0.3352   0.09305   0.05658   0.06982    0.0121
    84/199     9.54G   0.05854    0.1004  0.009102     0.168        29       640    0.2956    0.4387    0.3294   0.09138   0.05657    0.0696   0.01128
    85/199     9.54G   0.05834   0.09939  0.009008    0.1667        35       640     0.308    0.4447    0.3369   0.09324   0.05688   0.06912   0.01113
    86/199     9.77G   0.05823   0.09997  0.008973    0.1672        29       640    0.3233    0.4175    0.3408   0.09359   0.05661   0.06898   0.01164
    87/199     9.77G   0.05853   0.09996  0.009385    0.1679        23       640    0.3104    0.4169    0.3401   0.09505   0.05621    0.0691   0.01131
    88/199     9.77G    0.0582   0.09882  0.009113    0.1661        31       640    0.2841      0.39    0.3221   0.09004   0.05639   0.06955   0.01279
    89/199     9.77G   0.05826   0.09868  0.008991    0.1659        12       640    0.2837    0.4251    0.3305   0.09229   0.05664   0.06922   0.01253
    90/199     9.77G   0.05829       0.1  0.008963    0.1673        21       640    0.2781    0.4241    0.3188   0.08764   0.05652   0.07021   0.01216
    91/199     9.77G   0.05802   0.09934  0.008944    0.1663        36       640    0.3223    0.3965    0.3322    0.0925   0.05642   0.06967   0.01176
    92/199     9.77G   0.05824   0.09914  0.008942    0.1663        16       640    0.3346    0.3974    0.3392   0.09472   0.05615   0.06924   0.01137
    93/199     9.77G   0.05805   0.09893  0.008985     0.166        17       640    0.3102     0.441    0.3424   0.09583   0.05599    0.0694   0.01107
    94/199     9.77G    0.0577   0.09756  0.008817    0.1641         9       640    0.3225    0.4104    0.3427   0.09582   0.05611   0.06914   0.01166
    95/199     9.77G   0.05808   0.09954  0.009179    0.1668        33       640    0.2926    0.4438     0.337   0.09353   0.05604   0.06917   0.01172
    96/199     9.77G   0.05799   0.09987  0.008712    0.1666        39       640    0.3132     0.394    0.3306   0.09196   0.05603    0.0694   0.01256
    97/199     9.77G   0.05769   0.09877  0.008832    0.1653        19       640    0.2938    0.4405     0.334   0.09383   0.05617   0.06939   0.01226
    98/199     9.77G   0.05766    0.0994  0.008793    0.1659        22       640    0.2741    0.4669    0.3307   0.09219   0.05616   0.06985   0.01218
    99/199     9.77G   0.05764   0.09809  0.008497    0.1642         9       640    0.2877    0.4411    0.3361   0.09374   0.05608   0.06958   0.01227
   100/199     9.77G   0.05768   0.09958  0.008718     0.166        34       640    0.3118    0.4134    0.3367   0.09441   0.05605   0.06961   0.01195
   101/199     9.77G   0.05784    0.0986   0.00883    0.1653         9       640    0.2943    0.4501    0.3396   0.09503   0.05606   0.06936   0.01183
   102/199     9.77G   0.05778   0.09894  0.008792    0.1655        40       640    0.2996     0.447    0.3425   0.09552   0.05607   0.06908   0.01148
   103/199     9.77G   0.05777   0.09872  0.008717    0.1652        27       640    0.2896    0.4644    0.3405   0.09564   0.05599   0.06907   0.01154
   104/199     9.77G   0.05775   0.09893  0.008911    0.1656        10       640    0.3234    0.4151    0.3424   0.09568   0.05597   0.06898   0.01162
   105/199     9.77G   0.05779    0.1006  0.008597    0.1669        55       640      0.32    0.4402     0.349   0.09747   0.05589   0.06891    0.0112
   106/199     9.77G   0.05744   0.09864  0.008604    0.1647        14       640    0.2955     0.462    0.3442   0.09623    0.0559   0.06899   0.01147
   107/199     9.77G   0.05757   0.09761  0.008601    0.1638        29       640    0.3179    0.4189    0.3422   0.09642   0.05602   0.06894   0.01183
   108/199     9.77G    0.0575    0.1001  0.008515    0.1661        52       640    0.3079    0.4358    0.3438   0.09659   0.05612   0.06891    0.0118
   109/199     9.77G   0.05749   0.09836  0.008551    0.1644        13       640    0.2994     0.457    0.3424   0.09623   0.05605   0.06897   0.01166
   110/199     9.77G   0.05759   0.09917   0.00861    0.1654        25       640    0.2891    0.4701    0.3419   0.09583    0.0561   0.06901   0.01188
   111/199     9.77G   0.05742   0.09853  0.008678    0.1646        42       640    0.2896     0.454    0.3389   0.09548    0.0561   0.06902   0.01216
   112/199     9.77G   0.05731   0.09795  0.008567    0.1638        31       640    0.2834    0.4731    0.3424   0.09629   0.05609     0.069   0.01181
   113/199     9.77G   0.05732   0.09796  0.008276    0.1636         9       640    0.2905    0.4532    0.3394   0.09552   0.05609     0.069    0.0119
   114/199     9.77G   0.05755    0.0988   0.00857    0.1649        18       640    0.2934    0.4535     0.341   0.09595   0.05601   0.06903   0.01175
   115/199     9.77G   0.05724   0.09939  0.008543    0.1652        27       640    0.2951    0.4571    0.3455   0.09732   0.05601   0.06898   0.01169
   116/199     9.77G   0.05687   0.09876  0.008372     0.164        28       640    0.2901    0.4642    0.3451   0.09765   0.05606   0.06889   0.01186
   117/199     9.77G   0.05688   0.09816  0.008162    0.1632        31       640     0.287    0.4717    0.3442   0.09702   0.05598     0.069   0.01167
   118/199     9.77G   0.05721   0.09934  0.008384    0.1649        27       640    0.2819    0.4773    0.3429    0.0964     0.056   0.06895   0.01182
   119/199     9.77G   0.05682   0.09778  0.008259    0.1629        17       640    0.2889    0.4706    0.3427   0.09635   0.05597   0.06892   0.01159
   120/199     9.77G   0.05711   0.09887  0.008469    0.1645        27       640    0.2969    0.4678    0.3463   0.09732   0.05586   0.06894   0.01145
   121/199     9.77G    0.0571   0.09728  0.008361    0.1627        19       640    0.2933    0.4711    0.3445   0.09697   0.05583   0.06894   0.01154
   122/199     9.77G   0.05717   0.09898  0.008634    0.1648        20       640    0.2882    0.4698    0.3418   0.09623   0.05584   0.06899   0.01171
   123/199     9.77G   0.05711   0.09934  0.008528     0.165        23       640    0.3001    0.4555    0.3423   0.09639   0.05579     0.069   0.01168
   124/199     9.77G   0.05702   0.09843  0.008392    0.1638        30       640    0.2986    0.4586    0.3429   0.09681   0.05575    0.0689    0.0117
   125/199     9.77G   0.05675   0.09801  0.008359    0.1631        13       640    0.3018    0.4584    0.3446   0.09731   0.05573   0.06887   0.01171
   126/199     9.77G   0.05677   0.09851  0.008278    0.1636        41       640    0.3009      0.46    0.3462   0.09775   0.05571    0.0689   0.01165
   127/199     9.77G   0.05684    0.0988  0.008178    0.1638        10       640    0.2983    0.4607    0.3455   0.09766   0.05569   0.06887   0.01166
   128/199     9.77G   0.05672   0.09811  0.008229    0.1631        39       640    0.2951    0.4709    0.3463   0.09801   0.05564   0.06888   0.01155
   129/199     9.77G   0.05689   0.09822  0.008188    0.1633        37       640    0.2918    0.4722    0.3451   0.09786   0.05564    0.0689   0.01163
   130/199     9.77G   0.05652   0.09739  0.008169    0.1621        38       640    0.3019    0.4542    0.3457   0.09814   0.05564   0.06888   0.01162
   131/199     9.77G   0.05651   0.09853  0.008144    0.1632        44       640    0.2961    0.4589    0.3447   0.09783   0.05564    0.0689   0.01172
   132/199     9.77G   0.05637    0.0964  0.008057    0.1608        21       640    0.2937    0.4634    0.3441   0.09768   0.05561   0.06882   0.01172
   133/199     9.77G   0.05647   0.09752  0.008039     0.162        24       640    0.2907     0.467    0.3442   0.09762   0.05559    0.0688   0.01178
   134/199     9.77G   0.05659   0.09817  0.007995    0.1628        40       640    0.2937    0.4639    0.3439   0.09749    0.0556   0.06879   0.01174
   135/199     9.77G   0.05647   0.09823  0.007999    0.1627        20       640    0.3072    0.4468    0.3453   0.09762   0.05558   0.06879   0.01168
   136/199     9.77G   0.05641   0.09782  0.008057    0.1623        20       640    0.2961    0.4654    0.3458   0.09798   0.05554   0.06875   0.01159
   137/199     9.77G   0.05639   0.09849  0.007975    0.1629        25       640    0.2973    0.4654    0.3467   0.09808   0.05555   0.06874   0.01162
   138/199     9.77G   0.05618   0.09728  0.007992    0.1614        13       640    0.2981    0.4649    0.3474   0.09833   0.05552   0.06878   0.01157
   139/199     9.77G   0.05627   0.09674  0.007996     0.161        18       640     0.297     0.468    0.3472   0.09822    0.0555   0.06875   0.01148
   140/199     9.77G   0.05634   0.09721  0.007912    0.1615        26       640    0.2984    0.4647     0.347   0.09833   0.05548   0.06875   0.01151
   141/199     9.77G   0.05621   0.09816    0.0079    0.1623        21       640    0.3003    0.4609    0.3471   0.09825   0.05548   0.06877   0.01152
   142/199     9.77G   0.05639   0.09849   0.00819    0.1631        27       640    0.3028     0.461    0.3474    0.0983   0.05547   0.06876   0.01145
   143/199     9.77G   0.05625    0.0976  0.007928    0.1618        21       640    0.2979    0.4679    0.3472   0.09835   0.05544   0.06876   0.01143
   144/199     9.77G    0.0561   0.09777   0.00794    0.1618        30       640    0.2985    0.4677    0.3477   0.09838   0.05543   0.06874   0.01138
   145/199     9.77G   0.05612   0.09832  0.007807    0.1622        16       640    0.2975    0.4717    0.3479   0.09849   0.05541   0.06872   0.01136
   146/199     9.77G   0.05595   0.09822  0.007809     0.162        15       640    0.2977    0.4701    0.3472    0.0984    0.0554   0.06873    0.0114
   147/199     9.77G   0.05582   0.09692  0.007793    0.1605        25       640     0.301    0.4674     0.348   0.09824   0.05537   0.06874   0.01137
   148/199     9.77G   0.05621   0.09841  0.007863    0.1625        35       640    0.3016    0.4649    0.3476   0.09819   0.05536   0.06874   0.01137
   149/199     9.77G    0.0558   0.09888  0.007834    0.1625        16       640    0.2999    0.4698    0.3482   0.09836   0.05535   0.06875   0.01139
   150/199     9.77G   0.05596    0.0974  0.007787    0.1611        24       640    0.3014    0.4646     0.348    0.0983   0.05533   0.06875   0.01143
   151/199     9.77G   0.05609    0.0987  0.007829    0.1626        31       640    0.3035    0.4636    0.3486   0.09852   0.05532   0.06874   0.01137
   152/199     9.77G   0.05579   0.09868  0.007806    0.1623        34       640     0.305    0.4603    0.3482   0.09874    0.0553   0.06874   0.01137
   153/199     9.77G   0.05589   0.09739  0.007532    0.1608        25       640    0.3053    0.4632    0.3492    0.0986   0.05529   0.06875   0.01135
   154/199     9.77G   0.05593   0.09755  0.007844    0.1613        40       640    0.3062    0.4626      0.35   0.09888   0.05528   0.06875   0.01133
   155/199     9.77G   0.05551   0.09737  0.007605    0.1605        24       640    0.3071    0.4597    0.3495   0.09885   0.05528   0.06874   0.01135
   156/199     9.77G   0.05554   0.09757  0.007607    0.1607        15       640    0.3081    0.4591    0.3498   0.09898   0.05527   0.06872   0.01134
   157/199     9.77G   0.05569   0.09785  0.007853    0.1614        20       640    0.3082    0.4608    0.3503   0.09907   0.05528   0.06871   0.01136
   158/199     9.77G   0.05595   0.09922  0.007658    0.1628        45       640    0.3084    0.4603    0.3507    0.0991   0.05526   0.06872   0.01134
   159/199     9.77G   0.05586   0.09761  0.007697    0.1612        30       640    0.3101    0.4598    0.3506   0.09925   0.05526   0.06871   0.01133
   160/199     9.77G   0.05555    0.0963  0.007337    0.1592        14       640    0.3108    0.4597    0.3512   0.09916   0.05525   0.06871   0.01131
   161/199     9.77G   0.05578   0.09749  0.007704     0.161        21       640    0.3098    0.4605    0.3511   0.09925   0.05524    0.0687   0.01135
   162/199     9.77G   0.05568   0.09782  0.007434    0.1609        39       640      0.31      0.46    0.3507   0.09906   0.05524   0.06868   0.01132
   163/199     9.77G   0.05564   0.09814  0.007635    0.1614        42       640     0.308    0.4621    0.3513   0.09922   0.05523   0.06868   0.01132
   164/199     9.77G   0.05536   0.09821  0.007328    0.1609        19       640    0.3073    0.4645    0.3519   0.09926   0.05523   0.06867   0.01133
   165/199     9.77G    0.0552   0.09689  0.007403    0.1595        24       640    0.3113    0.4602     0.352   0.09926   0.05521   0.06866    0.0113
   166/199     9.77G   0.05538   0.09886  0.007511    0.1618        51       640    0.3107    0.4609    0.3525   0.09943   0.05519   0.06865   0.01126
   167/199     9.77G   0.05541   0.09848  0.007508    0.1614        59       640    0.3106    0.4632    0.3526   0.09944   0.05519   0.06864   0.01124
   168/199     9.77G   0.05523   0.09712  0.007485    0.1598        18       640    0.3114    0.4624    0.3527   0.09933   0.05517   0.06864    0.0112
   169/199     9.77G   0.05529   0.09776  0.007321    0.1604        25       640    0.3118     0.462    0.3529   0.09938   0.05517   0.06866   0.01121
   170/199     9.77G   0.05539   0.09655  0.007632    0.1596        12       640    0.3142    0.4601    0.3533   0.09946   0.05515   0.06865    0.0112
   171/199     9.77G   0.05499   0.09545   0.00741    0.1578         8       640    0.3115    0.4647    0.3532   0.09951   0.05514   0.06866   0.01116
   172/199     9.77G   0.05512   0.09754  0.007229    0.1599        24       640    0.3116    0.4653    0.3535   0.09963   0.05513   0.06865   0.01112
   173/199     9.77G   0.05557   0.09874  0.007477    0.1618        52       640     0.331    0.4401    0.3532   0.09948   0.05512   0.06864    0.0111
   174/199     9.77G   0.05523   0.09802   0.00731    0.1606        24       640    0.3125    0.4656    0.3535   0.09958    0.0551   0.06864    0.0111
   175/199     9.77G   0.05531   0.09828  0.007399     0.161        37       640    0.3113    0.4674    0.3537   0.09974    0.0551   0.06864   0.01109
   176/199     9.77G   0.05515   0.09563  0.007388    0.1582        17       640    0.3102    0.4672    0.3534   0.09976   0.05509   0.06863   0.01108
   177/199     9.77G   0.05525   0.09643  0.007555    0.1592        20       640    0.3164    0.4582    0.3538   0.09977   0.05509   0.06863   0.01107
   178/199     9.77G   0.05496   0.09522  0.007292    0.1575         7       640    0.3175    0.4564    0.3534   0.09978   0.05508   0.06862   0.01104
   179/199     9.77G   0.05503   0.09665  0.007243    0.1589        42       640    0.3183    0.4565    0.3535   0.09981   0.05507   0.06861   0.01104
   180/199     9.77G   0.05493   0.09641  0.007355    0.1587        14       640    0.3171    0.4584    0.3535    0.0997   0.05506   0.06861   0.01104
   181/199     9.77G   0.05484   0.09616  0.007184    0.1582        14       640    0.3173    0.4597    0.3537   0.09985   0.05505   0.06861   0.01102
   182/199     9.77G    0.0549   0.09669  0.007364     0.159        10       640    0.3173    0.4594     0.354   0.09988   0.05505   0.06861     0.011
   183/199     9.77G   0.05497   0.09774  0.007225    0.1599        17       640    0.3147    0.4611     0.353    0.0997   0.05505   0.06861   0.01102
   184/199     9.77G   0.05482   0.09707  0.007101     0.159        19       640    0.3197    0.4546    0.3527   0.09959   0.05505    0.0686   0.01101
   185/199     9.77G   0.05513   0.09616  0.007445    0.1587        12       640    0.3149    0.4612    0.3528   0.09963   0.05504    0.0686   0.01101
   186/199     9.77G   0.05495   0.09833  0.007245    0.1605        42       640    0.3142    0.4624    0.3532   0.09978   0.05503    0.0686   0.01101
   187/199     9.77G   0.05498   0.09645  0.007283    0.1587        31       640    0.3185     0.458    0.3539   0.09987   0.05503   0.06859   0.01098
   188/199     9.77G    0.0549   0.09838  0.007177    0.1605        42       640    0.3226    0.4531    0.3539    0.0999   0.05502   0.06858   0.01095
   189/199     9.77G   0.05479   0.09616  0.007421    0.1584        36       640    0.3226    0.4539    0.3545       0.1   0.05502   0.06858   0.01091
   190/199     9.77G   0.05479   0.09792  0.007113    0.1598        24       640    0.3238    0.4563    0.3549   0.09989   0.05501   0.06858   0.01088
   191/199     9.77G   0.05489   0.09829  0.007259    0.1604        32       640    0.3264    0.4542    0.3551    0.1003     0.055   0.06858   0.01084
   192/199     9.77G   0.05462   0.09592   0.00715    0.1577        15       640    0.3259    0.4528    0.3542   0.09971     0.055   0.06858   0.01084
   193/199     9.77G   0.05499   0.09766  0.007227    0.1599        30       640    0.3195    0.4629     0.354   0.09956     0.055   0.06858   0.01083
   194/199     9.77G   0.05471   0.09684  0.007036    0.1586        26       640    0.3252    0.4566    0.3542   0.09949   0.05498   0.06857   0.01081
   195/199     9.77G   0.05473   0.09702  0.007173    0.1589        20       640    0.3279    0.4547    0.3546   0.09971   0.05497   0.06857   0.01079
   196/199     9.77G    0.0547   0.09609  0.007088    0.1579        12       640    0.3279    0.4558    0.3549    0.0998   0.05497   0.06857    0.0108
   197/199     9.77G   0.05487   0.09732  0.007185    0.1594        33       640    0.3257    0.4565    0.3544   0.09968   0.05496   0.06856    0.0108
   198/199     9.77G   0.05488   0.09663  0.007234    0.1587        11       640    0.3298    0.4512    0.3541   0.09962   0.05496   0.06856   0.01079
   199/199     9.77G   0.05489   0.09692  0.007129    0.1589        20       640    0.3255    0.4567    0.3545   0.09953   0.05496   0.06856   0.01077
