     0/199     8.97G   0.09588     0.105   0.04004    0.2409       367       640 0.0004638   0.05066 0.0001004 1.398e-05   0.08684   0.07437   0.03736
     1/199       21G   0.09195    0.1085   0.03663    0.2371       350       640 0.0003787   0.04137 7.401e-05 9.498e-06   0.08613   0.07498   0.03686
     2/199     20.8G   0.08988    0.1084   0.03489    0.2332       352       640    0.5114   0.01258  0.001053 0.0001683    0.0854   0.07362   0.03633
     3/199     20.8G   0.08479    0.1087   0.02952     0.223       370       640    0.5191   0.05025  0.009712  0.001687   0.07861   0.07757   0.03063
     4/199     20.8G   0.07878    0.1086   0.02643    0.2138       305       640   0.00124  0.003475 0.0003425 7.639e-05    0.1067   0.06286   0.04291
     5/199     20.8G   0.07182    0.1043   0.01928    0.1954       358       640    0.1962    0.1966    0.1117   0.02598   0.06999   0.08111   0.02201
     6/199     20.8G   0.06787    0.1019   0.01458    0.1844       422       640    0.6586    0.1661    0.1634   0.04055   0.06527   0.07715   0.02026
     7/199     20.8G   0.06544     0.102   0.01251    0.1799       401       640   0.06095    0.2378   0.03886  0.009049   0.07758   0.09415   0.06754
     8/199     20.8G   0.06333   0.09985   0.01144    0.1746       382       640    0.4181    0.1864    0.1277   0.03123   0.06635     0.078   0.03195
     9/199     20.8G   0.06202       0.1   0.01043    0.1725       401       640    0.2482    0.3328    0.2142    0.0517   0.06276   0.07265   0.01407
    10/199     20.8G   0.06102   0.09874   0.01018    0.1699       380       640    0.4441     0.161    0.1437   0.03696   0.06545   0.08212   0.02258
    11/199     20.8G    0.0599   0.09948   0.00934    0.1687       393       640    0.2349    0.3405    0.2263   0.05875   0.06198   0.07532   0.01579
    12/199     20.8G   0.05931   0.09959  0.009389    0.1683       387       640    0.3959    0.1295    0.0903   0.02176   0.07048   0.07844   0.02935
    13/199     20.8G   0.05849   0.09939  0.008779    0.1667       438       640    0.2897    0.3604    0.2887     0.075   0.05847   0.07243   0.01601
    14/199     20.8G   0.05742   0.09787  0.008405    0.1637       355       640    0.3326    0.3893    0.2893   0.08033   0.05844   0.07287   0.01583
    15/199     20.8G   0.05665   0.09709  0.008205     0.162       388       640    0.2556    0.3074    0.2229   0.06238   0.06071   0.07915   0.01911
    16/199     20.8G   0.05618   0.09686  0.007895    0.1609       350       640    0.3504    0.4415    0.3336   0.08983   0.05663   0.07045    0.0107
    17/199     20.8G   0.05576   0.09613  0.007735    0.1596       345       640    0.3663    0.3637    0.2824   0.08115   0.05792   0.07254    0.0163
    18/199     20.8G   0.05514   0.09556  0.007419    0.1581       292       640    0.3968     0.442    0.3488   0.09963   0.05715    0.0696   0.01028
    19/199     20.8G   0.05484   0.09627  0.007162    0.1583       392       640    0.3443    0.3518    0.2693   0.07266   0.06017   0.07333    0.0118
    20/199     20.8G   0.05438    0.0965   0.00697    0.1578       383       640    0.3504    0.4247    0.3372   0.09846   0.05587    0.0719   0.01334
    21/199     20.8G   0.05442   0.09662   0.00699     0.158       376       640    0.3724    0.4214     0.343   0.09638    0.0559   0.07106   0.01169
    22/199     20.8G    0.0541   0.09579  0.006756    0.1566       300       640    0.4143     0.422    0.3503   0.09899    0.0553   0.06957   0.01161
    23/199     20.8G   0.05392   0.09579  0.006651    0.1564       457       640     0.411    0.4095    0.3352   0.09318    0.0568   0.06876   0.01285
    24/199     20.8G   0.05364   0.09659  0.006622    0.1569       357       640    0.3678    0.4231    0.3445   0.09671   0.05567   0.07034   0.01059
    25/199     20.8G   0.05333   0.09538  0.006412    0.1551       354       640    0.3906     0.432    0.3464   0.09784     0.056   0.07155   0.01171
    26/199     20.8G   0.05324   0.09545  0.006299     0.155       327       640    0.4008    0.4658    0.3828    0.1113   0.05546    0.0708   0.01019
    27/199     20.8G   0.05291   0.09462  0.006135    0.1537       337       640    0.3706     0.452     0.338   0.09576   0.05588   0.07132   0.01353
    28/199     20.8G    0.0528   0.09432  0.006175    0.1533       394       640    0.3572    0.4022    0.3149   0.09209   0.05538   0.07056   0.01689
    29/199     20.8G   0.05259   0.09505  0.006023    0.1537       364       640    0.3924    0.4075    0.3393   0.09641   0.05632   0.07372    0.0123
    30/199     20.8G   0.05256   0.09446  0.005895    0.1529       320       640    0.4046     0.453    0.3606    0.1024   0.05517    0.0714   0.01038
    31/199     20.8G   0.05228   0.09443  0.005994    0.1527       387       640     0.401    0.4342    0.3635    0.1089   0.05404   0.06972   0.01309
    32/199     20.8G   0.05227   0.09534  0.005784    0.1534       348       640    0.4131    0.4649    0.3887    0.1133   0.05466   0.07098  0.009983
    33/199     20.8G   0.05197   0.09508  0.005768    0.1528       374       640     0.407     0.426    0.3677    0.1077   0.05468   0.06885  0.009938
    34/199     20.8G   0.05193   0.09343  0.005775    0.1511       408       640     0.387    0.4399    0.3577    0.1028   0.05522   0.07153   0.01141
    35/199     20.8G   0.05165   0.09361  0.005518    0.1508       321       640    0.4071    0.4458    0.3705    0.1064    0.0548   0.07064  0.009313
    36/199     20.8G   0.05156   0.09364  0.005535    0.1507       456       640    0.3851    0.4791    0.3809    0.1096   0.05469   0.07071  0.009438
    37/199     20.8G   0.05154   0.09454  0.005544    0.1516       431       640    0.3961    0.4263    0.3638    0.1056   0.05483   0.07167   0.01172
    38/199     20.8G   0.05138   0.09354  0.005376    0.1503       380       640    0.4369    0.4227    0.3762    0.1087   0.05542   0.07106  0.009755
    39/199     20.8G   0.05125   0.09367  0.005405    0.1503       416       640     0.428    0.4259    0.3737    0.1066   0.05557   0.07225    0.0105
    40/199     20.8G   0.05135   0.09297  0.005355    0.1497       302       640    0.4144    0.4143    0.3595    0.1031     0.056   0.07058  0.009898
    41/199     20.8G   0.05095   0.09262  0.005232    0.1488       397       640    0.4099    0.4628    0.3754      0.11   0.05441   0.07099   0.01153
    42/199     20.8G   0.05093   0.09396  0.005218    0.1501       419       640     0.371    0.4495     0.353    0.1036   0.05517     0.071   0.01325
    43/199     20.8G   0.05079    0.0923    0.0052    0.1483       390       640    0.4157    0.4767    0.3875    0.1137   0.05476   0.07005   0.00953
    44/199     20.8G    0.0505   0.09316  0.005026    0.1487       305       640    0.4015     0.465    0.3746    0.1062   0.05555    0.0705  0.009734
    45/199     20.8G   0.05051   0.09157  0.004939     0.147       317       640    0.4119    0.4604    0.3852    0.1141   0.05436   0.07079   0.01021
    46/199     20.8G   0.05053   0.09236  0.004951    0.1478       296       640    0.3883      0.43    0.3584    0.1058    0.0549   0.07186   0.01123
    47/199     20.8G   0.05042   0.09257  0.005028     0.148       416       640    0.4578    0.4439    0.3946    0.1159    0.0552   0.07056  0.009641
    48/199     20.8G   0.05022   0.09104  0.004897    0.1462       340       640    0.3881    0.4901    0.3921    0.1143   0.05446   0.07118  0.009351
    49/199     20.8G   0.05003   0.09146  0.004812    0.1463       374       640    0.3933    0.4727    0.3763    0.1087   0.05512   0.07272  0.009444
    50/199     20.8G   0.04978   0.09099  0.004848    0.1456       310       640    0.4181    0.4377     0.368    0.1053   0.05562   0.07277  0.009449
    51/199     20.8G   0.04992   0.09167  0.004865    0.1465       444       640    0.4034    0.4533    0.3707    0.1078    0.0545   0.07028  0.009135
    52/199     20.8G   0.04964   0.09229  0.004587    0.1465       373       640    0.3841    0.4609    0.3713    0.1075   0.05487   0.07081   0.01085
    53/199     20.8G   0.04958    0.0903  0.004696    0.1446       342       640    0.4299    0.4394    0.3811    0.1115   0.05432   0.07186   0.00966
    54/199     20.8G    0.0494   0.09043  0.004569    0.1444       363       640    0.4083    0.4517    0.3764    0.1098   0.05452    0.0725   0.01025
    55/199     20.8G   0.04944   0.08972  0.004653    0.1438       313       640      0.39    0.4579    0.3652    0.1053   0.05542   0.07104   0.01062
    56/199     20.8G   0.04916   0.09058  0.004474    0.1442       319       640    0.4322    0.4565    0.3836    0.1125   0.05455   0.07099  0.008481
    57/199     20.8G   0.04917   0.09003  0.004485    0.1437       329       640     0.437    0.4349    0.3748      0.11   0.05454   0.07162  0.009854
    58/199     20.8G   0.04899   0.08905  0.004489    0.1425       349       640    0.4253    0.4454    0.3768    0.1088   0.05488   0.07199  0.009017
    59/199     20.8G   0.04898   0.09061  0.004367     0.144       353       640    0.4173    0.4605    0.3817    0.1118    0.0549   0.07198  0.009961
    60/199     20.8G   0.04897      0.09  0.004249    0.1432       375       640    0.4171    0.4462    0.3681    0.1061   0.05531   0.07242   0.01015
    61/199     20.8G   0.04881   0.09011  0.004461    0.1434       346       640    0.4466    0.4428    0.3855     0.112     0.055   0.07333  0.009556
    62/199     20.8G   0.04865   0.08935  0.004297    0.1423       381       640    0.4356    0.4548    0.3847    0.1115   0.05499   0.07362  0.008927
    63/199     20.8G   0.04864    0.0894  0.004205    0.1422       455       640    0.4414    0.4508    0.3831    0.1111   0.05553   0.07365  0.009134
    64/199     20.8G   0.04813   0.08905  0.004099    0.1413       437       640    0.4013    0.4439    0.3634    0.1066   0.05524   0.07326  0.009126
    65/199     20.8G   0.04819   0.08836  0.003979    0.1405       369       640    0.4389    0.4525    0.3872     0.114   0.05508   0.07301   0.01005
    66/199     20.8G    0.0481   0.08876  0.004051    0.1409       299       640    0.4352    0.4689    0.3969    0.1162   0.05466   0.07166  0.008554
    67/199     20.8G   0.04803   0.08948  0.004085    0.1416       390       640    0.4448    0.4375    0.3841     0.114   0.05427   0.07248  0.009738
    68/199     20.8G   0.04787   0.08864  0.003932    0.1404       373       640    0.4286     0.456    0.3877    0.1131   0.05536    0.0724  0.009239
    69/199     20.8G   0.04786   0.08792  0.004036    0.1398       438       640    0.4254    0.4346    0.3733    0.1089   0.05518   0.07363   0.01026
    70/199     20.8G   0.04778   0.08782  0.003949    0.1396       343       640    0.3904    0.4679    0.3682    0.1071   0.05546   0.07442  0.009307
    71/199     20.8G    0.0477   0.08804  0.003943    0.1397       320       640    0.4122    0.4571    0.3772    0.1104   0.05482   0.07293  0.009685
    72/199     20.8G   0.04745   0.08682  0.003915    0.1382       301       640    0.4326    0.4558    0.3814    0.1102   0.05518   0.07297   0.00969
    73/199     20.8G   0.04729   0.08684  0.003866     0.138       310       640    0.4039    0.4533    0.3597    0.1052   0.05598   0.07312  0.009817
    74/199     20.8G   0.04737   0.08744  0.003894    0.1387       369       640    0.4192     0.444    0.3689     0.106   0.05556   0.07473   0.01106
    75/199     20.8G   0.04718   0.08668  0.003702    0.1376       342       640     0.426    0.4667    0.3836    0.1132   0.05531   0.07498  0.009973
    76/199     20.8G   0.04702   0.08717  0.003679    0.1379       371       640    0.4233    0.4499    0.3664    0.1071   0.05598   0.07596   0.01087
    77/199     20.8G   0.04694   0.08784  0.003703    0.1385       410       640    0.4603    0.4386    0.3815    0.1122   0.05514   0.07299  0.009741
    78/199     20.8G   0.04693   0.08699  0.003681    0.1376       436       640    0.4263    0.4267    0.3575    0.1044   0.05619   0.07544    0.0103
    79/199     20.8G   0.04674   0.08716  0.003618    0.1375       349       640    0.4352    0.4454    0.3698    0.1093    0.0553   0.07467    0.0103
    80/199     20.8G   0.04659   0.08477  0.003589    0.1349       421       640    0.4084    0.4515    0.3647    0.1077   0.05611   0.07541   0.01062
    81/199     20.8G    0.0463    0.0849  0.003516    0.1347       432       640    0.4238    0.4464     0.373    0.1093   0.05508   0.07427   0.01085
    82/199     20.8G   0.04632   0.08607  0.003503    0.1359       357       640    0.4291    0.4312    0.3586    0.1033   0.05571   0.07607   0.00976
    83/199     20.8G   0.04614    0.0856  0.003419    0.1352       341       640    0.4147    0.4452    0.3512     0.101    0.0559   0.07549  0.009727
    84/199     20.8G    0.0461   0.08456  0.003481    0.1341       342       640    0.4182    0.4269    0.3492    0.1017   0.05582   0.07487   0.01117
    85/199     20.8G   0.04613   0.08519  0.003424    0.1347       324       640    0.4382    0.4254    0.3642    0.1067   0.05556   0.07515  0.009628
    86/199     20.8G   0.04574   0.08495  0.003308     0.134       372       640    0.4304    0.4457    0.3639    0.1074   0.05574   0.07528   0.01002
    87/199     20.8G   0.04572   0.08469  0.003402    0.1338       421       640    0.4122    0.4326     0.347    0.1008   0.05597   0.07655   0.01044
    88/199     20.8G   0.04552   0.08431  0.003243    0.1331       314       640    0.4096    0.4477    0.3545    0.1025   0.05623   0.07684   0.01044
    89/199     20.8G   0.04544   0.08345  0.003245    0.1321       291       640    0.4375    0.4455    0.3704    0.1072   0.05576   0.07616  0.009698
    90/199     20.8G   0.04532   0.08356  0.003255    0.1321       322       640    0.4329    0.4381    0.3691    0.1075   0.05591   0.07678   0.01044
    91/199     20.8G    0.0451   0.08274  0.003126     0.131       262       640     0.435    0.4148    0.3564    0.1038   0.05589   0.07701    0.0112
    92/199     20.8G   0.04508   0.08321  0.003153    0.1314       426       640    0.4074    0.4453      0.35    0.1015   0.05652   0.07695  0.009796
    93/199     20.8G   0.04505   0.08329   0.00314    0.1315       375       640    0.4179    0.4243    0.3481    0.1015   0.05597   0.07756   0.01005
    94/199     20.8G   0.04485   0.08232  0.003099    0.1303       357       640    0.4163    0.4208    0.3422   0.09916   0.05639    0.0784   0.01114
    95/199     20.8G   0.04474   0.08215  0.003101      0.13       340       640    0.3986    0.4295    0.3372   0.09797   0.05615   0.07764   0.01156
    96/199     20.8G   0.04446   0.08154  0.003121    0.1291       332       640    0.3995    0.4461    0.3462   0.09929   0.05627   0.07738   0.01122
    97/199     20.8G   0.04449   0.08289  0.002979    0.1304       434       640     0.418    0.4147    0.3397   0.09912   0.05649   0.07764    0.0113
    98/199     20.8G   0.04429   0.08212  0.003052    0.1295       301       640     0.407    0.4261    0.3442    0.1003   0.05689   0.07752   0.01168
    99/199     20.8G    0.0443   0.08148  0.003027    0.1288       391       640    0.3793    0.4553     0.345    0.1003   0.05665   0.07717   0.01148
   100/199     20.8G   0.04404   0.08155  0.002994    0.1286       392       640    0.4008    0.4266    0.3366   0.09688   0.05692   0.07872   0.01171
   101/199     20.8G   0.04386   0.08077  0.002955    0.1276       379       640    0.4058      0.43    0.3417    0.0996   0.05686   0.07866   0.01149
   102/199     20.8G   0.04385   0.08112  0.002938    0.1279       371       640    0.4157     0.446    0.3542    0.1031   0.05645   0.07855   0.01078
   103/199     20.8G   0.04366   0.08056  0.002856    0.1271       323       640    0.4122    0.4388    0.3492   0.09969   0.05639    0.0786   0.01145
   104/199     20.8G    0.0436    0.0799  0.002817    0.1263       356       640    0.4241    0.4237    0.3451   0.09968   0.05653   0.07941   0.01153
   105/199     20.8G   0.04347   0.07992   0.00277    0.1262       398       640    0.4045    0.4325    0.3376   0.09783   0.05663   0.08028   0.01165
   106/199     20.8G    0.0433   0.08005   0.00279    0.1261       329       640    0.4138    0.4301    0.3421   0.09872    0.0568   0.07941   0.01146
   107/199     20.8G   0.04319   0.08018  0.002767    0.1261       307       640    0.4186    0.4293    0.3457       0.1   0.05694   0.07929   0.01142
   108/199     20.8G     0.043   0.07864  0.002726    0.1244       344       640     0.403    0.4412    0.3395   0.09776   0.05706   0.08038   0.01114
   109/199     20.8G   0.04295   0.07968    0.0026    0.1252       359       640    0.4256    0.4241    0.3459    0.1005   0.05679   0.08013   0.01136
   110/199     20.8G   0.04279   0.07867  0.002602    0.1241       286       640    0.4179    0.4195     0.339   0.09822   0.05703   0.08035   0.01162
   111/199     20.8G   0.04263   0.07968   0.00266     0.125       351       640    0.4241    0.4227    0.3411    0.0979   0.05703   0.08039   0.01107
   112/199     20.8G   0.04246   0.07846  0.002632    0.1235       397       640    0.4182     0.416    0.3336   0.09568   0.05728   0.08061   0.01166
   113/199     20.8G   0.04242   0.07856  0.002589    0.1236       360       640    0.4318    0.4164    0.3418   0.09864   0.05698   0.08105   0.01114
   114/199     20.8G   0.04223   0.07823   0.00252     0.123       313       640    0.4458     0.406     0.344   0.09862   0.05709   0.08129   0.01076
   115/199     20.8G   0.04225   0.07749  0.002559    0.1223       393       640     0.426    0.4248    0.3423   0.09779   0.05706   0.08161   0.01075
   116/199     20.8G   0.04203   0.07781    0.0025    0.1223       381       640    0.4195     0.426    0.3364   0.09562   0.05705   0.08174   0.01158
   117/199     20.8G   0.04183   0.07673  0.002446     0.121       387       640    0.4167    0.4204    0.3302   0.09449   0.05731   0.08209   0.01153
   118/199     20.8G   0.04175   0.07637  0.002481    0.1206       317       640    0.4046    0.4136    0.3239   0.09253    0.0579   0.08259   0.01181
   119/199     20.8G   0.04162   0.07684  0.002488    0.1209       344       640    0.4124    0.4187    0.3312   0.09495   0.05766   0.08159   0.01117
   120/199     20.8G   0.04147   0.07706  0.002479     0.121       317       640    0.4307    0.4094    0.3354   0.09565   0.05766   0.08225   0.01137
   121/199     20.8G   0.04129   0.07625  0.002359    0.1199       354       640    0.4118    0.4221    0.3338   0.09553   0.05759   0.08261   0.01196
   122/199     20.8G    0.0412   0.07599  0.002385    0.1196       419       640    0.4254    0.4095    0.3361   0.09661   0.05767   0.08334   0.01207
   123/199     20.8G   0.04109   0.07563  0.002333    0.1191       304       640    0.4265    0.4096    0.3352   0.09574   0.05776   0.08339   0.01211
   124/199     20.8G   0.04088   0.07511  0.002245    0.1182       322       640    0.4201    0.4075    0.3296   0.09488   0.05777   0.08376   0.01233
   125/199     20.8G   0.04086   0.07579  0.002296    0.1189       235       640    0.4363    0.3946    0.3288   0.09369   0.05775   0.08398    0.0127
   126/199     20.8G   0.04055    0.0756   0.00225    0.1184       351       640    0.4227    0.4017    0.3263   0.09307   0.05798   0.08428    0.0128
   127/199     20.8G   0.04039   0.07429  0.002343     0.117       358       640    0.4178    0.4088    0.3281   0.09308   0.05798   0.08485   0.01283
   128/199     20.8G   0.04035   0.07435  0.002221    0.1169       347       640    0.4083    0.4212    0.3274   0.09203   0.05798   0.08479   0.01313
   129/199     20.8G   0.04015   0.07351  0.002223    0.1159       360       640    0.3998    0.4296    0.3247   0.09226   0.05786   0.08493   0.01279
   130/199     20.8G   0.04023   0.07413  0.002285    0.1166       342       640    0.4111    0.4163    0.3237   0.09128   0.05794   0.08491   0.01272
   131/199     20.8G   0.03991   0.07436  0.002113    0.1164       467       640     0.412    0.4135    0.3218   0.09083   0.05811   0.08508   0.01279
   132/199     20.8G    0.0398   0.07423  0.002083    0.1161       333       640    0.4074    0.4204    0.3233   0.09099   0.05823   0.08522   0.01295
   133/199     20.8G   0.03969   0.07341  0.002216    0.1153       319       640    0.4156    0.4139    0.3267    0.0922   0.05819    0.0854   0.01293
   134/199     20.8G   0.03948   0.07346  0.002064     0.115       330       640    0.4104    0.4135    0.3198   0.09052   0.05834   0.08595   0.01318
   135/199     20.8G   0.03927    0.0724  0.002124    0.1138       313       640    0.3956     0.431    0.3212   0.09073   0.05841   0.08618   0.01319
   136/199     20.8G   0.03912   0.07245   0.00204    0.1136       430       640    0.4099     0.411    0.3199   0.09005   0.05864   0.08613   0.01297
   137/199     20.8G   0.03917    0.0726  0.002016    0.1138       380       640    0.4013    0.4132    0.3165   0.08912   0.05885   0.08666    0.0129
   138/199     20.8G   0.03884   0.07181  0.002063    0.1127       383       640    0.3888    0.4239    0.3141   0.08846   0.05885   0.08693   0.01311
   139/199     20.8G   0.03884   0.07246   0.00205    0.1133       349       640    0.3894    0.4179    0.3113   0.08716   0.05879   0.08698   0.01326
   140/199     20.8G   0.03854   0.07195  0.002054    0.1125       368       640    0.4025    0.4058    0.3138   0.08773    0.0587    0.0872   0.01312
   141/199     20.8G   0.03859   0.07152  0.002019    0.1121       357       640    0.4116    0.3992    0.3132   0.08769   0.05868   0.08728   0.01301
   142/199     20.8G   0.03831   0.07172  0.001952     0.112       351       640    0.4018    0.4086     0.311   0.08678   0.05878   0.08746   0.01311
   143/199     20.8G   0.03813    0.0716  0.001874    0.1116       283       640    0.4129    0.3945    0.3108   0.08672   0.05878   0.08761   0.01322
   144/199     20.8G    0.0382   0.06992  0.001939    0.1101       378       640    0.3976     0.409    0.3112   0.08678   0.05878   0.08781   0.01314
   145/199     20.8G   0.03803   0.07102  0.001859    0.1109       373       640    0.4055    0.4001    0.3105   0.08719   0.05885   0.08822   0.01323
   146/199     20.8G   0.03794   0.07013  0.001964      0.11       372       640    0.3923    0.4163    0.3107   0.08707   0.05883   0.08855   0.01321
   147/199     20.8G   0.03767    0.0704  0.001928      0.11       424       640    0.4041    0.4035    0.3108   0.08702   0.05883   0.08868   0.01315
   148/199     20.8G   0.03758   0.06993  0.001875    0.1094       310       640    0.3901    0.4148    0.3104   0.08669   0.05892   0.08879   0.01313
   149/199     20.8G   0.03755   0.06984   0.00187    0.1093       320       640    0.3952    0.4084     0.308   0.08597   0.05904   0.08929    0.0133
   150/199     20.8G   0.03735   0.07014   0.00189    0.1094       379       640    0.3991    0.3987    0.3073   0.08593   0.05913   0.08935   0.01348
   151/199     20.8G   0.03713   0.06924   0.00183    0.1082       393       640    0.3907    0.4042    0.3062     0.086   0.05913   0.08969   0.01342
   152/199     20.8G   0.03702   0.06876  0.001818    0.1076       389       640    0.3929    0.4005     0.306   0.08575   0.05928   0.08976   0.01338
   153/199     20.8G   0.03695   0.06877  0.001776    0.1075       309       640    0.3904    0.4054    0.3074    0.0861   0.05926   0.08997   0.01326
   154/199     20.8G   0.03674   0.06836  0.001861     0.107       320       640    0.4014    0.3912    0.3069   0.08593   0.05925   0.09052   0.01335
   155/199     20.8G   0.03664   0.06898  0.001747    0.1074       420       640    0.3931     0.398    0.3071    0.0859   0.05925   0.09079   0.01338
   156/199     20.8G   0.03655   0.06815   0.00182    0.1065       312       640    0.4034    0.3899    0.3077   0.08558   0.05931   0.09119    0.0133
   157/199     20.8G   0.03643   0.06757   0.00174    0.1057       418       640    0.3938    0.3993    0.3082   0.08599    0.0593   0.09167    0.0133
   158/199     20.8G   0.03623   0.06785  0.001781    0.1059       350       640    0.3971     0.398    0.3092   0.08615   0.05926   0.09171   0.01339
   159/199     20.8G   0.03608   0.06766  0.001771    0.1055       353       640    0.3782    0.4145    0.3087   0.08609   0.05932   0.09179   0.01334
   160/199     20.8G   0.03612    0.0667  0.001708    0.1045       328       640     0.377    0.4203    0.3088   0.08591   0.05931   0.09204   0.01332
   161/199     20.8G    0.0358   0.06657  0.001649     0.104       377       640    0.3918    0.4082    0.3099     0.086   0.05934     0.092   0.01332
   162/199     20.8G    0.0358    0.0673  0.001694    0.1048       326       640    0.3872    0.4149    0.3098   0.08595   0.05939   0.09214   0.01319
   163/199     20.8G   0.03566   0.06724  0.001704    0.1046       398       640    0.3929    0.4097    0.3101   0.08642   0.05938   0.09231   0.01325
   164/199     20.8G   0.03544    0.0664  0.001667    0.1035       341       640    0.3961    0.4014    0.3088   0.08579   0.05946   0.09258   0.01333
   165/199     20.8G   0.03536   0.06643  0.001646    0.1034       326       640     0.389    0.4096    0.3077    0.0857    0.0595   0.09274   0.01338
   166/199     20.8G   0.03524   0.06681    0.0017    0.1037       409       640    0.3979    0.4018    0.3075   0.08545   0.05956   0.09307    0.0135
   167/199     20.8G   0.03508   0.06571  0.001632    0.1024       361       640    0.3955    0.4032    0.3075   0.08514   0.05962   0.09316   0.01345
   168/199     20.8G   0.03494   0.06523  0.001625    0.1018       318       640    0.3954    0.4051    0.3077   0.08472   0.05969   0.09342   0.01345
   169/199     20.8G    0.0348   0.06555   0.00161     0.102       375       640    0.4031    0.3944    0.3055   0.08427   0.05976   0.09373   0.01337
   170/199     20.8G    0.0348   0.06524  0.001657    0.1017       345       640    0.4071    0.3912    0.3045   0.08409   0.05983   0.09398    0.0134
   171/199     20.8G   0.03463    0.0652  0.001582    0.1014       346       640    0.4012    0.3983    0.3051   0.08427   0.05988   0.09427   0.01339
   172/199     20.8G   0.03447   0.06456  0.001591    0.1006       418       640    0.3947    0.4009    0.3037   0.08386   0.05993   0.09456   0.01343
   173/199     20.8G   0.03447   0.06488  0.001569    0.1009       424       640    0.3907    0.4003    0.3028   0.08349   0.05997   0.09478   0.01347
   174/199     20.8G   0.03427   0.06389  0.001535   0.09969       362       640    0.3958     0.395    0.3022   0.08352   0.06001   0.09496   0.01357
   175/199     20.8G   0.03421   0.06435   0.00153    0.1001       341       640    0.4008    0.3909    0.3014   0.08304   0.06005   0.09512   0.01354
   176/199     20.8G     0.034   0.06407   0.00153    0.0996       328       640    0.3975    0.3928    0.3012   0.08305   0.06007   0.09531   0.01352
   177/199     20.8G   0.03398   0.06371  0.001533   0.09923       350       640    0.3968    0.3944    0.3018   0.08311   0.06006   0.09553   0.01349
   178/199     20.8G   0.03383   0.06358  0.001576   0.09898       314       640    0.4056    0.3843    0.3013   0.08294   0.06008   0.09587    0.0135
   179/199     20.8G   0.03382   0.06415   0.00156   0.09953       407       640    0.3901    0.3963     0.301   0.08246   0.06013   0.09616   0.01357
   180/199     20.8G   0.03365   0.06352  0.001558   0.09873       452       640    0.3914    0.3925    0.2995   0.08203   0.06016   0.09641    0.0136
   181/199     20.8G   0.03351   0.06391  0.001504   0.09893       434       640    0.3965    0.3841    0.2981   0.08184   0.06018   0.09657   0.01366
   182/199     20.8G   0.03344   0.06367  0.001519   0.09863       366       640    0.3937    0.3885     0.298   0.08183   0.06016   0.09676   0.01368
   183/199     20.8G   0.03347   0.06332  0.001538   0.09832       303       640    0.3911    0.3897    0.2971   0.08143   0.06017    0.0968   0.01375
   184/199     20.8G   0.03313   0.06292  0.001452   0.09751       335       640    0.3888    0.3909    0.2972   0.08203   0.06016   0.09697   0.01377
   185/199     20.8G   0.03324   0.06295   0.00152   0.09771       375       640    0.3902    0.3904    0.2963   0.08195   0.06017    0.0971   0.01383
   186/199     20.8G   0.03305   0.06212  0.001462   0.09664       351       640    0.3949    0.3876    0.2974   0.08188   0.06019   0.09718   0.01389
   187/199     20.8G   0.03303   0.06276  0.001476   0.09726       359       640    0.3865    0.3941    0.2958   0.08143   0.06021   0.09737   0.01392
   188/199     20.8G   0.03286   0.06253  0.001487   0.09688       367       640    0.4055    0.3782    0.2959   0.08115   0.06021   0.09753   0.01391
   189/199     20.8G   0.03276   0.06111  0.001427   0.09529       368       640    0.4006    0.3805    0.2947   0.08094   0.06022   0.09761   0.01396
   190/199     20.8G   0.03271   0.06189   0.00142   0.09602       376       640    0.4058    0.3783    0.2952   0.08091   0.06023   0.09767   0.01399
   191/199     20.8G   0.03253   0.06231  0.001396   0.09623       432       640    0.4067    0.3789    0.2954   0.08082   0.06024   0.09776     0.014
   192/199     20.8G   0.03257   0.06128  0.001478   0.09533       339       640    0.4161    0.3706    0.2949   0.08082   0.06025   0.09786   0.01402
   193/199     20.8G    0.0325   0.06195  0.001419   0.09587       361       640    0.4084    0.3759    0.2943   0.08064   0.06026     0.098   0.01405
   194/199     20.8G   0.03242    0.0624    0.0014   0.09622       417       640    0.4117    0.3717    0.2925   0.08033   0.06028   0.09813   0.01411
   195/199     20.8G   0.03225    0.0618  0.001439   0.09549       363       640    0.4125    0.3719    0.2918   0.07998   0.06031   0.09825   0.01417
   196/199     20.8G   0.03228   0.06209  0.001418    0.0958       323       640    0.4025    0.3812    0.2922   0.08021   0.06031   0.09837   0.01416
   197/199     20.8G   0.03219   0.06146  0.001419   0.09507       363       640     0.397    0.3849    0.2914   0.07992   0.06035   0.09841   0.01419
   198/199     20.8G   0.03218    0.0607  0.001435   0.09432       302       640    0.3958    0.3839    0.2901   0.07965   0.06037   0.09859    0.0142
   199/199     20.8G   0.03211   0.06136  0.001451   0.09492       324       640    0.3969     0.383    0.2903   0.07959   0.06039   0.09868   0.01421
