     0/299       16G   0.07153    0.0538   0.07783    0.2032        91       640  0.002765    0.1571  0.001176  0.000176   0.06583   0.04297   0.06991
     1/299       16G   0.06866   0.05225   0.06274    0.1836        80       640    0.5259   0.04067   0.01312  0.002555   0.06475   0.04158   0.06056
     2/299       16G   0.06457   0.05196   0.04826    0.1648        59       640   0.03047    0.2231   0.02208  0.004026   0.06374   0.03988    0.0422
     3/299       16G   0.06188   0.05016   0.03751    0.1495        59       640  0.008621   0.01113 0.0009238 0.0001528   0.07051   0.04793    0.1201
     4/299       16G    0.0589   0.04571    0.0273    0.1319        73       640    0.0796    0.1291   0.04474  0.008895   0.06115   0.04194   0.06411
     5/299       16G   0.05517   0.04426   0.02259     0.122        91       640    0.3803     0.175   0.06937   0.01392   0.06189   0.03892   0.07495
     6/299       16G   0.05292    0.0433    0.0198     0.116        73       640    0.4071    0.1083   0.08252   0.01892   0.05927   0.03984   0.05967
     7/299       16G   0.05176    0.0436   0.01973    0.1151        55       640    0.5193   0.01185  0.002864 0.0005924    0.1125   0.03148    0.5517
     8/299       16G   0.05092   0.04409   0.02039    0.1154       102       640    0.2516   0.00343  0.001949 0.0008407    0.1198   0.03548     1.023
     9/299       16G   0.04913   0.04416   0.01846    0.1118        56       640    0.1801    0.4624    0.2423   0.06151   0.05138    0.0372   0.02368
    10/299       16G   0.04836   0.04362   0.01823    0.1102        56       640    0.4951    0.2846    0.2077   0.05095   0.05241   0.03653   0.03983
    11/299       16G   0.04732   0.04304   0.01701    0.1074        78       640    0.3638     0.385    0.3108   0.08238   0.04801   0.03399   0.02414
    12/299       16G   0.04683   0.04366   0.01654     0.107        83       640    0.2527    0.3152    0.1969   0.05119   0.05199   0.04028   0.02644
    13/299       16G   0.04662     0.043   0.01565    0.1053       106       640    0.2855     0.378    0.2649   0.07149   0.04937   0.03535   0.02778
    14/299       16G     0.046   0.04226   0.01543    0.1037        47       640    0.4703    0.3815    0.3428   0.09239   0.04665   0.03309    0.0223
    15/299       16G   0.04559   0.04252   0.01444    0.1026        96       640    0.3255    0.4506    0.3207   0.08386   0.04723   0.03325   0.01838
    16/299       16G   0.04531   0.04222    0.0137    0.1012        58       640    0.3959    0.3832    0.3301   0.08963   0.04722   0.03402   0.02156
    17/299       16G   0.04503   0.04148    0.0142    0.1007        49       640     0.339    0.4446    0.3311   0.09192   0.04628   0.03285   0.02128
    18/299       16G   0.04481   0.04166   0.01327   0.09975        61       640    0.3409    0.4183    0.3243   0.08967   0.04648   0.03336   0.02026
    19/299       16G   0.04485   0.04122   0.01343    0.0995        34       640     0.346    0.4702    0.3496   0.09672   0.04621   0.03276   0.01766
    20/299       16G   0.04471   0.04189   0.01334   0.09994        85       640    0.3665    0.4075    0.3377    0.0928   0.04662   0.03261   0.02207
    21/299       16G   0.04468   0.04139   0.01333    0.0994        52       640    0.3178    0.2301    0.1846   0.04851   0.05197   0.03876   0.04284
    22/299       16G   0.04435    0.0412   0.01261   0.09816        98       640    0.3717    0.4571    0.3525   0.09768   0.04594   0.03241   0.02074
    23/299       16G   0.04419    0.0414   0.01279   0.09838        46       640    0.3698    0.4756    0.3752     0.104   0.04574   0.03318   0.01529
    24/299       16G   0.04406   0.04131   0.01242   0.09779        76       640    0.3739    0.4682    0.3695    0.1026   0.04565   0.03276   0.01683
    25/299       16G   0.04395   0.04148   0.01225   0.09768        82       640    0.3761    0.4852    0.3735    0.1052   0.04523   0.03241   0.01681
    26/299       16G    0.0437   0.04097     0.012   0.09668        78       640    0.4364    0.4557    0.3938    0.1096    0.0459   0.03248   0.01574
    27/299       16G   0.04362   0.04101   0.01163   0.09626        64       640    0.3816    0.4641    0.3695    0.1044   0.04634   0.03214    0.0207
    28/299       16G   0.04359   0.04139   0.01226   0.09724        52       640    0.3482    0.4387    0.3304   0.09371   0.04596   0.03231     0.032
    29/299       16G   0.04366   0.04106   0.01178   0.09649        87       640    0.3877     0.402    0.3375   0.09372   0.04645   0.03307   0.02012
    30/299       16G   0.04365   0.04086   0.01182   0.09633       105       640     0.368    0.4337    0.3564     0.102   0.04632   0.03229   0.02225
    31/299       16G   0.04357   0.04088    0.0116   0.09605        55       640    0.3687    0.4371    0.3626   0.09941    0.0471   0.03279   0.01874
    32/299       16G   0.04336   0.04054    0.0117    0.0956        71       640    0.4041    0.4386    0.3687    0.1015   0.04634   0.03239   0.01656
    33/299       16G   0.04338   0.04066    0.0117   0.09575       109       640    0.4047    0.4151    0.3535   0.09729   0.04626   0.03253   0.01831
    34/299       16G   0.04326   0.04113    0.0109   0.09529        80       640    0.3984    0.4435    0.3693    0.1048   0.04544   0.03241   0.01898
    35/299       16G   0.04335   0.04079   0.01151   0.09565        99       640      0.41    0.4525    0.3821    0.1086   0.04532   0.03222   0.01921
    36/299       16G   0.04315   0.04096    0.0111    0.0952       100       640    0.3957    0.3845    0.3275   0.09292   0.04695   0.03474   0.01839
    37/299       16G   0.04316   0.04078   0.01137    0.0953        49       640    0.4056    0.4898    0.4023     0.114   0.04487   0.03178   0.01775
    38/299       16G   0.04316   0.04004   0.01086   0.09406        92       640    0.3772    0.5197     0.401    0.1169   0.04486   0.03171   0.01462
    39/299       16G   0.04294   0.04007   0.01105   0.09405        38       640    0.3811    0.4697    0.3718    0.1058   0.04526   0.03226   0.01816
    40/299       16G   0.04285   0.04051   0.01038   0.09375        73       640    0.4193     0.478    0.3966    0.1141   0.04519   0.03245   0.01475
    41/299       16G   0.04284   0.04024   0.01089   0.09397        74       640    0.4204    0.4354     0.384    0.1103   0.04485   0.03169   0.01723
    42/299       16G    0.0429   0.04024   0.01062   0.09376        81       640    0.3758     0.518    0.4086    0.1161   0.04512   0.03152   0.01682
    43/299       16G    0.0427   0.04009   0.01093   0.09372        68       640    0.4257    0.4752    0.3981    0.1145   0.04503   0.03213    0.0153
    44/299       16G   0.04282   0.04038   0.01061   0.09382        92       640    0.4337    0.4917    0.4065    0.1161   0.04498   0.03178   0.01425
    45/299       16G   0.04259   0.04015   0.01041   0.09314        94       640    0.4306    0.4289    0.3837    0.1099   0.04537   0.03243   0.01879
    46/299       16G   0.04261   0.03999    0.0103    0.0929        77       640    0.4173    0.4904    0.4137    0.1196   0.04469   0.03155   0.01577
    47/299       16G   0.04273   0.04048   0.01084   0.09405        89       640     0.437    0.4972     0.423    0.1208   0.04453   0.03153    0.0147
    48/299       16G    0.0427   0.04024   0.01019   0.09313        60       640    0.4272    0.4557    0.3992    0.1164   0.04443   0.03168   0.01624
    49/299       16G   0.04269   0.04062   0.01038   0.09369       109       640    0.3865    0.4886    0.3977    0.1139   0.04509   0.03152    0.0174
    50/299       16G   0.04244   0.03999   0.01005   0.09248        57       640     0.451    0.4622    0.4083    0.1177   0.04475   0.03188   0.01549
    51/299       16G   0.04237   0.04021  0.009978   0.09256        61       640    0.4033    0.4783    0.3981    0.1142   0.04449   0.03161   0.02008
    52/299       16G   0.04252   0.04068    0.0104    0.0936        72       640    0.4248    0.4803    0.4018    0.1164    0.0446   0.03181   0.01601
    53/299       16G    0.0423   0.04011  0.009838   0.09224        67       640    0.3877    0.5274    0.4185    0.1218   0.04472   0.03137   0.01478
    54/299       16G    0.0425   0.04007   0.01021   0.09277       101       640    0.3887     0.521    0.4206    0.1218    0.0445   0.03156   0.01394
    55/299       16G   0.04244   0.04038    0.0101   0.09291        66       640    0.4063     0.522    0.4192    0.1213    0.0445   0.03178   0.01445
    56/299       16G    0.0423   0.03964  0.009877   0.09182        65       640    0.4445    0.4769    0.4194     0.124   0.04417   0.03155   0.01467
    57/299       16G   0.04236   0.04009    0.0102   0.09265        53       640    0.4474    0.5023    0.4317    0.1272   0.04388   0.03128   0.01669
    58/299       16G   0.04241   0.03995   0.01023   0.09259        59       640    0.4264    0.4884    0.4195    0.1235   0.04403   0.03135   0.01657
    59/299       16G   0.04227   0.03999  0.009959   0.09222        60       640    0.4357     0.467    0.4091    0.1227   0.04413    0.0313   0.01682
    60/299       16G   0.04235   0.04031   0.01018   0.09285        83       640    0.4157    0.5196     0.435    0.1284   0.04381   0.03124   0.01607
    61/299       16G   0.04208   0.04026  0.009262    0.0916        59       640    0.4097    0.5111    0.4238    0.1256   0.04391   0.03119   0.01596
    62/299       16G   0.04216   0.04019  0.009603   0.09195        91       640    0.4389    0.4963    0.4284    0.1255   0.04419   0.03136   0.01354
    63/299       16G   0.04216   0.04044  0.009668   0.09226        64       640    0.4284    0.4955    0.4261    0.1257   0.04409   0.03138   0.01539
    64/299       16G   0.04209   0.03982  0.009382   0.09129        40       640    0.4524    0.4889    0.4288    0.1264   0.04387   0.03131   0.01499
    65/299       16G   0.04217   0.03971  0.009583   0.09146        52       640    0.4369    0.4854    0.4246    0.1251   0.04375   0.03122    0.0159
    66/299       16G   0.04204    0.0395  0.009536   0.09107        43       640     0.407    0.5106    0.4176     0.124   0.04404   0.03117    0.0175
    67/299       16G   0.04188    0.0404   0.00938   0.09166        66       640     0.421    0.5045    0.4294    0.1276   0.04389   0.03111   0.01525
    68/299       16G   0.04191   0.03968  0.009644   0.09123        32       640     0.436    0.4881    0.4231     0.127   0.04376   0.03116   0.01527
    69/299       16G   0.04204   0.03952  0.009413   0.09097        51       640    0.4206    0.4805    0.4241    0.1273   0.04366   0.03105   0.01822
    70/299       16G   0.04196    0.0402  0.009252   0.09141       109       640    0.4287    0.4947    0.4284    0.1269   0.04382   0.03119   0.01536
    71/299       16G   0.04197   0.04019   0.00916   0.09132       117       640    0.4634    0.4841    0.4422    0.1322   0.04349   0.03116   0.01368
    72/299       16G   0.04186   0.04013  0.009214   0.09121        82       640    0.4461    0.4972    0.4413    0.1312    0.0436   0.03111   0.01477
    73/299       16G   0.04189   0.04013  0.009452   0.09147        77       640    0.4281    0.5261     0.446    0.1337   0.04347   0.03112   0.01491
    74/299       16G   0.04185   0.03996  0.009044   0.09086        50       640    0.4402    0.5113    0.4421    0.1322   0.04347   0.03112    0.0147
    75/299       16G   0.04177   0.03965  0.009314   0.09073        49       640    0.4313    0.5134    0.4399    0.1302   0.04367   0.03105   0.01436
    76/299       16G   0.04183   0.03943  0.009263   0.09052        63       640    0.4207    0.5086    0.4338    0.1291   0.04361   0.03107   0.01555
    77/299       16G   0.04178   0.03976  0.008974   0.09051        50       640    0.4647    0.4918     0.444    0.1329   0.04347   0.03105   0.01433
    78/299       16G    0.0416   0.03967  0.008783   0.09005        69       640    0.4316    0.5112    0.4348    0.1295   0.04341   0.03113   0.01479
    79/299       16G    0.0417   0.03958  0.009208   0.09049        71       640    0.4342    0.5009    0.4361    0.1298   0.04349   0.03107   0.01458
    80/299       16G   0.04173    0.0394  0.009217   0.09035        72       640    0.4457     0.498    0.4372    0.1309   0.04344   0.03103   0.01409
    81/299       16G   0.04177   0.03953  0.009095   0.09039        63       640    0.4419    0.5053    0.4423    0.1313   0.04357    0.0311    0.0135
    82/299       16G   0.04169   0.03971  0.008939   0.09033        33       640    0.4427    0.5071    0.4438    0.1331    0.0432   0.03103   0.01433
    83/299       16G   0.04152   0.04009  0.009139   0.09075        45       640    0.4458     0.512     0.445    0.1333   0.04314   0.03114   0.01402
    84/299       16G   0.04165    0.0394  0.008788   0.08984        70       640    0.4704    0.4789    0.4423    0.1324   0.04316    0.0311   0.01468
    85/299       16G   0.04157   0.03956  0.008889   0.09002        81       640    0.4418    0.5196      0.45    0.1339   0.04328   0.03114   0.01369
    86/299       16G   0.04168   0.03952  0.008599   0.08979        68       640    0.4675    0.4998    0.4504    0.1341   0.04325   0.03106   0.01399
    87/299       16G   0.04145   0.03958  0.008489   0.08952        42       640    0.4634    0.4968    0.4461    0.1329   0.04346   0.03113   0.01385
    88/299       16G    0.0414   0.03981  0.008911   0.09012        48       640    0.4577    0.5093    0.4488    0.1342    0.0433   0.03108   0.01395
    89/299       16G   0.04157   0.03953  0.008857   0.08996        73       640    0.4437    0.4914    0.4379    0.1318   0.04341   0.03108   0.01493
    90/299       16G    0.0416   0.03963  0.008514   0.08974        79       640    0.4272    0.5197    0.4422    0.1334   0.04333   0.03104   0.01445
    91/299       16G   0.04152    0.0396  0.008512   0.08962        73       640    0.4424     0.516     0.449    0.1346   0.04324   0.03103   0.01383
    92/299       16G   0.04131   0.03948  0.008189   0.08898        80       640    0.4688    0.4907    0.4471    0.1347   0.04323   0.03108   0.01402
    93/299       16G   0.04134   0.03941  0.008715   0.08947        51       640    0.4389     0.517    0.4494    0.1346   0.04318   0.03103   0.01378
    94/299       16G   0.04134   0.03974   0.00848   0.08957        72       640    0.4495    0.5056    0.4498    0.1349   0.04319   0.03103   0.01389
    95/299       16G   0.04117   0.03926  0.008249   0.08868       101       640    0.4469    0.5049    0.4456    0.1339   0.04318   0.03101   0.01408
    96/299       16G   0.04122   0.03948  0.008375   0.08908        77       640    0.4728    0.4896    0.4491    0.1346   0.04312   0.03101   0.01406
    97/299       16G    0.0413   0.03943  0.008521   0.08925        80       640     0.434    0.5146    0.4453    0.1344   0.04313     0.031   0.01449
    98/299       16G   0.04123   0.03934  0.008403   0.08897        74       640    0.4277     0.521    0.4433    0.1336   0.04316   0.03106   0.01456
    99/299       16G   0.04112   0.03933  0.008379   0.08883        92       640    0.4315    0.5185     0.446    0.1346   0.04314   0.03102   0.01433
   100/299       16G    0.0413   0.03975   0.00812   0.08917        88       640    0.4423    0.5132    0.4484    0.1349   0.04313     0.031   0.01401
   101/299       16G    0.0412   0.03932  0.008263   0.08878        83       640    0.4412    0.5213    0.4516    0.1357   0.04308   0.03096   0.01387
   102/299       16G   0.04116   0.03942  0.008177   0.08876        65       640     0.453    0.5099    0.4524    0.1359   0.04306   0.03098   0.01389
   103/299       16G    0.0411   0.03909  0.007909    0.0881       101       640    0.4804    0.4879    0.4532    0.1368     0.043   0.03098   0.01375
   104/299       16G   0.04119    0.0395  0.008127   0.08882        92       640    0.4776    0.4888    0.4515    0.1362   0.04305   0.03099    0.0139
   105/299       16G   0.04102   0.03942  0.008148   0.08859        79       640    0.4512    0.5127    0.4533    0.1362   0.04306   0.03099   0.01411
   106/299       16G   0.04096   0.03981  0.008232     0.089        68       640    0.4522    0.5089    0.4525    0.1361   0.04303   0.03098   0.01411
   107/299       16G   0.04091   0.03933  0.007839   0.08808        62       640    0.4538    0.5094    0.4537    0.1367   0.04305   0.03098    0.0143
   108/299       16G   0.04097   0.03933  0.008352   0.08865        62       640    0.4873    0.4816    0.4525    0.1364   0.04302   0.03096   0.01422
   109/299       16G   0.04105   0.03944  0.007683   0.08817        74       640    0.4745    0.4863    0.4514    0.1368   0.04299   0.03096   0.01413
   110/299       16G     0.041   0.03886  0.008345   0.08821        41       640    0.4453    0.5115    0.4517    0.1372   0.04299   0.03095   0.01394
   111/299       16G   0.04087   0.03948  0.007854    0.0882        71       640    0.4366    0.5226    0.4527    0.1367   0.04295   0.03094   0.01407
   112/299       16G   0.04084   0.03951  0.007534   0.08788        89       640    0.4408    0.5184    0.4517    0.1368   0.04296   0.03093   0.01409
   113/299       16G    0.0409   0.03906  0.007859   0.08781        48       640    0.4336    0.5261    0.4517    0.1365   0.04298   0.03094   0.01398
   114/299       16G   0.04089    0.0392  0.007965   0.08805        65       640    0.4449     0.515    0.4533    0.1369   0.04298   0.03093   0.01383
   115/299       16G   0.04078   0.03909  0.007508   0.08738       108       640    0.4483    0.5133    0.4538    0.1369   0.04297   0.03091    0.0138
   116/299       16G   0.04088   0.03922  0.007745   0.08784        91       640     0.448    0.5141    0.4544     0.137   0.04295    0.0309   0.01382
   117/299       16G   0.04073   0.03851  0.007844   0.08708        47       640    0.4578    0.5065    0.4556    0.1374   0.04294    0.0309   0.01371
   118/299       16G   0.04085   0.03888  0.007676   0.08741        78       640    0.4572    0.5076    0.4567     0.138   0.04292    0.0309   0.01377
   119/299       16G    0.0408   0.03895  0.007634   0.08739        66       640    0.5073    0.4714    0.4576    0.1378    0.0429   0.03089   0.01369
   120/299       16G   0.04071   0.03915  0.007612   0.08747        87       640    0.5068    0.4729    0.4575    0.1381   0.04289   0.03089   0.01366
   121/299       16G   0.04059   0.03951  0.007307   0.08741        79       640     0.448    0.5207    0.4568    0.1379   0.04289   0.03091   0.01369
   122/299       16G   0.04071   0.03916  0.007546   0.08741        83       640    0.4518    0.5173    0.4573    0.1379   0.04289   0.03091   0.01366
   123/299       16G   0.04065   0.03893  0.007156   0.08674        66       640    0.5052    0.4747    0.4576     0.138   0.04289    0.0309   0.01365
   124/299       16G   0.04068   0.03884  0.007531   0.08705        45       640    0.5117    0.4727    0.4587    0.1382   0.04287    0.0309   0.01367
   125/299       16G   0.04082   0.03857  0.007534   0.08693        52       640    0.4677    0.5055    0.4586    0.1381   0.04286    0.0309   0.01359
   126/299       16G   0.04055   0.03904   0.00753   0.08713        73       640    0.4723    0.5015    0.4589    0.1383   0.04286    0.0309   0.01364
   127/299       16G   0.04051   0.03892   0.00745   0.08688        68       640      0.47    0.5042    0.4591    0.1382   0.04287   0.03091   0.01363
   128/299       16G   0.04064   0.03896  0.007088   0.08668       102       640     0.503    0.4773    0.4578    0.1378   0.04287   0.03091   0.01364
   129/299       16G   0.04048   0.03908   0.00729   0.08686        69       640    0.5042    0.4772    0.4583    0.1378   0.04285   0.03091   0.01368
   130/299       16G   0.04052   0.03923  0.007331   0.08708        69       640     0.501    0.4785    0.4591    0.1382   0.04285   0.03091   0.01366
   131/299       16G   0.04053   0.03921  0.007289   0.08703       121       640     0.461    0.5135    0.4603    0.1384   0.04284   0.03091    0.0136
   132/299       16G   0.04046   0.03869  0.007363   0.08651        47       640    0.4623    0.5142    0.4608    0.1384   0.04283    0.0309   0.01354
   133/299       16G   0.04035   0.03864  0.007052   0.08605       102       640    0.4631    0.5127    0.4605    0.1386   0.04282    0.0309   0.01356
   134/299       16G   0.04041    0.0387  0.007087    0.0862        80       640     0.465    0.5099    0.4602    0.1388   0.04281   0.03089   0.01365
   135/299       16G    0.0402   0.03918  0.007058   0.08645        70       640    0.4653    0.5099    0.4605    0.1388   0.04279   0.03088   0.01367
   136/299       16G   0.04039   0.03908  0.006976   0.08645        85       640    0.4655    0.5098    0.4598    0.1389   0.04279   0.03088   0.01368
   137/299       16G   0.04042   0.03851  0.007082     0.086        48       640    0.4664    0.5097    0.4603    0.1389   0.04278   0.03088   0.01368
   138/299       16G   0.04038   0.03892  0.006773   0.08608       118       640    0.4638    0.5122    0.4596    0.1388   0.04278   0.03088   0.01372
   139/299       16G   0.04038   0.03911  0.006946   0.08644        65       640    0.4616    0.5146    0.4597    0.1387   0.04278   0.03088   0.01373
   140/299       16G   0.04016   0.03894  0.007169   0.08627        60       640    0.4601    0.5153    0.4597     0.139   0.04278   0.03088   0.01374
   141/299       16G   0.04028   0.03871  0.006979   0.08597        80       640    0.4657    0.5101    0.4602    0.1388   0.04278   0.03088   0.01369
   142/299       16G   0.04012   0.03875   0.00648   0.08535        74       640    0.4661    0.5098    0.4596    0.1387   0.04277   0.03088   0.01372
   143/299       16G   0.04007   0.03916  0.006683   0.08591        96       640     0.467    0.5092    0.4597    0.1388   0.04277   0.03087   0.01372
   144/299       16G   0.04016   0.03865  0.006804   0.08561        66       640     0.466    0.5109    0.4594    0.1388   0.04277   0.03087   0.01375
   145/299       16G   0.03994   0.03887  0.006448   0.08526        80       640    0.4711    0.5067    0.4597    0.1388   0.04277   0.03087   0.01374
   146/299       16G    0.0399   0.03864   0.00667   0.08521        75       640    0.4698    0.5077    0.4595    0.1388   0.04277   0.03087   0.01378
   147/299       16G   0.03997   0.03907  0.006571   0.08561       103       640    0.4706     0.508    0.4605    0.1389   0.04276   0.03087   0.01377
   148/299       16G   0.04002   0.03884  0.006762   0.08562        50       640    0.4684    0.5091    0.4606    0.1388   0.04276   0.03087   0.01379
   149/299       16G      0.04   0.03851   0.00666   0.08517       105       640    0.4709    0.5067    0.4603    0.1389   0.04275   0.03086    0.0138
   150/299       16G      0.04   0.03867   0.00658   0.08526        47       640    0.4699    0.5067    0.4601    0.1389   0.04274   0.03086    0.0138
   151/299       16G   0.03998   0.03809  0.006212   0.08428        68       640    0.4733    0.5047    0.4602     0.139   0.04274   0.03086   0.01381
   152/299       16G   0.04002   0.03825  0.006265   0.08453        45       640    0.4713    0.5063    0.4603    0.1392   0.04274   0.03086   0.01379
   153/299       16G   0.03982   0.03886  0.006235   0.08492        69       640    0.4723    0.5057    0.4604     0.139   0.04274   0.03085    0.0138
   154/299       16G   0.03989   0.03876  0.006334   0.08499        67       640    0.4671     0.511    0.4602     0.139   0.04274   0.03085   0.01381
   155/299       16G   0.03984   0.03883  0.006598   0.08527        95       640    0.4717    0.5063    0.4604    0.1391   0.04273   0.03085   0.01382
   156/299       16G   0.03982   0.03879  0.006462   0.08508        72       640    0.4762     0.504     0.461    0.1393   0.04272   0.03085   0.01383
   157/299       16G   0.03979   0.03823  0.006508   0.08453        47       640    0.4678    0.5135    0.4611    0.1395   0.04272   0.03084   0.01383
   158/299       16G   0.03958   0.03875  0.006262   0.08459        76       640    0.4676    0.5122    0.4608    0.1393   0.04272   0.03084   0.01382
   159/299       16G   0.03967   0.03838  0.006045   0.08409        80       640    0.4693    0.5115    0.4611    0.1394   0.04271   0.03084   0.01383
   160/299       16G   0.03972   0.03848  0.006212   0.08441        57       640    0.4726    0.5111    0.4618    0.1395   0.04271   0.03083   0.01384
   161/299       16G   0.03958   0.03838  0.006001   0.08396        58       640    0.4739     0.511     0.462    0.1395   0.04271   0.03083   0.01385
   162/299       16G   0.03959   0.03838  0.005885   0.08385        95       640    0.4778    0.5079    0.4623    0.1395   0.04271   0.03083   0.01385
   163/299       16G   0.03942    0.0382  0.005926   0.08356        80       640    0.4752    0.5096    0.4625    0.1397    0.0427   0.03083   0.01384
   164/299       16G   0.03967   0.03835  0.006233   0.08426       107       640    0.4785     0.507    0.4629    0.1398    0.0427   0.03083   0.01383
   165/299       16G   0.03958   0.03834  0.006052   0.08397        67       640    0.4797    0.5068    0.4632    0.1398    0.0427   0.03083   0.01383
   166/299       16G   0.03959   0.03828  0.006143   0.08402        90       640    0.4798    0.5058     0.463    0.1399    0.0427   0.03083   0.01381
   167/299       16G   0.03937   0.03795  0.005543   0.08286        48       640     0.481    0.5054    0.4634      0.14    0.0427   0.03083   0.01379
   168/299       16G   0.03951   0.03839  0.005928   0.08382        75       640    0.4791    0.5066    0.4629    0.1401   0.04269   0.03083   0.01379
   169/299       16G   0.03936   0.03806  0.005674   0.08309        68       640    0.4808    0.5061    0.4632    0.1402   0.04269   0.03082   0.01377
   170/299       16G   0.03943   0.03871  0.005474   0.08362        65       640    0.4817    0.5053    0.4634    0.1401   0.04268   0.03082   0.01377
   171/299       16G   0.03938   0.03844  0.005833   0.08366        70       640    0.4795    0.5072    0.4633    0.1403   0.04268   0.03082   0.01376
   172/299       16G   0.03937   0.03795  0.005636   0.08295       129       640    0.4823    0.5044    0.4639    0.1402   0.04268   0.03082   0.01378
   173/299       16G   0.03917   0.03834  0.005562   0.08307        74       640    0.4795    0.5082    0.4641    0.1402   0.04267   0.03082   0.01378
   174/299       16G   0.03906   0.03804  0.005321   0.08243        71       640    0.4826    0.5061    0.4643    0.1401   0.04267   0.03082    0.0138
   175/299       16G   0.03919     0.038   0.00553   0.08272        60       640    0.4813    0.5075    0.4645    0.1401   0.04267   0.03082    0.0138
   176/299       16G    0.0393   0.03876   0.00557   0.08362       127       640    0.4815    0.5067    0.4645    0.1402   0.04266   0.03082   0.01381
   177/299       16G   0.03916   0.03843  0.005418   0.08301        84       640     0.486    0.5013    0.4641    0.1402   0.04266   0.03082   0.01382
   178/299       16G   0.03914   0.03837  0.005343   0.08285        85       640    0.4816    0.5047    0.4643    0.1403   0.04266   0.03083   0.01382
   179/299       16G    0.0391   0.03843  0.005557   0.08309        91       640    0.4796     0.506    0.4642    0.1403   0.04266   0.03083   0.01384
   180/299       16G    0.0391   0.03829  0.005308    0.0827       110       640    0.4821    0.5069    0.4644    0.1403   0.04266   0.03083   0.01385
   181/299       16G   0.03886   0.03791   0.00514   0.08191        62       640    0.4843    0.5045    0.4648    0.1404   0.04266   0.03083   0.01385
   182/299       16G   0.03892   0.03784  0.005249   0.08201        65       640    0.4841    0.5033    0.4645    0.1403   0.04265   0.03083   0.01386
   183/299       16G   0.03885   0.03765  0.005152   0.08165        51       640    0.4822    0.5055    0.4643    0.1404   0.04265   0.03083   0.01388
   184/299       16G   0.03907   0.03776  0.005243   0.08207        61       640    0.4683    0.5187    0.4645    0.1403   0.04265   0.03083    0.0139
   185/299       16G   0.03883   0.03813  0.005461   0.08242        65       640     0.475    0.5139    0.4646    0.1405   0.04265   0.03083   0.01388
   186/299       16G   0.03871   0.03753  0.004876   0.08111        59       640    0.4753    0.5135    0.4648    0.1405   0.04265   0.03083   0.01389
   187/299       16G   0.03892   0.03806  0.005018     0.082        62       640    0.4766    0.5133    0.4646    0.1405   0.04264   0.03083   0.01391
   188/299       16G   0.03888   0.03819  0.005112   0.08218        88       640    0.4776    0.5125    0.4643    0.1406   0.04264   0.03084   0.01392
   189/299       16G   0.03875   0.03746  0.005178   0.08138        53       640    0.4786    0.5121    0.4643    0.1407   0.04264   0.03084   0.01392
   190/299       16G   0.03873   0.03765  0.004897   0.08128        90       640    0.4727    0.5155    0.4642    0.1406   0.04264   0.03084   0.01393
   191/299       16G   0.03868   0.03749  0.004858   0.08103        67       640    0.4767    0.5132    0.4648    0.1408   0.04264   0.03084   0.01394
   192/299       16G    0.0387    0.0378    0.0049    0.0814        61       640    0.4751    0.5148    0.4648    0.1408   0.04264   0.03084   0.01394
   193/299       16G   0.03862   0.03802  0.004979   0.08162        60       640    0.4776    0.5118    0.4647    0.1407   0.04264   0.03085   0.01392
   194/299       16G   0.03865   0.03755  0.004801     0.081        60       640    0.4748    0.5145    0.4647    0.1407   0.04264   0.03085   0.01392
   195/299       16G   0.03858   0.03793  0.004911   0.08142        71       640    0.4755    0.5138    0.4648    0.1408   0.04264   0.03085   0.01392
   196/299       16G   0.03855   0.03739  0.004697   0.08064        97       640    0.4806    0.5103    0.4652    0.1408   0.04264   0.03085   0.01393
   197/299       16G   0.03845   0.03748  0.004725   0.08065        53       640    0.4747    0.5142    0.4652    0.1408   0.04264   0.03086   0.01393
   198/299       16G   0.03838   0.03766  0.004831   0.08087       106       640    0.4752    0.5141    0.4651    0.1407   0.04264   0.03086   0.01395
   199/299       16G   0.03844   0.03768   0.00469   0.08081        91       640     0.479    0.5109    0.4648    0.1408   0.04264   0.03087   0.01396
   200/299       16G   0.03834   0.03736  0.004663   0.08036        56       640    0.4799    0.5104    0.4647    0.1406   0.04264   0.03087   0.01397
   201/299       16G   0.03823   0.03754  0.004491   0.08026        74       640    0.4869     0.505    0.4646    0.1407   0.04264   0.03088   0.01397
   202/299       16G   0.03821   0.03759  0.004356   0.08016        73       640    0.4824    0.5091    0.4648    0.1407   0.04264   0.03088   0.01397
   203/299       16G   0.03817   0.03709  0.004456   0.07972        77       640    0.4899     0.504    0.4653    0.1407   0.04264   0.03089   0.01397
   204/299       16G   0.03812   0.03757  0.004362   0.08005        34       640    0.4815    0.5099    0.4653    0.1407   0.04264   0.03089   0.01397
   205/299       16G   0.03811   0.03716  0.004665   0.07994        58       640    0.4805    0.5119    0.4656    0.1408   0.04264    0.0309   0.01398
   206/299       16G     0.038   0.03714    0.0043   0.07944        75       640    0.4924    0.5018    0.4654    0.1408   0.04264    0.0309   0.01399
   207/299       16G   0.03793   0.03782  0.004325   0.08007       115       640    0.4786    0.5122    0.4657    0.1408   0.04264   0.03091   0.01401
   208/299       16G   0.03802   0.03722  0.004325   0.07956        68       640    0.4943    0.4997    0.4656    0.1407   0.04264   0.03091   0.01401
   209/299       16G   0.03784    0.0371  0.004107   0.07905        85       640     0.491    0.5015    0.4653    0.1406   0.04264   0.03092   0.01403
   210/299       16G    0.0379   0.03754  0.004435   0.07987        74       640    0.4933    0.4996    0.4654    0.1407   0.04264   0.03093   0.01405
   211/299       16G   0.03776   0.03724   0.00388   0.07888        73       640    0.4839    0.5068    0.4652    0.1406   0.04264   0.03093   0.01406
   212/299       16G   0.03782   0.03694  0.004173   0.07893        58       640    0.4851    0.5067    0.4652    0.1404   0.04264   0.03094   0.01407
   213/299       16G   0.03783   0.03735  0.004278   0.07945       109       640    0.4944    0.4983    0.4649    0.1404   0.04264   0.03095   0.01409
   214/299       16G    0.0376   0.03698  0.004153   0.07874        57       640    0.4956    0.4984    0.4649    0.1404   0.04264   0.03095   0.01409
   215/299       16G   0.03762    0.0369  0.004034   0.07856       108       640    0.4857     0.507    0.4653    0.1404   0.04265   0.03096    0.0141
   216/299       16G   0.03747   0.03689  0.003816   0.07818        81       640    0.4955    0.4988    0.4652    0.1403   0.04265   0.03097   0.01412
   217/299       16G   0.03754   0.03719  0.003957   0.07869        60       640    0.4887    0.5028    0.4644    0.1402   0.04265   0.03098   0.01414
   218/299       16G   0.03729   0.03683  0.003636   0.07775        48       640    0.4845    0.5065    0.4644    0.1401   0.04265   0.03098   0.01414
   219/299       16G   0.03734   0.03672  0.003801   0.07786        65       640     0.497    0.4969    0.4643      0.14   0.04265   0.03099   0.01414
   220/299       16G    0.0372   0.03695  0.003681   0.07783        61       640    0.4984    0.4958    0.4642    0.1401   0.04265     0.031   0.01415
   221/299       16G   0.03743   0.03682  0.003796   0.07804        71       640    0.4853    0.5062     0.464    0.1401   0.04265   0.03101   0.01417
   222/299       16G   0.03716   0.03709  0.003505   0.07775        61       640    0.4574    0.5342    0.4642    0.1402   0.04265   0.03102   0.01418
   223/299       16G   0.03718   0.03664  0.003611   0.07743        89       640    0.4613    0.5308    0.4642    0.1402   0.04265   0.03103   0.01417
   224/299       16G   0.03707    0.0367  0.003731    0.0775        68       640    0.4848    0.5082    0.4644    0.1403   0.04265   0.03104   0.01418
   225/299       16G   0.03703   0.03658  0.003677   0.07728        63       640    0.4639    0.5287    0.4644    0.1405   0.04265   0.03105   0.01418
   226/299       16G   0.03702   0.03649  0.003667   0.07717        34       640    0.4622    0.5312    0.4642    0.1405   0.04265   0.03106    0.0142
   227/299       16G   0.03702   0.03669  0.003767   0.07748        89       640    0.4641    0.5302    0.4643    0.1405   0.04265   0.03107    0.0142
   228/299       16G   0.03696   0.03647  0.003805   0.07723        76       640    0.4648    0.5299    0.4645    0.1406   0.04265   0.03108    0.0142
   229/299       16G   0.03694    0.0362  0.003501   0.07664        52       640    0.4656    0.5281     0.464    0.1408   0.04265   0.03109   0.01421
   230/299       16G   0.03679   0.03648   0.00356   0.07683        87       640    0.4674    0.5276    0.4645    0.1408   0.04265   0.03111   0.01421
   231/299       16G   0.03675   0.03642  0.003488   0.07666        83       640    0.4689    0.5265    0.4645    0.1407   0.04265   0.03112    0.0142
   232/299       16G    0.0366    0.0361  0.003262   0.07597        53       640    0.4701    0.5259    0.4648    0.1406   0.04265   0.03113   0.01419
   233/299       16G    0.0366   0.03616  0.003278   0.07604        38       640    0.4707    0.5246    0.4647    0.1407   0.04265   0.03114   0.01419
   234/299       16G   0.03655   0.03604   0.00329   0.07588        68       640    0.4713    0.5233    0.4647    0.1408   0.04266   0.03116   0.01418
   235/299       16G    0.0364   0.03622  0.003266   0.07589        87       640    0.4735    0.5221    0.4646    0.1408   0.04266   0.03117    0.0142
   236/299       16G   0.03637   0.03589    0.0033   0.07557        74       640    0.4793    0.5156    0.4641    0.1406   0.04266   0.03118    0.0142
   237/299       16G   0.03647     0.036  0.003257   0.07573        56       640    0.4691    0.5257    0.4642    0.1407   0.04266    0.0312   0.01421
   238/299       16G   0.03629   0.03588  0.003205   0.07537        63       640    0.4783    0.5166    0.4645    0.1406   0.04266   0.03121   0.01422
   239/299       16G   0.03617    0.0362  0.003154   0.07553        82       640    0.4797    0.5157    0.4644    0.1404   0.04267   0.03122   0.01422
   240/299       16G   0.03625   0.03572  0.002937   0.07491        73       640    0.4763    0.5201    0.4645    0.1405   0.04267   0.03124   0.01424
   241/299       16G   0.03612    0.0361  0.003087    0.0753        65       640    0.4766    0.5192    0.4643    0.1405   0.04267   0.03125   0.01424
   242/299       16G   0.03596    0.0358  0.002929   0.07469        75       640    0.4776    0.5184    0.4645    0.1406   0.04267   0.03127   0.01425
   243/299       16G   0.03599   0.03554  0.002998   0.07452        68       640    0.4785    0.5175    0.4639    0.1406   0.04267   0.03129   0.01426
   244/299       16G   0.03597   0.03538  0.003241    0.0746        29       640    0.4773     0.519    0.4638    0.1405   0.04267   0.03131   0.01428
   245/299       16G   0.03576   0.03554  0.002902    0.0742        76       640    0.4778    0.5179    0.4636    0.1406   0.04267   0.03132   0.01429
   246/299       16G   0.03581   0.03603   0.00308   0.07492        79       640    0.4912    0.5077     0.464    0.1406   0.04267   0.03134   0.01428
   247/299       16G   0.03592   0.03554  0.003182   0.07464        50       640    0.4926    0.5064    0.4636    0.1406   0.04268   0.03136   0.01428
   248/299       16G   0.03564   0.03546  0.002944   0.07404        89       640    0.4935    0.5053    0.4635    0.1407   0.04268   0.03138   0.01429
   249/299       16G   0.03571   0.03502  0.002803   0.07353        97       640    0.4925    0.5065    0.4631    0.1406   0.04268    0.0314   0.01431
   250/299       16G   0.03549   0.03541  0.003007    0.0739        63       640    0.4843    0.5133    0.4629    0.1405   0.04268   0.03142    0.0143
   251/299       16G   0.03541     0.035  0.002844   0.07326        88       640    0.4945    0.5041    0.4629    0.1406   0.04268   0.03144    0.0143
   252/299       16G   0.03548   0.03497  0.002933   0.07338        73       640    0.4836    0.5133    0.4624    0.1407   0.04269   0.03146   0.01431
   253/299       16G   0.03525   0.03529  0.002704   0.07325        55       640    0.4826    0.5153    0.4624    0.1404   0.04269   0.03148   0.01432
   254/299       16G   0.03524   0.03505  0.002589   0.07288        68       640    0.4839    0.5135    0.4623    0.1403    0.0427   0.03151   0.01433
   255/299       16G    0.0352   0.03501  0.002705   0.07291        61       640    0.4841    0.5118    0.4612    0.1403    0.0427   0.03153   0.01435
   256/299       16G   0.03527   0.03528  0.002619   0.07317        78       640    0.4856    0.5108    0.4612    0.1403    0.0427   0.03155   0.01435
   257/299       16G   0.03503   0.03462  0.002572   0.07223        80       640    0.4836    0.5125    0.4614    0.1402   0.04271   0.03157   0.01436
   258/299       16G   0.03493    0.0351  0.002718   0.07275        80       640    0.4845    0.5106     0.461    0.1402   0.04271   0.03159   0.01437
   259/299       16G   0.03496   0.03497  0.002726   0.07265        74       640    0.4851    0.5093    0.4605    0.1401   0.04271   0.03162   0.01438
   260/299       16G   0.03495   0.03475  0.002557   0.07225        60       640    0.4884    0.5058    0.4604    0.1401   0.04272   0.03164   0.01438
   261/299       16G   0.03483   0.03477  0.002586   0.07218        94       640    0.4899    0.5039    0.4603      0.14   0.04272   0.03167   0.01441
   262/299       16G   0.03478    0.0348  0.002626   0.07221        88       640    0.4906    0.5025      0.46    0.1398   0.04272   0.03169   0.01442
   263/299       16G    0.0347    0.0346   0.00265   0.07195        67       640    0.4882    0.5039    0.4596    0.1397   0.04273   0.03172   0.01445
   264/299       16G   0.03458   0.03455  0.002549   0.07168        67       640    0.4886    0.5017     0.459    0.1396   0.04273   0.03174   0.01447
   265/299       16G   0.03462   0.03455  0.002522   0.07169       106       640    0.4788    0.5115    0.4588    0.1396   0.04273   0.03177   0.01449
   266/299       16G   0.03452   0.03448  0.002554   0.07155       104       640    0.4802    0.5112    0.4589    0.1397   0.04274   0.03179    0.0145
   267/299       16G   0.03437   0.03439  0.002651   0.07141        50       640    0.4784    0.5125    0.4588    0.1396   0.04274   0.03182   0.01452
   268/299       16G   0.03433   0.03441  0.002535   0.07127        70       640    0.4751    0.5134    0.4583    0.1395   0.04274   0.03184   0.01455
   269/299       16G   0.03441   0.03456  0.002481   0.07145        76       640     0.482    0.5062    0.4584    0.1395   0.04275   0.03186   0.01458
   270/299       16G   0.03427     0.034  0.002437   0.07071        79       640    0.4804    0.5075    0.4583    0.1394   0.04275   0.03189    0.0146
   271/299       16G    0.0341   0.03437  0.002523   0.07099       107       640    0.4747    0.5118    0.4582    0.1393   0.04276   0.03192   0.01461
   272/299       16G   0.03425   0.03408  0.002435   0.07076        68       640    0.4634    0.5251    0.4581    0.1393   0.04276   0.03195   0.01462
   273/299       16G   0.03408   0.03424  0.002352   0.07067        57       640    0.4611    0.5261     0.458    0.1392   0.04276   0.03198   0.01464
   274/299       16G   0.03407   0.03399  0.002196   0.07026        68       640    0.4716     0.514    0.4573    0.1392   0.04277   0.03201   0.01467
   275/299       16G   0.03393   0.03378  0.002393    0.0701        85       640    0.5028    0.4862    0.4571    0.1392   0.04277   0.03204   0.01469
   276/299       16G   0.03385   0.03379  0.002337   0.06997        47       640    0.4701    0.5147    0.4569    0.1389   0.04278   0.03206    0.0147
   277/299       16G   0.03387   0.03409  0.002431   0.07039        56       640    0.4672    0.5173    0.4564    0.1391   0.04278   0.03209   0.01473
   278/299       16G   0.03358   0.03404  0.002278    0.0699        62       640    0.4625    0.5231    0.4563    0.1391   0.04279   0.03212   0.01475
   279/299       16G   0.03377   0.03376  0.002381   0.06991        69       640    0.4635    0.5211    0.4561     0.139   0.04279   0.03215   0.01478
   280/299       16G   0.03352   0.03383  0.002258    0.0696        69       640     0.461    0.5234     0.456    0.1389    0.0428   0.03218   0.01478
   281/299       16G   0.03366   0.03348  0.002313   0.06945        55       640    0.4723    0.5119    0.4561    0.1389    0.0428   0.03221   0.01479
   282/299       16G   0.03342   0.03353  0.002245    0.0692        61       640    0.4733    0.5105     0.456    0.1389   0.04281   0.03224    0.0148
   283/299       16G   0.03343   0.03349  0.002461   0.06938        81       640    0.4746    0.5097    0.4559    0.1389   0.04281   0.03227    0.0148
   284/299       16G   0.03339   0.03363  0.002336   0.06936        43       640    0.4734    0.5121    0.4559    0.1388   0.04282    0.0323   0.01481
   285/299       16G   0.03321   0.03368  0.002189   0.06909        51       640    0.4754     0.511    0.4562    0.1389   0.04282   0.03233   0.01484
   286/299       16G    0.0332   0.03309   0.00211    0.0684        69       640    0.4727    0.5137    0.4563    0.1389   0.04283   0.03236   0.01487
   287/299       16G    0.0331   0.03327  0.002212   0.06858        71       640    0.4806    0.5048    0.4558    0.1389   0.04284   0.03239   0.01489
   288/299       16G   0.03303   0.03318  0.002121   0.06834        78       640    0.4797    0.5072    0.4554    0.1387   0.04284   0.03242   0.01492
   289/299       16G   0.03322   0.03301  0.002178   0.06841        62       640     0.477      0.51    0.4558    0.1385   0.04285   0.03246   0.01494
   290/299       16G   0.03303   0.03331  0.002139   0.06847        76       640    0.4823    0.5057    0.4555    0.1385   0.04285   0.03249   0.01496
   291/299       16G   0.03299   0.03302  0.002136   0.06815        80       640    0.4833    0.5039    0.4551    0.1383   0.04286   0.03252   0.01499
   292/299       16G   0.03301    0.0331  0.002093    0.0682        66       640     0.488    0.4999    0.4549    0.1383   0.04287   0.03255   0.01503
   293/299       16G   0.03277   0.03293    0.0022    0.0679        75       640    0.4859    0.5023    0.4545    0.1381   0.04287   0.03258   0.01506
   294/299       16G   0.03278   0.03326  0.002115   0.06816        62       640    0.4871    0.5012    0.4542    0.1379   0.04288   0.03262    0.0151
   295/299       16G   0.03268   0.03294  0.002054   0.06768        96       640    0.4883    0.4998    0.4539    0.1379   0.04289   0.03265   0.01513
   296/299       16G    0.0328   0.03254  0.002077   0.06742        89       640    0.4888    0.4982    0.4536    0.1379   0.04289   0.03268   0.01515
   297/299       16G   0.03276   0.03301  0.002099   0.06786        51       640    0.4899    0.4972    0.4532    0.1378    0.0429   0.03271   0.01519
   298/299       16G   0.03268   0.03263  0.002025   0.06733        45       640    0.4915    0.4969     0.453    0.1376   0.04291   0.03275   0.01523
   299/299       16G   0.03275   0.03262  0.002157   0.06752        73       640    0.4889    0.4984    0.4527    0.1375   0.04292   0.03278   0.01526
