      0/99     10.3G    0.0954    0.1045   0.03984    0.2398        14       640 0.0003465   0.03785 5.698e-05 7.815e-06   0.08617   0.07535   0.03744
      1/99     10.4G   0.09157    0.1085   0.03615    0.2363        30       640  0.001635   0.03611 0.0003643  5.21e-05   0.08527   0.07568    0.0369
      2/99     10.4G    0.0862    0.1091   0.03098    0.2263        22       640    0.5062   0.06764  0.003074 0.0004559   0.08599   0.07638   0.03079
      3/99     10.4G   0.07933    0.1071   0.02633    0.2127        24       640   0.02996    0.2135  0.004401 0.0008197   0.08439    0.1205   0.03446
      4/99     10.4G   0.07123    0.1038   0.01928    0.1943         7       640   0.06079    0.1612   0.02863  0.005401   0.08213   0.09016   0.02884
      5/99     10.4G   0.06692    0.1028   0.01517    0.1849        36       640    0.1413    0.2154   0.07865   0.01645   0.07318   0.07408   0.01818
      6/99     10.4G   0.06403    0.1008   0.01231    0.1772        23       640    0.1767    0.2707    0.1563   0.03364   0.06407   0.07731   0.01781
      7/99     10.4G   0.06235    0.1009   0.01109    0.1744        50       640    0.4724    0.1664    0.1474    0.0373   0.06665   0.08075   0.03506
      8/99     10.4G   0.06059   0.09927   0.01004    0.1699        18       640    0.2129    0.3299    0.2254   0.05602   0.06131    0.0722   0.01624
      9/99     10.4G    0.0594     0.101  0.009446    0.1698        47       640     0.278    0.2853    0.1714   0.04376   0.06552   0.07977   0.02199
     10/99     10.4G   0.05814   0.09926  0.008648    0.1661        21       640    0.2993    0.3908    0.2868   0.07246   0.05849   0.07338   0.01336
     11/99     10.4G   0.05711   0.09849  0.008132    0.1637        21       640    0.2896    0.3799    0.2706   0.06973   0.05996   0.07369   0.01279
     12/99     10.4G    0.0567   0.09937  0.008079    0.1641        40       640    0.3791    0.4339    0.3206   0.08547    0.0561   0.07187   0.01313
     13/99     10.4G   0.05602   0.09708  0.007728    0.1608        10       640    0.3538    0.4504    0.3462   0.09304   0.05649   0.07088   0.01076
     14/99     10.4G    0.0559    0.0974  0.007943    0.1612        18       640    0.3038    0.3519     0.274   0.07453   0.05782   0.07575   0.01674
     15/99     10.4G   0.05516   0.09742  0.007308    0.1599        23       640    0.3503    0.4222    0.3189   0.08758   0.05553   0.07047   0.01195
     16/99     10.4G   0.05479   0.09758  0.007181    0.1595        30       640     0.361    0.4206    0.3299   0.09014   0.05708   0.07273   0.01071
     17/99     10.4G   0.05451   0.09637  0.007103     0.158        14       640    0.3041    0.3399    0.2623   0.07057   0.05995   0.07341   0.01372
     18/99     10.4G   0.05423   0.09642  0.006891    0.1575        24       640    0.3363    0.3828    0.2851   0.07904    0.0585   0.07288   0.01381
     19/99     10.4G    0.0539   0.09425  0.006722    0.1549        14       640    0.3719    0.4639    0.3644    0.1032   0.05508   0.07283  0.009198
     20/99     10.4G   0.05371   0.09559  0.006588    0.1559        55       640    0.3247    0.4088    0.2895   0.07543    0.0603   0.07094   0.01098
     21/99     10.4G    0.0534   0.09561  0.006257    0.1553        26       640    0.3558    0.4267    0.3417   0.09455   0.05625   0.06933    0.0107
     22/99     10.4G   0.05321   0.09506  0.006253    0.1545        11       640    0.3534    0.3902    0.3024   0.08139   0.05869   0.07264   0.01115
     23/99     10.4G   0.05318   0.09525  0.006293    0.1547        19       640    0.3466    0.4174    0.3199   0.08454    0.0578   0.07071   0.01103
     24/99     10.4G    0.0529   0.09482  0.005956    0.1537        29       640    0.3678    0.4412    0.3497    0.1008   0.05444   0.07036   0.01078
     25/99     10.4G   0.05264   0.09519  0.005875    0.1537        39       640    0.3818    0.4694    0.3756    0.1064   0.05462   0.07304  0.009462
     26/99     10.4G   0.05261   0.09478  0.006205    0.1536        27       640    0.3728    0.4512    0.3523   0.09985   0.05491   0.07313  0.009189
     27/99     10.4G    0.0523   0.09528  0.005782    0.1534        44       640    0.3877    0.4462    0.3713    0.1064   0.05445   0.07053  0.009525
     28/99     10.4G   0.05224   0.09513  0.005878    0.1532        42       640    0.3951    0.4295    0.3608    0.1017    0.0547   0.07108   0.00902
     29/99     10.4G   0.05205   0.09472  0.005672    0.1524        30       640    0.3922    0.4191     0.353   0.09822   0.05525   0.07273   0.01107
     30/99     10.4G   0.05174   0.09351  0.005523    0.1508        20       640    0.3548    0.4316    0.3366   0.09455   0.05616   0.07352   0.01256
     31/99     10.4G   0.05187   0.09397  0.005467    0.1513        16       640    0.3483    0.4701    0.3545    0.1021   0.05478   0.07166   0.01059
     32/99     10.4G   0.05146   0.09304   0.00541    0.1499        23       640     0.393    0.4764    0.3829    0.1126   0.05381   0.07227  0.008708
     33/99     10.4G   0.05136   0.09308  0.005462    0.1499        13       640    0.4166    0.4533    0.3891    0.1111    0.0541   0.07072  0.008889
     34/99     10.4G   0.05138   0.09428  0.005482    0.1511        26       640    0.4038    0.4461    0.3681    0.1056   0.05525   0.07294  0.009779
     35/99     10.4G   0.05132   0.09289  0.005315    0.1495        32       640    0.4012    0.4162    0.3481    0.0999   0.05536   0.07362   0.01115
     36/99     10.4G   0.05101   0.09154  0.005065    0.1476        19       640    0.3914    0.4559     0.373    0.1052    0.0554   0.07251   0.00858
     37/99     10.4G   0.05071   0.09262  0.005121    0.1485        27       640    0.4123    0.4472    0.3705    0.1067   0.05434   0.07236   0.00949
     38/99     10.4G   0.05078   0.09218  0.005232    0.1482        29       640    0.3827     0.466    0.3734    0.1067   0.05461   0.07169  0.009581
     39/99     10.4G   0.05079   0.09355  0.005097    0.1494        72       640    0.3935    0.4764    0.3884    0.1128   0.05444   0.07315  0.009925
     40/99     10.4G   0.05036   0.09225  0.004891    0.1475        16       640    0.4009    0.4506    0.3633    0.1044   0.05514   0.07336  0.009051
     41/99     10.4G   0.05039     0.092   0.00493    0.1473        47       640    0.4435    0.4502     0.394    0.1127   0.05465   0.07236  0.008452
     42/99     10.4G   0.05027   0.09248  0.004973    0.1477        22       640    0.3955    0.4641    0.3771    0.1093   0.05456    0.0731  0.009355
     43/99     10.4G   0.05018   0.09183  0.004784    0.1468        25       640    0.4298    0.4674    0.3976    0.1159   0.05412   0.07287  0.008598
     44/99     10.4G   0.04996   0.09133  0.004621    0.1459        12       640    0.3866     0.467    0.3701     0.108    0.0545   0.07251  0.009499
     45/99     10.4G   0.04998    0.0921  0.004683    0.1468        68       640    0.4096    0.4388    0.3676    0.1069   0.05517   0.07353   0.01003
     46/99     10.4G    0.0497   0.09109  0.004701    0.1455        26       640    0.4329     0.473    0.3984    0.1159   0.05416   0.07244  0.008757
     47/99     10.4G   0.04958   0.09022  0.004634    0.1444        12       640    0.4497     0.445     0.396    0.1164   0.05454   0.07219  0.008562
     48/99     10.4G   0.04957   0.09052   0.00458    0.1447        15       640    0.4084     0.469    0.3817    0.1119   0.05417   0.07312  0.008729
     49/99     10.4G   0.04959   0.09162  0.004534    0.1457        56       640    0.4321    0.4585    0.3856    0.1127   0.05407   0.07336  0.009468
     50/99     10.4G   0.04937   0.09097  0.004541    0.1449        29       640    0.4423    0.4421    0.3844     0.112    0.0545   0.07372  0.009492
     51/99     10.4G   0.04916   0.09044  0.004401     0.144        16       640    0.4181    0.4638    0.3878    0.1148   0.05404   0.07366   0.01035
     52/99     10.4G   0.04883   0.09016  0.004375    0.1434        26       640    0.4199    0.4492    0.3785    0.1092   0.05474   0.07489  0.009578
     53/99     10.4G   0.04881   0.08934  0.004314    0.1425        42       640    0.3932     0.464    0.3746    0.1092   0.05465   0.07467  0.009983
     54/99     10.4G   0.04859    0.0898  0.004244    0.1426        25       640     0.437    0.4718    0.3962    0.1146   0.05402   0.07326  0.009441
     55/99     10.4G   0.04848   0.08872  0.004124    0.1413        18       640    0.4012    0.4696    0.3737    0.1074    0.0548   0.07381  0.009231
     56/99     10.4G   0.04832   0.08837  0.004173    0.1409        12       640    0.3859    0.4791    0.3751    0.1096   0.05414    0.0742   0.00992
     57/99     10.4G   0.04818   0.08821  0.004093    0.1405        20       640    0.4072    0.4607    0.3705    0.1087   0.05459   0.07448   0.01085
     58/99     10.4G   0.04804   0.08886  0.003953    0.1409        21       640    0.4184    0.4565    0.3682    0.1051   0.05527   0.07487  0.009121
     59/99     10.4G   0.04796   0.08895  0.003926    0.1408        39       640    0.4244     0.445    0.3721     0.108   0.05467   0.07481   0.01075
     60/99     10.4G   0.04779   0.08995  0.003992    0.1417        66       640    0.4291    0.4321    0.3616    0.1039   0.05512   0.07525   0.01012
     61/99     10.4G   0.04776   0.08801  0.003929    0.1397        23       640    0.3937    0.4498    0.3643    0.1061   0.05471   0.07489   0.01061
     62/99     10.4G   0.04752   0.08643  0.003836    0.1378        27       640    0.4277    0.4364      0.37    0.1072   0.05502   0.07562  0.009699
     63/99     10.4G   0.04729   0.08713  0.003786    0.1382        35       640    0.4206     0.437    0.3652    0.1066   0.05499   0.07608   0.01012
     64/99     10.4G    0.0471   0.08658  0.003846    0.1375        13       640    0.4136     0.442    0.3599     0.103   0.05519   0.07662   0.01027
     65/99     10.4G   0.04723   0.08607  0.003719     0.137        18       640    0.4266    0.4405    0.3699    0.1067   0.05495   0.07636  0.009852
     66/99     10.4G   0.04714   0.08661   0.00361    0.1374        15       640    0.4067    0.4578    0.3682    0.1065   0.05539   0.07558   0.01074
     67/99     10.4G   0.04668   0.08557  0.003539    0.1358        12       640     0.405    0.4367    0.3546    0.1019   0.05537   0.07631   0.01043
     68/99     10.4G   0.04662   0.08676  0.003399    0.1368        21       640    0.4185    0.4383    0.3641    0.1055   0.05529   0.07651   0.01027
     69/99     10.4G   0.04657   0.08674   0.00356    0.1369        21       640    0.4331      0.42    0.3582    0.1044   0.05528   0.07739   0.01022
     70/99     10.4G   0.04641   0.08503  0.003393    0.1348        33       640    0.4048    0.4466    0.3569    0.1034   0.05516   0.07749   0.01056
     71/99     10.4G   0.04605   0.08459   0.00336     0.134        21       640    0.4131    0.4469    0.3583    0.1032   0.05539   0.07751   0.01039
     72/99     10.4G   0.04591   0.08546  0.003273    0.1346        21       640    0.4218    0.4453    0.3591    0.1031   0.05523   0.07673   0.01056
     73/99     10.4G   0.04567   0.08426  0.003215    0.1331        28       640    0.4149    0.4182    0.3403   0.09719   0.05557   0.07732   0.01101
     74/99     10.4G   0.04564   0.08458  0.003146    0.1334        32       640    0.4125    0.4339    0.3459   0.09785   0.05576   0.07778   0.01059
     75/99     10.4G    0.0457   0.08384  0.003267    0.1328        37       640    0.4151    0.4248    0.3441   0.09866    0.0556   0.07791   0.01154
     76/99     10.4G   0.04554   0.08361  0.003105    0.1323        30       640    0.4043    0.4217    0.3379   0.09672   0.05567   0.07807    0.0113
     77/99     10.4G   0.04538   0.08536  0.003122    0.1339        49       640    0.3935     0.445    0.3433   0.09778   0.05587   0.07789   0.01114
     78/99     10.4G   0.04508   0.08262  0.002972    0.1307        13       640    0.3944    0.4431     0.342   0.09724   0.05595    0.0782   0.01138
     79/99     10.4G   0.04503   0.08327   0.00315    0.1315        19       640    0.4067    0.4303    0.3447   0.09943   0.05578   0.07777   0.01138
     80/99     10.4G   0.04493   0.08359  0.002966    0.1315        54       640    0.3962    0.4479    0.3422   0.09775   0.05584   0.07862   0.01129
     81/99     10.4G    0.0447   0.08188  0.002938    0.1295        30       640    0.3994    0.4459    0.3485    0.1005    0.0559   0.07814   0.01147
     82/99     10.4G   0.04463   0.08343  0.002928     0.131        25       640    0.4191    0.4191    0.3441   0.09893   0.05599   0.07887   0.01182
     83/99     10.4G   0.04446   0.08249  0.002902    0.1299        33       640    0.3924    0.4393    0.3406    0.0976   0.05605   0.07901   0.01228
     84/99     10.4G   0.04424   0.08223  0.002764    0.1292        29       640    0.4287    0.4056    0.3392   0.09647   0.05621   0.07942   0.01185
     85/99     10.4G   0.04411    0.0814  0.002841    0.1283        35       640    0.4061    0.4185    0.3339   0.09521   0.05632   0.07951   0.01186
     86/99     10.4G     0.044   0.08174  0.002814    0.1286        29       640    0.3834    0.4515    0.3362   0.09587   0.05619   0.07997   0.01183
     87/99     10.4G   0.04399   0.08147  0.002833    0.1283        23       640    0.3967    0.4349    0.3327   0.09428   0.05651   0.08075   0.01148
     88/99     10.4G   0.04374   0.08023  0.002701    0.1267        31       640    0.3837    0.4394    0.3277   0.09285   0.05669   0.08126   0.01197
     89/99     10.4G   0.04365   0.07976  0.002791    0.1262        12       640    0.3898    0.4282    0.3278   0.09271   0.05666   0.08173   0.01193
     90/99     10.4G   0.04354   0.08077  0.002634    0.1269        21       640     0.394    0.4222    0.3267   0.09333   0.05682   0.08208   0.01209
     91/99     10.4G   0.04332   0.08001  0.002627     0.126        36       640    0.3889    0.4187    0.3214   0.09155   0.05692   0.08229    0.0124
     92/99     10.4G   0.04348   0.07982   0.00261    0.1259        16       640    0.3994    0.4046    0.3236   0.09241   0.05665   0.08208   0.01297
     93/99     10.4G   0.04302   0.07898  0.002549    0.1245        17       640    0.3981    0.4029     0.323     0.092   0.05692   0.08255   0.01317
     94/99     10.4G   0.04288   0.07793  0.002473    0.1233         9       640    0.3918     0.414    0.3207   0.09106   0.05685   0.08267   0.01339
     95/99     10.4G    0.0429   0.07947  0.002647     0.125        33       640    0.4029    0.4038    0.3228   0.09189   0.05687   0.08263   0.01307
     96/99     10.4G    0.0428   0.07911  0.002533    0.1244        39       640     0.386    0.4304    0.3261   0.09317   0.05683   0.08265   0.01263
     97/99     10.4G   0.04237   0.07832  0.002661    0.1234        19       640    0.4065    0.4164    0.3315   0.09439   0.05677   0.08255   0.01247
     98/99     10.4G   0.04256   0.07882  0.002476    0.1239        22       640    0.4202    0.4067     0.332   0.09405   0.05694   0.08272   0.01235
     99/99     10.4G   0.04234    0.0774  0.002466    0.1222         9       640    0.3974    0.4292    0.3319   0.09439   0.05694   0.08292   0.01259
