     0/199     4.53G   0.09293    0.1073   0.06254    0.2628        20       640    0.3336 0.0008036 1.207e-05 1.369e-06   0.08521   0.07616   0.06074
     1/199     4.93G   0.08371    0.1105   0.04987    0.2441        19       640    0.3504   0.08174   0.01198  0.002054   0.07633   0.07743   0.05035
     2/199     4.93G    0.0743    0.1058    0.0378    0.2179        13       640    0.1902    0.1408   0.03625  0.007507   0.07343   0.07806   0.04819
     3/199     4.93G   0.06683    0.1027   0.02732    0.1969        44       640    0.4109    0.2166    0.1545   0.04046   0.05945   0.07357   0.03257
     4/199     4.93G   0.06335     0.102   0.02274    0.1881        51       640    0.1799    0.3297    0.1616   0.04238   0.05964    0.0712   0.03197
     5/199     4.93G   0.06123   0.09973   0.02013    0.1811        24       640    0.2121    0.2723    0.1722   0.04564   0.05776   0.07192   0.03391
     6/199     4.93G   0.05976    0.1003   0.01841    0.1785        37       640    0.2864    0.2833    0.1539    0.0396   0.05819   0.07175   0.03154
     7/199     4.93G   0.05892    0.1008   0.01703    0.1767        27       640    0.1803     0.265    0.1616   0.04409   0.05729   0.07102   0.03249
     8/199     4.93G   0.05792    0.1004   0.01598    0.1743        45       640    0.1954    0.2781    0.1528    0.0394     0.057   0.07212   0.03465
     9/199     4.93G   0.05737   0.09852   0.01538    0.1713        24       640    0.2265    0.3382    0.1743   0.04662   0.05719   0.07229   0.03091
    10/199     4.93G   0.05702   0.09788   0.01474    0.1696        24       640     0.198    0.3651    0.1841   0.04985   0.05662    0.0716   0.03004
    11/199     4.93G   0.05631   0.09689   0.01449    0.1677        36       640    0.2389    0.3243    0.1978   0.05497   0.05559   0.07162   0.02821
    12/199     4.93G   0.05594   0.09721   0.01367    0.1668        26       640    0.3626    0.3166    0.2295   0.06064   0.05575   0.07085   0.02843
    13/199     4.93G   0.05551   0.09668    0.0136    0.1658        15       640    0.2461    0.3301    0.2047   0.05641   0.05726   0.07108   0.02727
    14/199     4.93G   0.05532   0.09712   0.01285    0.1653        28       640    0.3472    0.2915     0.185   0.05157   0.05685    0.0729    0.0297
    15/199     4.93G   0.05506   0.09741   0.01258     0.165        20       640    0.2504    0.3275    0.2166   0.06105    0.0559   0.07026   0.02689
    16/199     4.93G   0.05456   0.09718   0.01258    0.1643        10       640    0.2268    0.3142    0.1904   0.05323   0.05579   0.07056   0.02993
    17/199     4.93G   0.05451   0.09551   0.01216    0.1622         8       640    0.3109    0.3225    0.2299   0.06435   0.05495   0.07087   0.02834
    18/199     4.93G   0.05432   0.09657   0.01195    0.1628        29       640    0.2356    0.4603    0.2223   0.06216   0.05479   0.07191   0.03169
    19/199     4.93G   0.05392   0.09493   0.01178    0.1606        13       640     0.271    0.3414    0.2263   0.06537   0.05457   0.07098   0.02634
    20/199     4.93G    0.0538   0.09543   0.01135    0.1606        45       640    0.3341     0.306    0.2477   0.07448   0.05452   0.07105    0.0272
    21/199     4.93G   0.05352   0.09575   0.01139    0.1607        16       640    0.2276    0.3372    0.1949   0.05435   0.05546   0.07116   0.03191
    22/199     4.93G   0.05338   0.09652   0.01102    0.1609        25       640    0.2643    0.4085    0.2205   0.06354   0.05495   0.07226   0.03506
    23/199     4.93G   0.05319   0.09638   0.01112    0.1607        53       640    0.2671    0.3411    0.2314   0.06613   0.05475   0.07246   0.02499
    24/199     4.93G   0.05293    0.0943   0.01078     0.158        19       640    0.2487    0.3486    0.2089   0.05844   0.05449   0.07131   0.03012
    25/199     4.93G     0.053   0.09391   0.01084    0.1578        19       640    0.3798    0.3221    0.2349   0.06899   0.05449   0.07141   0.02699
    26/199     4.93G   0.05283   0.09508    0.0106    0.1585        24       640    0.3569    0.2924     0.196   0.05509   0.05567   0.07167   0.02618
    27/199     4.93G   0.05245   0.09451   0.01024    0.1572        12       640    0.2144    0.4886    0.2321   0.06609   0.05492     0.071   0.02526
    28/199     4.93G   0.05231     0.094   0.01016    0.1565        22       640    0.2813    0.3078    0.2309   0.06614   0.05478   0.07176   0.02482
    29/199     4.93G   0.05223   0.09367    0.0101     0.156        16       640    0.3405    0.3229    0.2514   0.07209   0.05467   0.07146   0.02414
    30/199     4.93G    0.0521   0.09391   0.01013    0.1561        12       640    0.2264    0.4529    0.2253   0.06456   0.05505   0.07168   0.02608
    31/199     4.93G     0.052   0.09499   0.00986    0.1569        38       640    0.3391     0.354    0.2633   0.07622   0.05455   0.07182   0.02229
    32/199     4.93G   0.05192   0.09389   0.00975    0.1556        13       640    0.3087    0.3381    0.2276    0.0652    0.0549   0.07223   0.02575
    33/199     4.93G   0.05169    0.0939  0.009765    0.1554        38       640    0.3429    0.3382    0.2491   0.07482   0.05435   0.07156   0.02476
    34/199     4.93G   0.05171   0.09416  0.009741    0.1556        38       640    0.3292    0.3388    0.2543   0.07637   0.05492   0.07168   0.02683
    35/199     4.93G   0.05153   0.09521   0.00948    0.1562        26       640    0.3367     0.343    0.2733   0.08063   0.05407   0.07193   0.02661
    36/199     4.93G   0.05155   0.09309  0.009346     0.154        14       640    0.3433    0.3853    0.2625   0.07619   0.05443   0.07223   0.02265
    37/199     4.93G   0.05126   0.09352  0.009444    0.1542        23       640    0.3095    0.3239    0.2417   0.07258   0.05538    0.0722   0.02771
    38/199     4.93G   0.05106   0.09303  0.009164    0.1532        12       640    0.4029    0.3148    0.2598   0.07858   0.05483   0.07309   0.02428
    39/199     4.93G   0.05101   0.09351  0.009051    0.1536        49       640    0.3659    0.3463    0.2429   0.07135   0.05485   0.07249   0.02687
    40/199     4.93G   0.05102   0.09438  0.009122    0.1545        23       640    0.2687    0.3291    0.2303   0.06771    0.0538   0.07153   0.02684
    41/199     4.93G   0.05073   0.09336  0.009084    0.1532        24       640    0.3015    0.3861    0.2389   0.07041    0.0542   0.07158   0.02839
    42/199     4.93G   0.05082   0.09347  0.008881    0.1532        15       640    0.2855    0.3217    0.2291   0.06699   0.05487   0.07323   0.02426
    43/199     4.93G   0.05072   0.09192  0.008874    0.1515        17       640    0.2222    0.4339    0.2238   0.06542    0.0546   0.07238    0.0269
    44/199     4.93G   0.05058    0.0933  0.008622    0.1525        16       640    0.3352    0.3414    0.2732   0.08381   0.05474   0.07227   0.02471
    45/199     4.93G   0.05028   0.09139  0.008599    0.1503        30       640    0.3649    0.3021     0.247   0.07334   0.05461   0.07219   0.02497
    46/199     4.93G   0.05028   0.09174  0.008523    0.1505        43       640    0.2665     0.333    0.2311   0.06762   0.05447   0.07207   0.02536
    47/199     4.93G   0.05026   0.09262  0.008466    0.1513        39       640    0.3874    0.3306    0.2334   0.06842   0.05436   0.07258   0.02553
    48/199     4.93G   0.04989    0.0925  0.008376    0.1508        16       640    0.2833    0.4388    0.2513   0.07408   0.05447   0.07152   0.02303
    49/199     4.93G   0.04996   0.09148  0.008328    0.1498        18       640     0.285     0.429    0.2539   0.07379   0.05473    0.0713    0.0241
    50/199     4.93G   0.04997   0.09098   0.00829    0.1492        15       640    0.3413    0.3409     0.253   0.07926   0.05475   0.07252   0.02469
    51/199     4.93G   0.04993   0.09174  0.008253    0.1499        22       640    0.2928    0.3431    0.2452   0.07556   0.05508   0.07361   0.02528
    52/199     4.93G   0.04954   0.09052  0.008149    0.1482        36       640    0.3204     0.364    0.2545   0.07761   0.05486   0.07389   0.02453
    53/199     4.93G    0.0496   0.09057  0.008067    0.1482        18       640    0.3681    0.2818    0.2567   0.07719   0.05459   0.07341   0.02509
    54/199     4.93G   0.04952   0.09121  0.008039    0.1488        21       640    0.4141    0.3466    0.2646   0.08488   0.05445   0.07328   0.02381
    55/199     4.93G   0.04917   0.08962  0.007825    0.1466         8       640    0.2975    0.3263    0.2451   0.07259    0.0542   0.07396   0.02592
    56/199     4.93G   0.04947   0.09164   0.00789     0.149        19       640    0.3285    0.3435    0.2493   0.07588   0.05425   0.07243   0.02588
    57/199     4.93G   0.04914    0.0898  0.007746    0.1467        48       640     0.228    0.4018    0.2178   0.06409   0.05509   0.07464   0.02904
    58/199     4.93G   0.04909   0.09071  0.007739    0.1475        53       640     0.248    0.4239    0.2376   0.06887   0.05433   0.07366   0.02483
    59/199     4.93G   0.04885   0.09027  0.007494    0.1466        33       640    0.2739    0.3287    0.2307   0.06845   0.05485   0.07432   0.02608
    60/199     4.93G   0.04884   0.08949  0.007504    0.1458        11       640     0.325     0.327    0.2502   0.07511   0.05462   0.07417   0.02698
    61/199     4.93G   0.04856   0.08954  0.007557    0.1457        45       640    0.3586    0.3286    0.2522   0.06909   0.05489   0.07414   0.02519
    62/199     4.93G   0.04854   0.08843  0.007449    0.1444        14       640    0.2873    0.3106    0.2305   0.06929   0.05446   0.07411   0.02511
    63/199     4.93G   0.04854   0.08852  0.007419    0.1445        38       640    0.2777     0.313    0.2204    0.0646   0.05486   0.07442   0.02612
    64/199     4.93G   0.04848   0.08944  0.007522    0.1454        48       640    0.3074    0.3281    0.2406   0.06639   0.05465   0.07525   0.02712
    65/199     4.93G   0.04836    0.0892  0.007244    0.1448        44       640     0.293    0.3571    0.2293   0.06716   0.05455   0.07427   0.02498
    66/199     4.93G   0.04815    0.0881  0.007386    0.1436        52       640    0.2533    0.3362    0.2205   0.06558   0.05444   0.07464   0.02703
    67/199     4.93G   0.04803   0.08857   0.00692    0.1435        12       640    0.3749    0.3265    0.2515   0.07125   0.05448   0.07448   0.02527
    68/199     4.93G   0.04784   0.08838  0.007022    0.1432        16       640    0.3487    0.3345    0.2493   0.07154    0.0546   0.07453   0.02659
    69/199     4.93G   0.04797   0.08876  0.007124    0.1439        20       640    0.3498    0.3848    0.2466   0.06918   0.05458   0.07459   0.02757
    70/199     4.93G   0.04766    0.0887  0.006903    0.1433        45       640     0.346    0.3372    0.2486   0.07378   0.05476   0.07513   0.02608
    71/199     4.93G   0.04758   0.08874  0.006792    0.1431        28       640    0.3857    0.3212    0.2254   0.06683   0.05492   0.07452   0.02673
    72/199     4.93G   0.04748   0.08678  0.006878    0.1411        20       640    0.3946    0.3083    0.2251   0.06708   0.05508   0.07531   0.02772
    73/199     4.93G   0.04732   0.08841  0.006766    0.1425        40       640     0.265    0.3343    0.2226   0.06572   0.05515   0.07537   0.02673
    74/199     4.93G   0.04735   0.08817    0.0066    0.1421         9       640    0.3255     0.315    0.2442   0.06977   0.05532   0.07548   0.02653
    75/199     4.93G   0.04727   0.08599  0.006766      0.14        11       640    0.2975    0.3315    0.2271   0.06702   0.05535   0.07609   0.02715
    76/199     4.93G   0.04696   0.08684  0.006551    0.1404        79       640    0.3029    0.3199    0.2287   0.06731   0.05515   0.07633   0.02747
    77/199     4.93G   0.04692   0.08676  0.006465    0.1401        19       640    0.2824    0.3622    0.2261    0.0669   0.05544   0.07721   0.02757
    78/199     4.93G   0.04676   0.08684  0.006418      0.14        37       640    0.2955    0.3662    0.2343   0.06949   0.05508   0.07675   0.02682
    79/199     4.93G   0.04687   0.08674  0.006458    0.1401        28       640    0.2814    0.3241     0.234   0.06907   0.05528   0.07714   0.02648
    80/199     4.93G   0.04671   0.08668  0.006379    0.1398        25       640    0.3361    0.3387    0.2256   0.06274   0.05538   0.07761   0.02982
    81/199     4.93G   0.04645   0.08633   0.00638    0.1392        19       640    0.2335    0.4518    0.2336    0.0677   0.05515   0.07711   0.02662
    82/199     4.93G   0.04626   0.08506  0.006218    0.1375        32       640    0.3363    0.3239    0.2509   0.07485   0.05544   0.07692   0.02889
    83/199     4.93G   0.04625   0.08546  0.006174    0.1379        24       640    0.3307    0.3546    0.2499   0.07068   0.05526   0.07722   0.02631
    84/199     4.93G    0.0462   0.08566  0.006158     0.138        55       640    0.2739    0.3249    0.2251   0.06654   0.05554   0.07731   0.02716
    85/199     4.93G   0.04592   0.08406  0.005968     0.136        11       640    0.3025     0.318    0.2227   0.06642   0.05564   0.07798   0.02683
    86/199     4.93G   0.04602   0.08439  0.006045    0.1365        31       640    0.3834    0.3094    0.2203    0.0647   0.05543   0.07811   0.02721
    87/199     4.93G   0.04585   0.08391     0.006    0.1358        17       640    0.3121    0.3637    0.2315     0.067   0.05521   0.07829   0.02872
    88/199     4.93G   0.04577   0.08567  0.006011    0.1374        45       640    0.3375    0.3595     0.237   0.06839   0.05523   0.07823    0.0267
    89/199     4.93G    0.0455   0.08393  0.005879    0.1353        52       640    0.2648    0.3315    0.2198   0.06505   0.05504   0.07783   0.02666
    90/199     4.93G   0.04559   0.08423  0.005781    0.1356        33       640    0.2964    0.3572    0.2272   0.06607   0.05498   0.07739   0.02688
    91/199     4.93G   0.04541   0.08464  0.005747    0.1358        28       640    0.2618    0.3665    0.2229   0.06666   0.05518   0.07861    0.0264
    92/199     4.93G   0.04513   0.08448  0.005694    0.1353        13       640    0.3797    0.3249    0.2466   0.06921   0.05507   0.07827   0.02684
    93/199     4.93G   0.04499   0.08258  0.005683    0.1333        17       640    0.3932    0.3123    0.2205   0.06529   0.05521   0.07857   0.02733
    94/199     4.93G   0.04498   0.08315   0.00567    0.1338        30       640    0.3788    0.3449    0.2432   0.06984   0.05564   0.07931   0.02787
    95/199     4.93G   0.04485   0.08383  0.005476    0.1342        14       640    0.3723    0.3209    0.2403   0.07261    0.0557   0.07955   0.02868
    96/199     4.93G   0.04467   0.08327  0.005477    0.1334        35       640    0.3783    0.3186     0.239   0.07193    0.0557   0.07965   0.02891
    97/199     4.93G   0.04448   0.08358  0.005415    0.1335        27       640    0.3536    0.3399    0.2449   0.06942   0.05568   0.07972   0.02764
    98/199     4.93G   0.04445   0.08254  0.005369    0.1324        16       640    0.3502    0.3294    0.2312   0.06573   0.05602   0.07971   0.02833
    99/199     4.93G   0.04436   0.08102  0.005475    0.1309        15       640    0.2652    0.3147    0.2096   0.06134   0.05624      0.08   0.02816
   100/199     4.93G   0.04425   0.08177  0.005277    0.1313        31       640    0.2859    0.3252    0.2123   0.06167   0.05634   0.08054   0.02859
   101/199     4.93G   0.04414    0.0813  0.005144    0.1306        35       640    0.2601    0.3686    0.2148   0.06203   0.05606    0.0803   0.02888
   102/199     4.93G   0.04406   0.08149    0.0053    0.1309         9       640    0.2927    0.3358    0.2154   0.06229   0.05585   0.08022   0.02845
   103/199     4.93G   0.04371   0.08181  0.005106    0.1306        34       640     0.349    0.3246    0.2258   0.06307   0.05575   0.08035   0.02873
   104/199     4.93G   0.04387   0.08104  0.005121      0.13        18       640    0.3733     0.322     0.212   0.06187   0.05576   0.08086   0.02845
   105/199     4.93G   0.04357   0.08026  0.005075    0.1289        32       640    0.3958    0.3028    0.2146   0.06322    0.0557   0.08077   0.02771
   106/199     4.93G   0.04352   0.08055  0.004987    0.1291        43       640    0.3752    0.3206    0.2099    0.0624   0.05581   0.08099   0.02876
   107/199     4.93G   0.04342   0.07988  0.004965    0.1283        26       640    0.3731    0.3199    0.2106   0.06216     0.056   0.08158   0.02859
   108/199     4.93G   0.04326   0.07998  0.004921    0.1282        30       640    0.3827    0.3068    0.2103   0.06217   0.05607   0.08171   0.02865
   109/199     4.93G   0.04317   0.08015  0.004944    0.1283        28       640    0.2764     0.298    0.2092    0.0617   0.05607   0.08149    0.0296
   110/199     4.93G   0.04306   0.08001  0.004786    0.1279        30       640    0.3849    0.3068    0.2107   0.06231   0.05606   0.08161    0.0289
   111/199     4.93G   0.04291   0.07849  0.004764    0.1262        22       640    0.2664    0.3211    0.2124   0.06275   0.05621   0.08194   0.02887
   112/199     4.93G   0.04272   0.07932  0.004668    0.1267        35       640    0.2812    0.3033    0.2146   0.06345   0.05625   0.08211   0.02889
   113/199     4.93G   0.04274   0.07874  0.004675    0.1262        22       640    0.2767    0.3091    0.2125   0.06264   0.05637   0.08225   0.02981
   114/199     4.93G   0.04272   0.07858   0.00461    0.1259         6       640    0.2711     0.315    0.2133   0.06334   0.05636   0.08236   0.02965
   115/199     4.93G    0.0422   0.07795  0.004405    0.1246        20       640    0.2709    0.3074    0.2111   0.06285   0.05635   0.08273   0.02956
   116/199     4.93G   0.04237   0.07827  0.004666    0.1253        35       640    0.2831    0.2894    0.2092   0.06225   0.05635   0.08304   0.02979
   117/199     4.93G   0.04209   0.07831  0.004461    0.1249        18       640    0.2682    0.3048    0.2094   0.06248   0.05635   0.08333   0.02982
   118/199     4.93G    0.0419   0.07711   0.00449    0.1235        42       640    0.2644    0.3089    0.2071   0.06121   0.05639   0.08366   0.03002
   119/199     4.93G    0.0418   0.07809  0.004384    0.1243        17       640    0.2772    0.3378     0.207   0.06054   0.05644   0.08393   0.03042
   120/199     4.93G   0.04164   0.07696  0.004394     0.123        26       640    0.3131    0.2976    0.2065   0.06019   0.05659   0.08437   0.03057
   121/199     4.93G   0.04162   0.07626  0.004398    0.1223        19       640    0.2638    0.3681    0.2095   0.06143   0.05678   0.08448   0.03091
   122/199     4.93G   0.04147   0.07679  0.004278    0.1225        10       640    0.2707    0.3698    0.2126     0.063   0.05686   0.08471   0.03067
   123/199     4.93G   0.04146   0.07668  0.004308    0.1224        13       640    0.2155    0.4115    0.2068   0.06145   0.05703   0.08486   0.03091
   124/199     4.93G   0.04121    0.0765  0.004324     0.122        18       640    0.2458    0.3677    0.2046   0.06055   0.05712   0.08499   0.03117
   125/199     4.93G   0.04106   0.07608  0.004295    0.1214        25       640    0.2693     0.356     0.207    0.0613   0.05703    0.0851   0.03058
   126/199     4.93G   0.04087   0.07629  0.003938    0.1211        33       640    0.2683    0.3416    0.2052   0.06032   0.05707   0.08534   0.03056
   127/199     4.93G    0.0408   0.07632  0.004081    0.1212        18       640    0.2852    0.3314    0.2065   0.06134   0.05709   0.08522   0.03043
   128/199     4.93G   0.04074    0.0745  0.004207    0.1195         8       640    0.2774    0.3354    0.2072   0.06073   0.05721   0.08533   0.03032
   129/199     4.93G   0.04076   0.07605  0.004054    0.1209        30       640    0.3016    0.3377    0.2098   0.06291   0.05728   0.08554   0.03026
   130/199     4.93G   0.04054   0.07494  0.003982    0.1195        38       640    0.2783    0.3403    0.2055   0.06056   0.05735     0.086    0.0303
   131/199     4.93G   0.04028   0.07484  0.003936    0.1191        19       640    0.2709    0.3491    0.2081     0.061   0.05732   0.08605   0.03066
   132/199     4.93G   0.04036   0.07457  0.003961    0.1189        20       640    0.2467     0.365    0.2026   0.06003   0.05733   0.08619   0.03073
   133/199     4.93G   0.04006    0.0749  0.003825    0.1188        69       640    0.2364    0.3778    0.2022   0.05936   0.05729   0.08623   0.03086
   134/199     4.93G    0.0399   0.07509  0.003817    0.1188        39       640    0.2211    0.3807    0.1996   0.05818   0.05731   0.08647   0.03116
   135/199     4.93G   0.03994   0.07433   0.00377     0.118        28       640    0.2544    0.3535    0.2007   0.05956   0.05734   0.08685   0.03118
   136/199     4.93G   0.03977   0.07456  0.003666     0.118        23       640    0.2566    0.3506    0.2024   0.05916    0.0574   0.08711   0.03121
   137/199     4.93G   0.03957   0.07374  0.003692     0.117        49       640    0.2709    0.3451    0.2033   0.06073   0.05738   0.08725   0.03119
   138/199     4.93G    0.0395   0.07277   0.00371     0.116        22       640    0.2637    0.3413    0.2021   0.06047    0.0574   0.08748   0.03115
   139/199     4.93G   0.03925   0.07373  0.003652    0.1166        44       640    0.2752      0.34    0.2033   0.06042   0.05745   0.08758   0.03122
   140/199     4.93G   0.03931   0.07243  0.003539    0.1153        35       640    0.2826    0.3328    0.2025   0.06054   0.05751   0.08776   0.03112
   141/199     4.93G   0.03907   0.07311   0.00358    0.1158        72       640    0.2681    0.3382     0.201   0.05945   0.05759   0.08799   0.03106
   142/199     4.93G   0.03903   0.07259  0.003554    0.1152        33       640    0.2581    0.3459    0.2009   0.05897   0.05763   0.08812   0.03122
   143/199     4.93G   0.03883   0.07226  0.003441    0.1145        21       640    0.2664     0.345    0.2007   0.05868   0.05772   0.08841   0.03145
   144/199     4.93G   0.03861   0.07225  0.003478    0.1143        47       640    0.2701     0.342    0.1999   0.05835   0.05774    0.0886   0.03168
   145/199     4.93G   0.03847   0.07104  0.003519     0.113        22       640    0.2885     0.343    0.2011   0.05711   0.05779   0.08879   0.03177
   146/199     4.93G   0.03845   0.07176  0.003401    0.1136        38       640    0.2627    0.3513    0.1984   0.05636   0.05785   0.08889   0.03196
   147/199     4.93G   0.03827   0.07096   0.00346    0.1127        19       640    0.2674    0.3435    0.1976   0.05622   0.05793   0.08907    0.0321
   148/199     4.93G   0.03812   0.07086  0.003389    0.1124        23       640    0.2458    0.3516    0.1954    0.0557   0.05796   0.08926   0.03204
   149/199     4.93G   0.03813   0.07099  0.003416    0.1125        39       640    0.2445    0.3521    0.1954   0.05566   0.05798    0.0894   0.03205
   150/199     4.93G   0.03787   0.07061  0.003389    0.1119        29       640    0.2372    0.3653    0.1947   0.05524   0.05802   0.08955   0.03218
   151/199     4.93G   0.03765   0.07054   0.00347    0.1117        10       640    0.3898    0.2746    0.1925   0.05469   0.05801   0.08974   0.03219
   152/199     4.93G   0.03763   0.06993  0.003286    0.1108        27       640    0.3815    0.2825    0.1916   0.05497     0.058    0.0899   0.03227
   153/199     4.93G   0.03739   0.07083  0.003225    0.1114        22       640    0.3819     0.281    0.1906   0.05456   0.05803    0.0901   0.03239
   154/199     4.93G   0.03734   0.06943  0.003163    0.1099        33       640    0.3912    0.2708    0.1902   0.05444   0.05808   0.09021   0.03246
   155/199     4.93G   0.03715   0.06892  0.003227    0.1093        13       640    0.3788    0.2836    0.1899   0.05452   0.05811   0.09036   0.03256
   156/199     4.93G   0.03709   0.07064  0.003212    0.1109        18       640    0.3748    0.2898    0.1901   0.05469   0.05813   0.09052   0.03259
   157/199     4.93G   0.03693   0.06913  0.003202    0.1093        37       640    0.3741      0.29    0.1903    0.0543   0.05816   0.09066   0.03268
   158/199     4.93G   0.03682   0.06937   0.00324    0.1094        32       640    0.2615    0.2934    0.1902   0.05432   0.05821   0.09077   0.03257
   159/199     4.93G   0.03678   0.06954  0.003038    0.1094        36       640    0.2605    0.2915    0.1905   0.05432   0.05824   0.09089   0.03253
   160/199     4.93G   0.03677   0.06831   0.00307    0.1081        46       640    0.3723    0.2901    0.1901   0.05427   0.05827   0.09094   0.03259
   161/199     4.93G   0.03649   0.06808  0.003041    0.1076        23       640    0.2551    0.2962    0.1898   0.05431    0.0583   0.09115   0.03271
   162/199     4.93G   0.03635   0.06743  0.003111    0.1069        27       640    0.2549    0.2937    0.1888   0.05396   0.05835   0.09135   0.03282
   163/199     4.93G   0.03634   0.06756  0.003112     0.107        45       640    0.2619    0.2851    0.1887   0.05382   0.05838   0.09152   0.03292
   164/199     4.93G   0.03623   0.06803  0.002949    0.1072        28       640    0.3744    0.2838    0.1889   0.05382   0.05838   0.09166   0.03296
   165/199     4.93G   0.03604   0.06739   0.00293    0.1064        24       640    0.3762    0.2792     0.189   0.05383   0.05841   0.09179   0.03307
   166/199     4.93G    0.0359   0.06814  0.002914     0.107        46       640    0.2511    0.2975     0.189   0.05385   0.05842   0.09185   0.03306
   167/199     4.93G   0.03597   0.06824  0.002929    0.1071        20       640    0.2494    0.3009    0.1887   0.05382   0.05844   0.09193   0.03309
   168/199     4.93G   0.03568   0.06761  0.002897    0.1062        36       640    0.2492    0.2969    0.1882   0.05369   0.05848   0.09206   0.03313
   169/199     4.93G   0.03569   0.06771  0.003044    0.1064        30       640    0.2492    0.2956    0.1879    0.0536   0.05849   0.09218   0.03317
   170/199     4.93G    0.0356    0.0675  0.002799    0.1059        50       640    0.2487     0.295    0.1869   0.05342   0.05851   0.09233   0.03317
   171/199     4.93G   0.03538   0.06749  0.002854    0.1057        27       640    0.2476    0.2951    0.1865   0.05307   0.05853   0.09247   0.03322
   172/199     4.93G   0.03532   0.06535  0.002925    0.1036        28       640    0.3815    0.2676    0.1863   0.05304   0.05854   0.09257   0.03325
   173/199     4.93G   0.03521   0.06701  0.002787     0.105        52       640     0.381    0.2678    0.1861   0.05313   0.05857   0.09269   0.03323
   174/199     4.93G   0.03509   0.06578  0.002811    0.1037        13       640    0.3791    0.2704    0.1859   0.05317    0.0586   0.09277   0.03322
   175/199     4.93G   0.03496   0.06595  0.002809    0.1037        28       640    0.3805     0.268    0.1856   0.05328   0.05862   0.09292   0.03327
   176/199     4.93G   0.03487   0.06613  0.002837    0.1038        31       640    0.3747    0.2745    0.1857   0.05323   0.05864   0.09303   0.03331
   177/199     4.93G   0.03474   0.06598  0.002785    0.1035        34       640    0.3765    0.2717    0.1851   0.05305   0.05866   0.09316   0.03339
   178/199     4.93G   0.03472   0.06575  0.002818    0.1033        27       640    0.3741    0.2741    0.1849   0.05293   0.05869   0.09327   0.03345
   179/199     4.93G   0.03454   0.06552   0.00265    0.1027        28       640    0.3732    0.2747     0.185   0.05297   0.05871    0.0934   0.03347
   180/199     4.93G   0.03445    0.0649  0.002701    0.1021        53       640    0.2478    0.2928    0.1848   0.05299   0.05874   0.09354   0.03349
   181/199     4.93G   0.03448   0.06555  0.002675    0.1027        22       640    0.2479     0.293    0.1843   0.05291   0.05877   0.09366   0.03351
   182/199     4.93G   0.03432   0.06483  0.002738    0.1019        29       640     0.363    0.2875    0.1838   0.05271   0.05879   0.09376   0.03353
   183/199     4.93G   0.03419    0.0648  0.002728    0.1017        53       640    0.3599     0.292    0.1842   0.05282    0.0588   0.09387   0.03352
   184/199     4.93G   0.03421    0.0645  0.002729    0.1014        32       640    0.3604    0.2911    0.1839   0.05276   0.05881   0.09397   0.03355
   185/199     4.93G   0.03395   0.06477  0.002704    0.1014        34       640    0.3663    0.2845    0.1843   0.05285   0.05882   0.09409   0.03356
   186/199     4.93G   0.03389   0.06535  0.002668    0.1019        17       640    0.2453    0.2979    0.1841   0.05285   0.05884   0.09418   0.03357
   187/199     4.93G   0.03382   0.06416  0.002597    0.1006        13       640    0.3593    0.2939    0.1844   0.05299   0.05885   0.09427   0.03353
   188/199     4.93G   0.03362   0.06399  0.002651    0.1003        14       640    0.3609    0.2909    0.1842   0.05288   0.05887   0.09436   0.03358
   189/199     4.93G   0.03365    0.0649  0.002635    0.1012        29       640    0.3619    0.2902    0.1845   0.05288   0.05888   0.09444   0.03359
   190/199     4.93G   0.03355   0.06397  0.002643    0.1002        15       640    0.3625    0.2898    0.1843   0.05277    0.0589   0.09451    0.0336
   191/199     4.93G   0.03356   0.06325  0.002674   0.09949        16       640    0.3619    0.2891    0.1844   0.05274    0.0589   0.09458   0.03364
   192/199     4.93G   0.03351   0.06394  0.002554   0.09999        20       640    0.3638    0.2858    0.1845   0.05272    0.0589   0.09465   0.03366
   193/199     4.93G   0.03343   0.06352  0.002537   0.09949        15       640    0.3628    0.2858    0.1844   0.05271   0.05891   0.09471   0.03366
   194/199     4.93G   0.03337    0.0632  0.002588   0.09916        14       640    0.3624    0.2861    0.1844   0.05269   0.05892   0.09478    0.0337
   195/199     4.93G   0.03341   0.06332  0.002622   0.09935        26       640    0.3624    0.2863    0.1843   0.05264   0.05893   0.09485   0.03371
   196/199     4.93G   0.03304   0.06328   0.00253   0.09885        34       640    0.3615    0.2868    0.1841   0.05266   0.05895   0.09495   0.03377
   197/199     4.93G   0.03323   0.06267  0.002531   0.09843        22       640    0.3634    0.2831    0.1839   0.05255   0.05896   0.09503   0.03381
   198/199     4.93G   0.03303   0.06332  0.002484   0.09883        20       640    0.3611    0.2867    0.1836   0.05252   0.05897   0.09509   0.03384
   199/199     4.93G   0.03305   0.06264  0.002569   0.09827        25       640    0.3621    0.2852    0.1837   0.05252   0.05898   0.09517   0.03385
