      0/99     7.64G   0.08253    0.1094   0.02977    0.2217        37       640    0.4054   0.01442 0.0008676 0.0001526    0.1058   0.05968   0.05977
      1/99     9.88G   0.06954    0.1072   0.01751    0.1943        19       640     0.286    0.1116   0.05358   0.01104   0.07358   0.08596   0.02394
      2/99     9.88G   0.06619    0.1063   0.01511    0.1876        17       640    0.2636    0.2298   0.04813  0.009814   0.07241   0.08534   0.02103
      3/99     9.88G   0.06559     0.105   0.01406    0.1846        40       640    0.7297    0.1561    0.1067   0.02262   0.06468   0.07825   0.02372
      4/99     9.88G   0.06422    0.1033   0.01297    0.1805        33       640    0.5291    0.1264   0.09343   0.02032   0.06911   0.07759   0.01934
      5/99     9.88G   0.06399    0.1031   0.01263    0.1797        21       640   0.01538 4.021e-05 7.904e-05 3.952e-05    0.1172       nan       nan
      6/99     9.88G   0.06467    0.1041   0.01292    0.1817        33       640    0.2635    0.1438   0.05505   0.01102   0.07062   0.09068   0.02605
      7/99     9.88G   0.06372    0.1007   0.01194    0.1763         7       640      0.46   0.04722   0.02075  0.003794   0.08177   0.08143   0.03698
      8/99     9.88G   0.06397     0.104   0.01232    0.1803        18       640    0.5023     0.112   0.05187   0.01047   0.07531   0.07611   0.02339
      9/99     9.88G   0.06362    0.1016   0.01238    0.1776        12       640    0.5242     0.129   0.09536   0.02267   0.06654   0.08042   0.02133
     10/99     9.89G   0.06301    0.1047   0.01179    0.1795        40       640    0.5074    0.1362   0.09678   0.02055   0.06781   0.07165    0.0183
     11/99     9.89G   0.06274    0.1027   0.01163    0.1771        36       640    0.3647    0.1858    0.1286   0.03078   0.06504   0.07233   0.01588
     12/99     9.89G   0.06269     0.102   0.01178    0.1765        26       640    0.1332    0.4557    0.1811   0.04436   0.06272   0.07261   0.02044
     13/99     9.89G   0.06263    0.1034   0.01139    0.1774        24       640    0.3547   0.08832   0.05869   0.01301   0.07166   0.08728    0.0251
     14/99     9.89G   0.06226    0.1015   0.01158    0.1753        23       640    0.3358    0.1979      0.11   0.02399   0.07108      0.07   0.01557
     15/99     9.89G   0.06224    0.1028   0.01139    0.1764        32       640    0.1652    0.3541    0.1773   0.03815   0.06207    0.0716   0.01386
     16/99     9.89G   0.06218    0.1014   0.01108    0.1747        29       640    0.3526    0.1667    0.1302   0.03159   0.06453   0.07517   0.02263
     17/99     9.89G   0.06159    0.1022    0.0113    0.1751        33       640    0.7639     0.164    0.1458   0.03525   0.06488   0.07153   0.01959
     18/99     9.89G    0.0617    0.1021   0.01147    0.1753        23       640    0.3787    0.2775    0.1848   0.04508   0.06141   0.07191   0.01319
     19/99     9.89G   0.06155    0.1008   0.01115    0.1735        16       640    0.5504    0.1551    0.1298   0.03098   0.06647   0.07186   0.01803
     20/99     9.89G   0.06166    0.1025    0.0112    0.1754        43       640    0.3249    0.1657    0.1001   0.02348   0.06723   0.07957   0.02077
     21/99     9.89G   0.06123    0.1019   0.01091    0.1741        18       640    0.2076    0.2542    0.1725   0.04086   0.06346   0.07215   0.01366
     22/99     9.89G   0.06122    0.1023   0.01104    0.1745        42       640     0.364    0.2902    0.1862   0.04623   0.06246   0.07272   0.01566
     23/99     9.89G   0.06112     0.101   0.01086     0.173        15       640    0.3972    0.3106    0.1922   0.04429   0.06146   0.07394   0.01413
     24/99     9.89G   0.06098    0.1013   0.01084    0.1731        28       640    0.4382     0.135    0.1196   0.02747   0.06912   0.07144   0.01519
     25/99     9.89G   0.06072    0.1006   0.01074    0.1721        51       640    0.3877    0.2219    0.1708   0.04305   0.06299   0.07228    0.0148
     26/99     9.89G    0.0607    0.1015   0.01075    0.1729        12       640    0.2073    0.2771    0.1761   0.04417   0.06206   0.07309   0.01559
     27/99     9.89G   0.06076    0.1009   0.01091    0.1726        15       640    0.3711    0.1993    0.1261    0.0311   0.07092   0.07039   0.01651
     28/99     9.89G   0.06053    0.1002   0.01062    0.1713        30       640    0.4764    0.2511    0.1945   0.04777   0.06281   0.07409    0.0146
     29/99     9.89G   0.06064    0.1001    0.0108    0.1715        14       640    0.4009    0.2271    0.1843   0.04536     0.062   0.07046    0.0146
     30/99     9.89G   0.06048    0.1009   0.01082    0.1722        20       640    0.3912    0.2635    0.1643   0.03823    0.0645   0.07133   0.01306
     31/99     9.89G   0.06042    0.1014   0.01079    0.1726        34       640    0.7021    0.1795    0.2056   0.05187   0.06125   0.07016    0.0171
     32/99     9.89G   0.06027     0.101   0.01049    0.1717        26       640    0.3588    0.1905    0.1083   0.02604   0.06686   0.07731    0.0225
     33/99     9.89G   0.06033    0.1003   0.01085    0.1715        39       640    0.4126    0.1905    0.1603   0.04108   0.06441   0.07809   0.01651
     34/99     9.89G   0.06017    0.1019   0.01056    0.1727        25       640    0.3581     0.188      0.13   0.03185   0.06934   0.07223   0.01235
     35/99     9.89G   0.05987    0.1005   0.01044    0.1708         6       640    0.3935     0.328    0.2418   0.06381   0.05868   0.07065   0.01286
     36/99     9.89G   0.06001    0.1021   0.01056    0.1727        18       640    0.5809    0.2043    0.2071   0.05315   0.05996   0.07084   0.01872
     37/99     9.89G   0.06005     0.101   0.01045    0.1715        48       640     0.433    0.3288    0.2282   0.05832   0.05877   0.07389   0.01203
     38/99     9.89G   0.05982   0.09886    0.0105    0.1692        24       640    0.4221    0.2977    0.2062     0.054    0.0615   0.07527   0.01435
     39/99     9.89G   0.05963    0.1006   0.01054    0.1708        21       640    0.4295    0.2556    0.2281   0.06023   0.05859    0.0719   0.01278
     40/99     9.89G   0.05987    0.1022   0.01044    0.1725        48       640    0.4286    0.2824    0.2425   0.06102   0.05926   0.06988   0.01286
     41/99     9.89G    0.0599    0.1016   0.01045    0.1719        15       640    0.4546    0.2808    0.2437   0.06349   0.05894    0.0698   0.01228
     42/99     9.89G   0.05957    0.1017   0.01047    0.1718        19       640    0.4043    0.2395    0.1646   0.04144   0.06443    0.0694   0.01394
     43/99     9.89G   0.05942    0.1009   0.01014    0.1704        24       640     0.389     0.266    0.2015   0.04955   0.06055   0.06919   0.01417
     44/99     9.89G   0.05938   0.09999   0.01041    0.1698        33       640     0.374    0.2353    0.1434   0.03263   0.06743   0.07047   0.01311
     45/99     9.89G   0.05939    0.1007   0.01019    0.1703        46       640     0.392    0.3106    0.2148   0.05791   0.05784   0.07202   0.01488
     46/99     9.89G   0.05932     0.102   0.01017    0.1715        51       640    0.3965    0.2946    0.2186   0.05784   0.05938     0.071   0.01453
     47/99     9.89G   0.05934    0.1017   0.01014    0.1712        53       640    0.4255     0.348    0.2506   0.06729   0.05805   0.06972   0.01297
     48/99     9.89G   0.05903    0.1016    0.0103    0.1709        52       640    0.4519    0.2419    0.1635   0.03797   0.06511   0.07105   0.01174
     49/99     9.89G     0.059    0.1013  0.009906    0.1702        31       640    0.4411    0.2777    0.2452   0.06598   0.05811    0.0696   0.01437
     50/99     9.89G   0.05937    0.1011   0.01015    0.1706        71       640    0.2431    0.5888    0.2988    0.0761   0.05782   0.07031   0.01231
     51/99     9.89G   0.05859    0.1003  0.009758    0.1686        18       640     0.222     0.203    0.1408   0.03235   0.06697   0.07155   0.01448
     52/99     9.89G   0.05882     0.101  0.009795    0.1696        17       640    0.2091    0.3089    0.2205   0.05776   0.05989    0.0694   0.01317
     53/99     9.89G   0.05864    0.1011   0.00978    0.1695        18       640    0.4831    0.2839    0.2527   0.06583    0.0579   0.06912    0.0111
     54/99     9.89G   0.05855    0.1018  0.009593      0.17        10       640    0.4129    0.3844    0.2665   0.07162   0.05725   0.06867   0.01112
     55/99     9.89G   0.05863    0.1016   0.01007    0.1703        15       640    0.4263    0.3168    0.2194   0.05495   0.06061   0.07213   0.01047
     56/99     9.89G   0.05835    0.1011  0.009731    0.1692        72       640    0.4302    0.3099    0.2288   0.06005   0.05893    0.0707   0.01275
     57/99     9.89G   0.05828    0.1007  0.009661    0.1686        21       640    0.4387    0.3527    0.2565   0.06869   0.05706   0.07073  0.009329
     58/99     9.89G   0.05839   0.09933  0.009516    0.1672        29       640    0.4038    0.2738    0.1969    0.0502   0.06149   0.07086   0.01252
     59/99     9.89G   0.05818    0.1015  0.009491    0.1692        43       640    0.4286    0.3609    0.2782   0.07285   0.05773   0.06968    0.0114
     60/99     9.89G   0.05775   0.09973    0.0094    0.1669        31       640    0.2414    0.4552    0.2705   0.07311   0.05644   0.06962   0.01132
     61/99     9.89G   0.05798    0.1011  0.009362    0.1684        55       640    0.5402     0.312    0.2709    0.0741   0.05653    0.0696   0.01042
     62/99     9.89G   0.05775   0.09932  0.009434    0.1665        39       640    0.4041    0.3882    0.2536   0.06845   0.05705   0.06957   0.01061
     63/99     9.89G   0.05776    0.1009  0.009324     0.168        34       640    0.4435    0.3399    0.2642   0.07071   0.05684   0.07051   0.01075
     64/99     9.89G   0.05765   0.09959  0.009146    0.1664        32       640    0.2178    0.3843    0.2619   0.07113    0.0568   0.07001   0.01142
     65/99     9.89G   0.05774   0.09963  0.009175    0.1665        30       640    0.4375    0.3574    0.2788   0.07523   0.05675   0.06964    0.0106
     66/99     9.89G   0.05737   0.09917  0.009198    0.1657        29       640    0.2381    0.3711    0.2673   0.07171   0.05709   0.07036   0.01019
     67/99     9.89G   0.05706    0.1002  0.009014    0.1663        27       640    0.2404    0.3318    0.2454   0.06465   0.05809   0.06966  0.009466
     68/99     9.89G   0.05712       0.1  0.008974    0.1661        21       640    0.2358    0.3548    0.2677    0.0718   0.05667   0.06984   0.01093
     69/99     9.89G   0.05696   0.09924  0.008934    0.1651        23       640    0.4481    0.3394    0.2693   0.07507   0.05638   0.06936   0.01184
     70/99     9.89G   0.05706   0.09945  0.008869    0.1654        17       640    0.2704    0.4629    0.2918   0.07837   0.05644   0.06882  0.009634
     71/99     9.89G   0.05688     0.101  0.008776    0.1667        48       640    0.1962    0.5273    0.2665   0.07071   0.05656   0.06998   0.01052
     72/99     9.89G   0.05679   0.09983  0.008751    0.1654        22       640    0.4615    0.3591    0.2754    0.0763   0.05596   0.06919  0.009662
     73/99     9.89G   0.05698   0.09954  0.008958    0.1655        22       640    0.4434    0.3277    0.2495   0.06888   0.05686    0.0701   0.01191
     74/99     9.89G   0.05675    0.1001  0.008871    0.1658        26       640    0.4341    0.3601    0.2466   0.06502   0.05785   0.07094  0.009254
     75/99     9.89G   0.05648   0.09998  0.008527     0.165        30       640    0.2399    0.3616     0.261    0.0715   0.05644   0.07024  0.009897
     76/99     9.89G   0.05678   0.09999   0.00877    0.1655        38       640    0.2468    0.3692    0.2721   0.07578   0.05579   0.06995   0.01036
     77/99     9.89G   0.05644    0.1008  0.008686    0.1659        29       640    0.2122    0.4702    0.2753   0.07571   0.05645    0.0695   0.01108
     78/99     9.89G    0.0563    0.1011  0.008661    0.1661        46       640    0.4485    0.3548    0.2633   0.07163   0.05723   0.07033  0.009484
     79/99     9.89G   0.05587    0.0984  0.008392    0.1627        12       640    0.2532    0.3601    0.2794   0.07711   0.05585   0.06949   0.01049
     80/99     9.89G   0.05614   0.09912  0.008287    0.1635        17       640    0.2609    0.3354    0.2705   0.07441    0.0558   0.06966   0.01184
     81/99     9.89G   0.05624    0.1001  0.008499    0.1648        21       640    0.2578    0.3402    0.2602   0.07077   0.05643    0.0701   0.01034
     82/99     9.89G   0.05575   0.09822  0.008255    0.1622        20       640    0.2802    0.3445     0.274   0.07549   0.05599   0.07002  0.009527
     83/99     9.89G   0.05569   0.09774  0.008159    0.1616        45       640    0.2706    0.3515    0.2761   0.07667    0.0556   0.07038  0.009977
     84/99     9.89G   0.05564   0.09894  0.008107    0.1627        25       640     0.273    0.3501    0.2734   0.07528   0.05597   0.07008  0.009761
     85/99     9.89G   0.05577   0.09992  0.008226    0.1639        35       640    0.2528    0.3671    0.2699   0.07514   0.05584    0.0702  0.009885
     86/99     9.89G    0.0559   0.09966  0.008253    0.1638        14       640    0.4609    0.3586    0.2773   0.07746   0.05558   0.06976   0.01055
     87/99     9.89G   0.05549   0.09927   0.00799    0.1627        24       640    0.2585    0.3509    0.2699   0.07369   0.05625   0.07015    0.0103
     88/99     9.89G   0.05558   0.09829  0.008071    0.1619        28       640    0.2977    0.3771    0.2776   0.07573   0.05611   0.07012   0.01024
     89/99     9.89G   0.05534   0.09822  0.008103    0.1617        18       640    0.2912    0.3855     0.277   0.07641    0.0558   0.07009   0.01003
     90/99     9.89G   0.05555   0.09894  0.008121    0.1626        33       640    0.4849    0.3495    0.2861   0.07938   0.05539   0.06975  0.009767
     91/99     9.89G   0.05547   0.09785  0.008086    0.1614        29       640    0.2721    0.3681    0.2831   0.07912   0.05542   0.06986  0.009666
     92/99     9.89G   0.05536   0.09805  0.008037    0.1614        34       640    0.2714    0.3738    0.2798   0.07783   0.05561   0.06991  0.009763
     93/99     9.89G   0.05534   0.09934  0.008084    0.1628        44       640    0.2705    0.3637    0.2799   0.07746   0.05559   0.06983   0.01002
     94/99     9.89G   0.05539   0.09882  0.008023    0.1622        20       640    0.2686    0.3604    0.2764   0.07695   0.05579   0.07011  0.009912
     95/99     9.89G   0.05502   0.09867   0.00774    0.1614        13       640    0.2846    0.3396    0.2751   0.07659   0.05586   0.07023  0.009678
     96/99     9.89G   0.05516    0.0983  0.007855    0.1613        40       640     0.276    0.3648    0.2824   0.07826   0.05559   0.07024  0.009282
     97/99     9.89G   0.05512   0.09904  0.007828     0.162        27       640    0.2724    0.3732    0.2812   0.07824   0.05557   0.06987  0.009572
     98/99     9.89G   0.05495    0.0984  0.007704    0.1611        27       640    0.2793    0.3585    0.2822     0.078   0.05561   0.06963  0.009664
     99/99     9.89G   0.05506   0.09887  0.007724    0.1616        24       640    0.2814    0.3605    0.2838   0.07955   0.05537   0.06943  0.009411
