     0/999     5.21G   0.09364    0.1061   0.06242    0.2621        25       640  0.002935   0.01849 0.0001614 3.379e-05   0.08568   0.07501   0.06155
     1/999     5.23G   0.08377    0.1109   0.04923    0.2439        34       640    0.3489   0.06129  0.006624  0.001168   0.07764   0.07823   0.05832
     2/999     5.23G   0.07444    0.1068   0.03836    0.2196        22       640    0.1843   0.04383     0.015  0.003488   0.08443    0.1019   0.07363
     3/999     5.23G   0.06745    0.1027   0.02788     0.198        28       640    0.3596    0.1452   0.09177   0.02311   0.06915   0.07646   0.03902
     4/999     5.23G   0.06376    0.1009   0.02253    0.1872        16       640    0.3033    0.2525    0.1468   0.03709   0.05919   0.07019   0.03119
     5/999     5.23G   0.06124    0.1009   0.01937    0.1815        23       640    0.1434    0.2817    0.1073   0.02603   0.06009   0.07423   0.03963
     6/999     5.23G   0.06002   0.09893   0.01789    0.1768        25       640    0.3075    0.2739    0.1574   0.04324   0.05784   0.07116   0.03095
     7/999     5.23G   0.05893   0.09937   0.01692    0.1752        44       640    0.1899    0.2412    0.1267   0.03262   0.05916    0.0717   0.03927
     8/999     5.23G     0.058   0.09918   0.01559    0.1728        15       640    0.1874    0.2737    0.1628   0.04397   0.05752   0.07215   0.02929
     9/999     5.23G    0.0577   0.09894    0.0151    0.1717        60       640    0.3549    0.2848    0.1883   0.05147   0.05701   0.06991   0.02693
    10/999     5.23G   0.05712    0.1005   0.01458    0.1722        14       640    0.3332     0.299     0.177    0.0488   0.05609   0.07205   0.02879
    11/999     5.23G   0.05645   0.09704   0.01397    0.1675        24       640    0.2359    0.3377    0.1923   0.05321   0.05663   0.07091   0.03203
    12/999     5.23G   0.05631   0.09855   0.01381    0.1687        34       640    0.2362    0.3641    0.2038   0.05454   0.05614   0.07339   0.02869
    13/999     5.23G   0.05583   0.09746   0.01321    0.1665        62       640    0.3336    0.2939    0.1867   0.05319   0.05671   0.07133   0.02765
    14/999     5.23G   0.05533   0.09792   0.01304    0.1663        24       640    0.2166    0.4154    0.2045   0.05801   0.05518   0.07192   0.02806
    15/999     5.23G   0.05519   0.09717   0.01253    0.1649        50       640    0.2417    0.3117    0.2089   0.05911   0.05555   0.07183   0.02863
    16/999     5.23G   0.05464    0.0956   0.01237    0.1626        29       640    0.2942     0.355    0.2487   0.06711   0.05534   0.06998   0.02767
    17/999     5.23G   0.05452   0.09621   0.01205    0.1628        27       640     0.271    0.3992    0.2459   0.06859   0.05456   0.07158   0.02368
    18/999     5.23G   0.05449   0.09746   0.01192    0.1639        18       640    0.1871    0.4475    0.1987   0.05602   0.05574   0.07197   0.02946
    19/999     5.23G   0.05413   0.09761    0.0117    0.1634        32       640    0.2673    0.3108    0.2046   0.05808   0.05568   0.07191   0.02836
    20/999     5.23G   0.05408   0.09638   0.01162    0.1621        12       640    0.2544    0.3253    0.2237    0.0661   0.05489   0.07105   0.02973
    21/999     5.23G   0.05381   0.09582   0.01112    0.1607        23       640    0.3155    0.3551    0.2512   0.07216   0.05502   0.07121   0.02344
    22/999     5.23G   0.05355   0.09624   0.01116    0.1609        15       640    0.2994    0.3496    0.2341   0.06367   0.05509   0.07138     0.024
    23/999     5.23G    0.0534   0.09583   0.01098    0.1602        36       640    0.2979    0.3086    0.2255   0.06404   0.05542   0.07174   0.02639
    24/999     5.23G   0.05331   0.09631   0.01064    0.1603        19       640    0.2773    0.3572    0.2257   0.06462   0.05453   0.07173   0.02638
    25/999     5.23G    0.0529   0.09481   0.01066    0.1584        31       640    0.2726    0.3275    0.2329   0.06891   0.05594   0.07198   0.03098
    26/999     5.23G   0.05298   0.09526   0.01064    0.1589        22       640    0.2403    0.3848    0.2227   0.06398   0.05477   0.07213   0.03166
    27/999     5.23G   0.05276   0.09453    0.0104    0.1577        34       640     0.408    0.3196    0.2446   0.07213   0.05469   0.07228   0.02428
    28/999     5.23G   0.05272    0.0952   0.01018    0.1581        13       640    0.3276    0.3124    0.2337   0.06929   0.05435   0.07176   0.02785
    29/999     5.23G   0.05268   0.09483   0.01002    0.1575        26       640    0.3242     0.292    0.2243   0.06114   0.05578   0.07293   0.03037
    30/999     5.23G    0.0524   0.09367   0.01021    0.1563        32       640    0.3196    0.3224    0.2404   0.06833   0.05485   0.07329   0.03068
    31/999     5.23G   0.05253   0.09527   0.01009    0.1579        50       640    0.2921    0.3583    0.2181   0.06201   0.05489   0.07192   0.02925
    32/999     5.23G   0.05227   0.09286   0.00977    0.1549        37       640    0.3457     0.314    0.2557   0.07174   0.05399    0.0709   0.02427
    33/999     5.23G   0.05202    0.0952  0.009606    0.1568        28       640    0.3414     0.335     0.258   0.07389   0.05445   0.07303   0.02636
    34/999     5.23G   0.05196   0.09439  0.009566    0.1559         6       640    0.3249    0.3317    0.2602   0.07446   0.05433   0.07252   0.03009
    35/999     5.23G   0.05188   0.09371  0.009573    0.1552        14       640    0.3436    0.3422    0.2473   0.07017   0.05487   0.07166   0.02928
    36/999     5.23G   0.05181    0.0933  0.009452    0.1546        17       640    0.3385    0.3397    0.2494   0.07251   0.05457   0.07184   0.02564
    37/999     5.23G   0.05182   0.09461  0.009425    0.1559        17       640    0.3541    0.3213    0.2598   0.07585   0.05451   0.07242   0.02425
    38/999     5.23G   0.05158   0.09416  0.009438    0.1552        17       640    0.3303    0.2792     0.229   0.06354    0.0553   0.07224   0.03423
    39/999     5.23G   0.05149   0.09544  0.009305    0.1562        42       640    0.3585    0.3473    0.2626    0.0753   0.05467   0.07149   0.02458
    40/999     5.23G   0.05135   0.09216  0.009108    0.1526        14       640    0.3226    0.3188    0.2484   0.06829   0.05506   0.07159    0.0283
    41/999     5.23G   0.05117   0.09385  0.008804    0.1538        36       640    0.3301    0.4074    0.2732   0.07569   0.05435   0.07305   0.02871
    42/999     5.23G   0.05128   0.09309   0.00883    0.1532        37       640    0.3297    0.3281    0.2638   0.07867   0.05451   0.07282   0.02811
    43/999     5.23G   0.05108   0.09276  0.008914    0.1527        29       640     0.346    0.3477     0.277   0.07813   0.05401   0.07264   0.02529
    44/999     5.23G   0.05108    0.0911  0.008914    0.1511        23       640    0.3443    0.3094    0.2613   0.07795    0.0542   0.07254   0.02532
    45/999     5.23G   0.05082   0.09215  0.008716    0.1517        38       640    0.2729    0.3778    0.2548   0.08016   0.05381   0.07207   0.02497
    46/999     5.23G   0.05088   0.09247  0.008623     0.152        36       640    0.3396    0.3192    0.2426   0.07082   0.05385   0.07233   0.02627
    47/999     5.23G    0.0507   0.09192  0.008451    0.1511        40       640    0.3557    0.3054    0.2538   0.07354    0.0552   0.07302   0.02914
    48/999     5.23G   0.05073   0.09328  0.008537    0.1525        34       640    0.3096    0.3435    0.2476   0.07329   0.05475   0.07332   0.02611
    49/999     5.23G   0.05061    0.0923  0.008532    0.1514        38       640     0.366    0.2642    0.2413   0.06944   0.05526   0.07394   0.03204
    50/999     5.23G   0.05044   0.09133  0.008374    0.1501        20       640    0.3461    0.2968    0.2385   0.06884   0.05555   0.07511   0.03108
    51/999     5.23G   0.05054   0.09352  0.008328    0.1524         9       640     0.263    0.3127    0.2156   0.06409    0.0547   0.07342   0.03222
    52/999     5.23G   0.05015   0.09194  0.008303    0.1504        15       640    0.3021    0.3077    0.2429   0.06961   0.05491   0.07488   0.02962
    53/999     5.23G   0.05027   0.09418  0.008022    0.1525        25       640      0.31     0.329     0.236   0.06877   0.05487   0.07283   0.02776
    54/999     5.23G   0.05004   0.09133  0.008202    0.1496        52       640    0.2742    0.3332    0.2402   0.07142   0.05441   0.07302   0.02757
    55/999     5.23G   0.05021    0.0916  0.008307    0.1501        21       640    0.3625    0.3329    0.2552   0.07147   0.05409   0.07324   0.02796
    56/999     5.23G      0.05   0.09135  0.008004    0.1493        30       640     0.376     0.332    0.2598   0.07514    0.0542   0.07268   0.02728
    57/999     5.23G   0.04971   0.09005  0.008166    0.1479        34       640    0.3229    0.3339    0.2509   0.07124   0.05452   0.07348   0.02633
    58/999     5.23G   0.04991    0.0912  0.007767    0.1489        19       640     0.351    0.3136    0.2486   0.07281   0.05468   0.07386   0.02818
    59/999     5.23G   0.04958   0.09146  0.007847    0.1489        29       640    0.3289    0.3314    0.2492   0.07065   0.05541    0.0745    0.0272
    60/999     5.23G   0.04958   0.09167  0.007815    0.1491        14       640     0.312    0.3256    0.2499   0.07425    0.0543   0.07208   0.02811
    61/999     5.23G   0.04971   0.09066  0.007982    0.1483        17       640    0.3317    0.3287    0.2492   0.07264   0.05488   0.07284   0.02937
    62/999     5.23G   0.04943   0.09065  0.007634    0.1477        48       640    0.3078    0.3262    0.2404   0.06918   0.05471    0.0737    0.0271
    63/999     5.23G   0.04944    0.0904  0.007515    0.1474        16       640    0.3022    0.3274    0.2398   0.06876   0.05466   0.07343   0.02784
    64/999     5.23G   0.04926   0.08973  0.007662    0.1467        16       640    0.3424     0.329    0.2451   0.07176   0.05509   0.07326   0.02848
    65/999     5.23G    0.0492   0.09017  0.007555    0.1469        30       640    0.2764    0.2964    0.2185   0.06422   0.05481   0.07253   0.02849
    66/999     5.23G   0.04912   0.09007  0.007476    0.1467        56       640    0.3682    0.3279    0.2548   0.07311   0.05436   0.07328   0.02877
    67/999     5.23G   0.04908   0.08959  0.007514    0.1462        33       640    0.3554    0.2984    0.2481   0.06956   0.05475    0.0736   0.02931
    68/999     5.23G   0.04908   0.08936  0.007345    0.1458        45       640    0.3137    0.2996    0.2313   0.06746   0.05486   0.07349    0.0314
    69/999     5.23G   0.04899    0.0887   0.00755    0.1452        17       640    0.3312    0.3098     0.244   0.06728   0.05504   0.07401   0.02877
    70/999     5.23G   0.04875   0.08914  0.007374    0.1453        26       640    0.3352    0.3056    0.2327   0.06793   0.05519   0.07472   0.03026
    71/999     5.23G   0.04871   0.08884   0.00729    0.1448        31       640     0.362    0.3265    0.2559    0.0736   0.05472   0.07428   0.02572
    72/999     5.23G   0.04864   0.08988   0.00716    0.1457        41       640    0.3475     0.278    0.2319   0.06391   0.05522   0.07498   0.03127
    73/999     5.23G   0.04859   0.08879  0.006997    0.1444        33       640    0.3059    0.3317    0.2405   0.07164   0.05526   0.07497   0.02961
    74/999     5.23G   0.04866   0.08894  0.007261    0.1449        11       640    0.3532    0.2999    0.2318   0.06561   0.05517   0.07499   0.03113
    75/999     5.23G   0.04851   0.08847  0.006967     0.144        33       640    0.3116    0.3222    0.2476   0.07133    0.0551   0.07565   0.03067
    76/999     5.23G   0.04853     0.089  0.007075    0.1446        22       640    0.3638    0.3293    0.2554   0.07684   0.05474   0.07382    0.0286
    77/999     5.23G   0.04817   0.08833  0.006958    0.1435        30       640    0.3131    0.3294    0.2438   0.07074   0.05506    0.0749   0.03079
    78/999     5.23G    0.0482   0.08824  0.007059    0.1435        26       640    0.3589    0.3262    0.2381   0.06682   0.05486   0.07527   0.02868
    79/999     5.23G   0.04811   0.08822  0.006862    0.1432         7       640     0.332     0.304    0.2416   0.06966   0.05479   0.07489   0.03131
    80/999     5.23G   0.04799   0.08811  0.006892     0.143        33       640    0.3452    0.3239    0.2415   0.07124   0.05514   0.07549   0.03155
    81/999     5.23G   0.04805   0.08756  0.006886    0.1425        33       640    0.3462    0.2958    0.2304   0.06297   0.05551   0.07535   0.03298
    82/999     5.23G   0.04775   0.08672  0.006666    0.1411        15       640    0.3471    0.3003    0.2262   0.06378   0.05562    0.0752   0.03173
    83/999     5.23G   0.04774   0.08697  0.006834    0.1415        22       640    0.3018     0.314     0.233   0.06451   0.05529   0.07546   0.03079
    84/999     5.23G   0.04765   0.08693  0.006547    0.1411        10       640     0.232    0.4012    0.2182   0.06392   0.05524    0.0752   0.02893
    85/999     5.23G   0.04782   0.08769  0.006586    0.1421        14       640    0.3314    0.3299    0.2429   0.07008   0.05475   0.07481   0.02933
    86/999     5.23G   0.04767   0.08678  0.006704    0.1411        28       640    0.3232    0.3261    0.2404   0.06882   0.05499   0.07545    0.0304
    87/999     5.23G   0.04761   0.08673  0.006572    0.1409        33       640    0.3526    0.3313    0.2508   0.07157   0.05496   0.07524   0.02879
    88/999     5.23G   0.04736   0.08595  0.006505    0.1398        28       640    0.3522    0.2809    0.2342   0.06616   0.05507   0.07576   0.03193
    89/999     5.23G   0.04742   0.08711  0.006451     0.141        35       640    0.3137    0.3229    0.2335   0.06767   0.05523   0.07628   0.03201
    90/999     5.23G   0.04728   0.08687  0.006493    0.1406        40       640    0.3515    0.3168    0.2413   0.07059   0.05483   0.07567   0.03117
    91/999     5.23G   0.04734   0.08689  0.006419    0.1406        19       640    0.3099    0.3226    0.2353   0.06656   0.05503     0.076   0.03152
    92/999     5.23G   0.04709   0.08663  0.006358    0.1401        10       640    0.3265    0.3289    0.2253   0.06337   0.05495   0.07662   0.03351
    93/999     5.23G   0.04713   0.08621  0.006253    0.1396        23       640    0.3281    0.3267    0.2257   0.06247   0.05507   0.07656   0.03436
    94/999     5.23G   0.04694    0.0864  0.006289    0.1396         6       640    0.3386    0.3004    0.2342   0.06635   0.05529   0.07672   0.03418
    95/999     5.23G   0.04686    0.0861   0.00628    0.1392        14       640    0.2923    0.3317    0.2377   0.06589   0.05554   0.07678   0.03152
    96/999     5.23G   0.04685    0.0858  0.006222    0.1389        19       640     0.375    0.2854    0.2423    0.0692   0.05563   0.07644   0.03106
    97/999     5.23G   0.04665   0.08499  0.006239    0.1379        19       640    0.3356    0.2931    0.2409   0.07183   0.05537   0.07663   0.03029
    98/999     5.23G   0.04669   0.08572  0.006227    0.1386        15       640    0.3467    0.3167    0.2386   0.06832   0.05536   0.07638   0.03063
    99/999     5.23G   0.04698    0.0856  0.006119    0.1387        41       640     0.342    0.3341    0.2424   0.07007   0.05538   0.07588    0.0304
   100/999     5.23G   0.04672   0.08439  0.006122    0.1372        21       640     0.336    0.3339    0.2449   0.07024   0.05524   0.07585    0.0287
   101/999     5.23G   0.04663   0.08516  0.006063    0.1379        32       640    0.3263    0.3351    0.2453   0.07186   0.05523    0.0766   0.02788
   102/999     5.23G   0.04646   0.08546  0.005984    0.1379         7       640    0.3495    0.3347    0.2515   0.07228   0.05512   0.07746   0.02798
   103/999     5.23G   0.04652   0.08575  0.005923    0.1382        47       640    0.3455    0.3116    0.2437   0.06943   0.05526   0.07759   0.02981
   104/999     5.23G   0.04621   0.08592   0.00582    0.1379        54       640    0.3585    0.3185    0.2482   0.07101   0.05536   0.07743   0.03008
   105/999     5.23G   0.04606   0.08464  0.005838    0.1365        24       640    0.3539    0.2931     0.241   0.06857   0.05521   0.07751   0.03129
   106/999     5.23G   0.04625   0.08422  0.005908    0.1364        20       640    0.3654    0.3017    0.2394   0.06871   0.05543   0.07777   0.03125
   107/999     5.23G   0.04604   0.08415   0.00592    0.1361        16       640    0.3534    0.3032    0.2412   0.06932   0.05554   0.07798   0.03245
   108/999     5.23G   0.04602   0.08368  0.005958    0.1357        16       640    0.3622    0.3049    0.2456   0.06973   0.05535   0.07752    0.0317
   109/999     5.23G   0.04603   0.08483  0.005907    0.1368        23       640    0.3562    0.3138    0.2462     0.067   0.05546   0.07753   0.03158
   110/999     5.23G   0.04586   0.08414  0.005691    0.1357        18       640    0.3251    0.3366    0.2424   0.06672   0.05529   0.07722   0.03144
   111/999     5.23G   0.04586   0.08382  0.005802    0.1355        27       640     0.351    0.3195    0.2405   0.06712   0.05525   0.07791   0.03102
   112/999     5.23G   0.04574   0.08349  0.005668    0.1349        28       640    0.3367    0.3461    0.2403   0.06714   0.05524   0.07815    0.0309
   113/999     5.23G   0.04564   0.08399   0.00559    0.1352        41       640    0.3373    0.3345    0.2358   0.06497   0.05555   0.07847     0.032
   114/999     5.23G   0.04574   0.08317  0.005523    0.1344        27       640    0.3406    0.3374    0.2379   0.06788   0.05548   0.07852   0.03149
   115/999     5.23G   0.04545   0.08409  0.005567    0.1351        35       640    0.3378    0.3386    0.2377    0.0665   0.05552    0.0786   0.03155
   116/999     5.23G   0.04536   0.08356  0.005545    0.1345        36       640    0.3508    0.3161    0.2374   0.06759   0.05541   0.07897   0.03179
   117/999     5.23G   0.04537   0.08334  0.005609    0.1343        18       640    0.3415    0.3318    0.2368   0.06615   0.05546   0.07882   0.03197
   118/999     5.23G   0.04529    0.0827  0.005571    0.1336        22       640    0.3478    0.3162    0.2336    0.0662   0.05545   0.07887   0.03156
   119/999     5.23G   0.04525   0.08311  0.005262    0.1336        45       640    0.3418     0.335    0.2343   0.06678   0.05557   0.07939   0.03131
   120/999     5.23G   0.04525   0.08382  0.005505    0.1346        47       640    0.3475    0.3287    0.2366   0.06594   0.05556   0.07949    0.0312
   121/999     5.23G   0.04512   0.08274  0.005461    0.1333        35       640    0.3459    0.3245    0.2343   0.06503   0.05564   0.07979   0.03145
   122/999     5.23G   0.04521   0.08363   0.00537    0.1342        34       640    0.3397    0.3307    0.2326   0.06459   0.05576   0.07983   0.03172
   123/999     5.23G   0.04477   0.08261  0.005311    0.1327        18       640    0.3496    0.3253    0.2334   0.06563   0.05563   0.07984   0.03093
   124/999     5.23G   0.04497   0.08273  0.005331     0.133        25       640    0.3483    0.3275     0.234   0.06472    0.0556   0.07988   0.03075
   125/999     5.23G   0.04485   0.08209  0.005306    0.1322        34       640    0.3422    0.3351    0.2365   0.06488   0.05557   0.07992   0.03061
   126/999     5.23G   0.04482   0.08185  0.005357     0.132        56       640    0.3427    0.3326    0.2381   0.06524   0.05559   0.07969   0.03092
   127/999     5.23G   0.04479   0.08214  0.005282    0.1322        10       640    0.3645    0.3111    0.2386   0.06564   0.05565   0.07974    0.0308
   128/999     5.23G   0.04458   0.08172  0.005219    0.1315        21       640    0.3494    0.3278    0.2371    0.0638   0.05573   0.07982   0.03105
   129/999     5.23G   0.04464   0.08272   0.00521    0.1326        23       640    0.3536    0.3286    0.2359    0.0668   0.05568   0.07951    0.0304
   130/999     5.23G   0.04452   0.08169  0.005171    0.1314        20       640    0.3513    0.3261     0.237   0.06572   0.05569   0.07961   0.03076
   131/999     5.23G   0.04432   0.08167  0.005149    0.1311        37       640    0.3473    0.3253    0.2338   0.06458   0.05567   0.07986   0.03224
   132/999     5.23G   0.04461   0.08119  0.005212     0.131        15       640    0.3175    0.3464    0.2339   0.06435   0.05576   0.08033   0.03237
   133/999     5.23G   0.04435   0.08129  0.005216    0.1309        13       640    0.3293    0.3265    0.2306   0.06306   0.05584   0.08051   0.03266
   134/999     5.23G   0.04425   0.08056  0.005286    0.1301        39       640    0.2896     0.319    0.2144    0.0625   0.05591   0.08063   0.03308
   135/999     5.23G   0.04412   0.08091  0.005005      0.13        25       640    0.2968    0.3046    0.2063   0.05955   0.05604   0.08085   0.03294
   136/999     5.23G   0.04407   0.08087  0.005041      0.13        18       640    0.3299    0.3117    0.2264   0.06208    0.0561   0.08105   0.03302
   137/999     5.23G   0.04404   0.08013   0.00501    0.1292        33       640    0.3142    0.3306    0.2268   0.06392   0.05603     0.081   0.03272
   138/999     5.23G   0.04396   0.08038  0.005016    0.1294        20       640      0.31    0.3356     0.225   0.06346   0.05604   0.08113   0.03277
   139/999     5.23G   0.04395   0.08006  0.004971     0.129        29       640    0.3293    0.3085    0.2253   0.06199   0.05605   0.08089    0.0324
   140/999     5.23G   0.04389   0.08104  0.004925    0.1299        35       640    0.3187    0.3246    0.2239    0.0614   0.05606    0.0809   0.03275
   141/999     5.23G   0.04366   0.07942  0.004906     0.128        14       640    0.3256    0.3254    0.2238    0.0616   0.05613   0.08114    0.0327
   142/999     5.23G   0.04387   0.08034  0.004992    0.1292        28       640    0.3312    0.3179    0.2232    0.0614   0.05613   0.08122   0.03277
   143/999     5.23G   0.04365   0.08036  0.004903    0.1289        34       640    0.3268    0.3213    0.2232   0.06146   0.05615   0.08127   0.03299
   144/999     5.23G    0.0437   0.07984  0.004886    0.1284        17       640    0.3307    0.3177    0.2227   0.06142   0.05621   0.08134   0.03327
   145/999     5.23G   0.04354   0.07975  0.004759     0.128        56       640    0.3467    0.3049    0.2238   0.06302    0.0562   0.08135   0.03318
   146/999     5.23G    0.0435   0.07985  0.004622     0.128         9       640    0.3446    0.3064    0.2246   0.06283   0.05619   0.08146   0.03338
   147/999     5.23G   0.04347   0.07981  0.004874    0.1282        22       640    0.3462     0.306    0.2249   0.06275   0.05623   0.08164    0.0333
   148/999     5.23G   0.04346   0.07997  0.004675    0.1281        32       640    0.3191    0.3296    0.2246   0.06128   0.05623   0.08169   0.03301
   149/999     5.23G    0.0435   0.07959  0.004851    0.1279        28       640    0.3335    0.3097    0.2238   0.06033   0.05622   0.08172   0.03287
   150/999     5.23G   0.04327   0.07925  0.004895    0.1274        25       640    0.3271    0.3182    0.2229   0.06063   0.05626   0.08189   0.03295
   151/999     5.23G   0.04311   0.07939  0.004761    0.1273        63       640    0.3353    0.3141     0.222   0.06057   0.05632   0.08203   0.03287
   152/999     5.23G   0.04333   0.07958  0.004669    0.1276        63       640    0.3469    0.3054    0.2235   0.06054   0.05638    0.0822   0.03309
   153/999     5.23G   0.04306   0.07912  0.004687    0.1269        34       640     0.345     0.311    0.2242    0.0601    0.0564   0.08229   0.03328
   154/999     5.23G   0.04291   0.07783  0.004782    0.1255        12       640     0.349    0.3086    0.2242   0.06044   0.05642   0.08232   0.03325
   155/999     5.23G   0.04268    0.0788  0.004589    0.1261        26       640     0.339    0.3174    0.2243   0.06063   0.05642   0.08242   0.03304
   156/999     5.23G   0.04296   0.07796  0.004544    0.1255        20       640    0.3336    0.3234    0.2245   0.05971   0.05643   0.08251   0.03302
   157/999     5.23G   0.04284   0.07827  0.004636    0.1257        58       640    0.3364    0.3192    0.2251   0.06053   0.05643   0.08249   0.03298
   158/999     5.23G   0.04282   0.07871  0.004735    0.1263        30       640    0.3503    0.3052    0.2242   0.06041   0.05647   0.08245   0.03297
   159/999     5.23G   0.04267   0.07876  0.004645    0.1261        15       640    0.3404    0.3128     0.223   0.05997   0.05649   0.08243   0.03311
   160/999     5.23G   0.04261   0.07751  0.004499    0.1246        20       640    0.3411    0.3146    0.2229    0.0603   0.05649   0.08251   0.03318
   161/999     5.23G   0.04246   0.07793  0.004444    0.1248        62       640     0.342    0.3172    0.2223   0.05899    0.0565   0.08249   0.03331
   162/999     5.23G   0.04253   0.07843  0.004578    0.1255        12       640    0.3481    0.3088    0.2214    0.0587    0.0565   0.08246   0.03354
   163/999     5.23G   0.04245   0.07764  0.004551    0.1246        36       640    0.3434    0.3116    0.2204   0.05826   0.05651   0.08259   0.03367
   164/999     5.23G   0.04231   0.07781  0.004483    0.1246        22       640    0.3496    0.3043    0.2211   0.05844    0.0565   0.08267   0.03373
   165/999     5.23G   0.04235   0.07797  0.004389    0.1247        28       640    0.3041    0.2973    0.2018   0.05707   0.05653   0.08276   0.03368
   166/999     5.23G   0.04222   0.07646  0.004427    0.1231        43       640    0.3018     0.299    0.2087   0.05839   0.05657   0.08287   0.03381
   167/999     5.23G   0.04205   0.07774  0.004444    0.1242        29       640    0.3487    0.3075    0.2215   0.05888   0.05661   0.08302   0.03389
   168/999     5.23G   0.04216   0.07679    0.0045    0.1234        19       640    0.3624    0.2979    0.2218   0.05978   0.05664   0.08303   0.03389
   169/999     5.23G   0.04219   0.07714  0.004293    0.1236        28       640    0.3319     0.327    0.2214   0.05971   0.05666   0.08306   0.03395
   170/999     5.23G   0.04191    0.0776  0.004343    0.1239        27       640    0.3313    0.3314    0.2219   0.05912   0.05666   0.08309     0.034
   171/999     5.23G   0.04203   0.07758  0.004451    0.1241        37       640    0.3333    0.3281    0.2211   0.05982   0.05666   0.08315   0.03405
   172/999     5.23G   0.04175   0.07675  0.004362    0.1229        24       640    0.3295    0.3317    0.2207   0.05892   0.05668   0.08322   0.03414
   173/999     5.23G   0.04174   0.07746  0.004331    0.1235        31       640    0.3298    0.3315    0.2209   0.05873   0.05671   0.08328   0.03412
   174/999     5.23G   0.04171   0.07651  0.004233    0.1225        21       640    0.3293    0.3317     0.221   0.05888   0.05672   0.08334   0.03409
   175/999     5.23G   0.04181   0.07667  0.004297    0.1228        12       640    0.3295     0.332     0.221   0.06102   0.05674   0.08341   0.03407
   176/999     5.23G   0.04164   0.07695  0.004291    0.1229        28       640    0.3283    0.3321    0.2205   0.05956   0.05677   0.08346   0.03407
   177/999     5.23G   0.04173   0.07711  0.004235    0.1231        21       640    0.3261    0.3325    0.2197   0.05862   0.05679   0.08353   0.03419
   178/999     5.23G   0.04152   0.07631  0.004198     0.122        33       640    0.3304    0.3277    0.2194   0.05857   0.05681   0.08354   0.03427
   179/999     5.23G   0.04139   0.07556  0.004263    0.1212         5       640    0.2794    0.3242    0.1994   0.05651   0.05683   0.08357   0.03429
   180/999     5.23G   0.04141   0.07649  0.004274    0.1222        26       640    0.2862    0.3154    0.2063   0.05802   0.05685    0.0836   0.03426
   181/999     5.23G   0.04128   0.07584   0.00424    0.1214        31       640    0.2971    0.3041    0.1994    0.0567   0.05687   0.08367   0.03419
   182/999     5.23G   0.04135   0.07637  0.004186    0.1219        56       640    0.2958    0.3087    0.1998   0.05675   0.05688   0.08373   0.03407
   183/999     5.23G   0.04121   0.07569  0.004259    0.1212        25       640     0.304    0.3014    0.2069   0.05828    0.0569   0.08382     0.034
   184/999     5.23G   0.04113   0.07598  0.004208    0.1213        23       640    0.3084    0.2987    0.2071   0.05821   0.05691   0.08392   0.03392
   185/999     5.23G   0.04087   0.07482  0.004063    0.1198        44       640    0.3014    0.3049    0.2069   0.05835   0.05693     0.084   0.03384
   186/999     5.23G   0.04115   0.07618  0.004192    0.1215        39       640    0.3004    0.3082    0.2072   0.05825   0.05695   0.08403   0.03378
   187/999     5.23G   0.04095   0.07461  0.004183    0.1198        15       640     0.303    0.3051    0.2074   0.05831   0.05696   0.08407   0.03375
   188/999     5.23G   0.04108   0.07574  0.004141     0.121        28       640    0.3146    0.2953    0.2005   0.05683   0.05697   0.08411   0.03377
   189/999     5.23G   0.04108   0.07666  0.004102    0.1218        42       640    0.3122    0.2981     0.201   0.05692   0.05698   0.08414   0.03369
   190/999     5.23G    0.0408   0.07456  0.004088    0.1194        31       640    0.3131     0.299    0.2012   0.05705     0.057   0.08418   0.03368
   191/999     5.23G   0.04079   0.07544  0.004195    0.1204        20       640    0.3146    0.2973    0.2081   0.05846   0.05701   0.08419   0.03367
   192/999     5.23G    0.0409   0.07389   0.00395    0.1187        11       640    0.3099    0.3021    0.2083   0.05838   0.05703   0.08423    0.0337
   193/999     5.23G    0.0406   0.07529  0.004066      0.12        27       640    0.3084    0.3058    0.2016   0.05702   0.05703   0.08427   0.03374
   194/999     5.23G   0.04082   0.07501  0.004086    0.1199        31       640    0.3111    0.3026    0.2082   0.05834   0.05705   0.08429   0.03377
   195/999     5.23G   0.04053   0.07462  0.003912    0.1191        28       640    0.3114    0.3018    0.2008   0.05767   0.05706   0.08432   0.03378
   196/999     5.23G   0.04058   0.07443  0.003949     0.119        29       640    0.3126    0.2996    0.2078   0.05969   0.05706   0.08432   0.03382
   197/999     5.23G   0.04055   0.07331  0.004018    0.1179        40       640    0.3045    0.3069    0.2081   0.05842   0.05707   0.08435   0.03383
   198/999     5.23G   0.04046   0.07462  0.003962     0.119        21       640     0.305    0.3062    0.2077   0.05834   0.05708   0.08441   0.03384
   199/999     5.23G   0.04034   0.07349  0.003952    0.1178        25       640    0.3103    0.2998    0.2076    0.0597    0.0571   0.08446   0.03388
   200/999     5.23G   0.04042   0.07355  0.003936    0.1179        43       640    0.3136    0.2974    0.2004   0.05746    0.0571    0.0845   0.03395
   201/999     5.23G   0.04044   0.07427   0.00396    0.1187        45       640    0.3034    0.3076    0.2075    0.0595    0.0571   0.08453   0.03398
   202/999     5.23G   0.04029   0.07342  0.004011    0.1177        15       640    0.2979     0.315    0.2009   0.05747   0.05711   0.08459   0.03401
   203/999     5.23G   0.04013   0.07456  0.003943    0.1186        18       640    0.2985    0.3153     0.201   0.05761   0.05711   0.08463   0.03405
   204/999     5.23G   0.03997   0.07367  0.003816    0.1175        33       640     0.298    0.3163    0.2014   0.05755   0.05711   0.08466   0.03403
   205/999     5.23G   0.04017   0.07502  0.003831     0.119        14       640     0.312     0.301    0.2074   0.05947   0.05712   0.08468   0.03403
   206/999     5.23G   0.04015   0.07317  0.003914    0.1172        19       640    0.3139    0.2993    0.2007    0.0574   0.05712   0.08469   0.03408
   207/999     5.23G   0.03997   0.07322  0.003932    0.1171        26       640    0.3129    0.3002    0.2079    0.0596   0.05712   0.08471    0.0341
   208/999     5.23G   0.03999   0.07386  0.003825    0.1177        44       640    0.3125    0.2999    0.2005    0.0573   0.05712   0.08474   0.03408
   209/999     5.23G   0.04003    0.0737  0.003861    0.1176        13       640    0.3108    0.3021    0.2008   0.05746   0.05711   0.08475   0.03407
   210/999     5.23G   0.03967     0.074  0.003944    0.1176        25       640    0.2991    0.3134    0.2072   0.05941   0.05711   0.08474   0.03404
   211/999     5.23G   0.03979   0.07336  0.003821     0.117        10       640    0.2999    0.3121    0.2067   0.05921    0.0571   0.08474   0.03401
   212/999     5.23G   0.03948   0.07442  0.003787    0.1177        17       640    0.3035    0.3086     0.207   0.05938    0.0571   0.08474   0.03395
   213/999     5.23G   0.03968   0.07294  0.003904    0.1165        33       640    0.3176    0.2955    0.2071   0.05934    0.0571   0.08474   0.03391
   214/999     5.23G   0.03953   0.07319   0.00388    0.1166        18       640    0.3197    0.2954    0.2073   0.05783    0.0571   0.08475   0.03385
   215/999     5.23G   0.03951   0.07178  0.003866    0.1152        34       640    0.3197    0.2975    0.2019   0.05594    0.0571   0.08476   0.03382
   216/999     5.23G   0.03956   0.07288  0.003725    0.1162        33       640    0.3203     0.297    0.2092   0.05671    0.0571   0.08477   0.03381
   217/999     5.23G   0.03953   0.07301  0.003781    0.1163        32       640    0.3203    0.2976    0.2023   0.05608   0.05711   0.08478   0.03379
   218/999     5.23G   0.03948   0.07229  0.003815    0.1156        37       640    0.3164    0.3004    0.2026   0.05612   0.05711   0.08479   0.03376
   219/999     5.23G   0.03958   0.07403  0.003832    0.1174        63       640    0.3145    0.3017    0.2039   0.05623   0.05711    0.0848   0.03374
   220/999     5.23G    0.0392   0.07195  0.003692    0.1148        17       640    0.3183    0.2987    0.2106   0.05693   0.05712   0.08481   0.03375
   221/999     5.23G   0.03923    0.0728   0.00375    0.1158        45       640    0.3179    0.2982    0.2033    0.0562   0.05713   0.08481   0.03376
   222/999     5.23G   0.03927   0.07327  0.003689    0.1162        55       640    0.3181    0.2984    0.2029   0.05615   0.05713   0.08482   0.03379
   223/999     5.23G   0.03916    0.0718  0.003882    0.1148        53       640    0.3187    0.2972    0.2028   0.05623   0.05713   0.08482   0.03382
   224/999     5.23G   0.03899   0.07292  0.003632    0.1155        22       640    0.3182    0.2977    0.2107   0.05709   0.05714   0.08483    0.0338
   225/999     5.23G   0.03883   0.07182  0.003584    0.1142        17       640    0.3018    0.3153    0.2035   0.05643   0.05714   0.08484   0.03379
   226/999     5.23G   0.03899   0.07163  0.003735    0.1144        28       640    0.3032    0.3147    0.2111   0.05729   0.05715   0.08485   0.03377
   227/999     5.23G   0.03881   0.07116  0.003651    0.1136        17       640    0.3029    0.3159    0.2111   0.05737   0.05715   0.08486   0.03374
   228/999     5.23G   0.03915   0.07222  0.003661     0.115        18       640    0.3032    0.3162    0.2042   0.05668   0.05716   0.08488   0.03373
   229/999     5.23G   0.03902   0.07143  0.003685    0.1141        28       640    0.3032    0.3163    0.2109   0.05737   0.05717    0.0849   0.03371
   230/999     5.23G   0.03863   0.07186  0.003674    0.1142        30       640    0.3057    0.3137    0.2042   0.05674   0.05718   0.08492   0.03371
   231/999     5.23G   0.03872   0.07232  0.003693    0.1147         8       640    0.3022    0.3183    0.2113   0.05741   0.05718   0.08494   0.03372
   232/999     5.23G    0.0387   0.07145  0.003611    0.1138        24       640    0.3006    0.3207    0.2115   0.05752   0.05717   0.08496    0.0337
   233/999     5.23G   0.03867   0.07177  0.003669    0.1141        13       640    0.3056    0.3159    0.2115   0.05745   0.05717   0.08499    0.0337
   234/999     5.23G   0.03861   0.07142  0.003624    0.1137        25       640    0.2979    0.3255    0.2048   0.05683   0.05717     0.085   0.03367
   235/999     5.23G   0.03847   0.07131  0.003466    0.1132        25       640    0.2993    0.3249     0.212   0.05756   0.05718   0.08502   0.03368
   236/999     5.23G   0.03845   0.07086  0.003592    0.1129        26       640    0.3015    0.3231    0.2119   0.05751   0.05718   0.08504   0.03366
   237/999     5.23G    0.0386   0.07156  0.003586    0.1138        36       640     0.301    0.3241    0.2118   0.05751   0.05718   0.08505   0.03364
   238/999     5.23G   0.03821   0.07092  0.003389    0.1125        48       640     0.301    0.3247    0.2098   0.05739   0.05719   0.08505   0.03362
   239/999     5.23G   0.03847   0.07078  0.003562    0.1128        28       640       0.3    0.3253    0.2121   0.05754    0.0572   0.08507   0.03363
   240/999     5.23G   0.03845   0.07021  0.003521    0.1122        16       640    0.3015    0.3247    0.2121   0.05767   0.05719   0.08508   0.03361
   241/999     5.23G   0.03823   0.07052  0.003573    0.1123        34       640    0.3028    0.3236    0.2057   0.05707   0.05719   0.08509   0.03362
   242/999     5.23G   0.03831   0.07163  0.003456    0.1134        59       640    0.2995     0.328    0.2128   0.05776   0.05719    0.0851   0.03361
   243/999     5.23G   0.03821   0.07023  0.003635    0.1121        20       640    0.3025    0.3253    0.2127   0.05769    0.0572   0.08511   0.03363
   244/999     5.23G   0.03805   0.07022   0.00356    0.1118        27       640       0.3    0.3282    0.2137   0.05786   0.05719   0.08512   0.03363
   245/999     5.23G   0.03827   0.07026  0.003628    0.1122        25       640       0.3    0.3292    0.2054   0.05695   0.05719   0.08513   0.03364
   246/999     5.23G   0.03801   0.07018  0.003509    0.1117        56       640    0.3014    0.3296     0.206   0.05711   0.05719   0.08515   0.03365
   247/999     5.23G   0.03793   0.06996  0.003651    0.1115        23       640    0.3018    0.3302    0.2059   0.05713   0.05719   0.08516   0.03366
   248/999     5.23G   0.03808   0.07041   0.00356    0.1121        12       640    0.3013     0.331    0.2125   0.05781   0.05719   0.08517   0.03365
   249/999     5.23G    0.0377   0.07023  0.003453    0.1114        40       640    0.3008     0.332    0.2056   0.05708   0.05719   0.08518   0.03363
   250/999     5.23G   0.03785   0.07056    0.0035    0.1119        29       640    0.2978    0.3337    0.2127   0.05788   0.05719   0.08519   0.03362
   251/999     5.23G   0.03769   0.07078  0.003356    0.1118        42       640    0.2987    0.3328    0.2127   0.05807   0.05719    0.0852   0.03359
   252/999     5.23G   0.03765   0.07051  0.003421    0.1116        23       640    0.2985    0.3343    0.2138   0.05819   0.05718   0.08521    0.0336
   253/999     5.23G   0.03772   0.07016  0.003362    0.1112        26       640    0.2968    0.3363    0.2141   0.05841   0.05718   0.08521   0.03359
   254/999     5.23G   0.03749   0.06972   0.00332    0.1105        34       640     0.296    0.3378    0.2071   0.05767   0.05718   0.08522    0.0336
   255/999     5.23G    0.0375   0.06952  0.003412    0.1104        31       640    0.2949    0.3395    0.2143   0.05846   0.05718   0.08522   0.03358
   256/999     5.23G   0.03765   0.07054  0.003413    0.1116        32       640    0.2933    0.3417    0.2077   0.05786   0.05718   0.08524   0.03355
   257/999     5.23G   0.03766   0.06963   0.00346    0.1107        19       640    0.2919    0.3444    0.2074   0.05788   0.05718   0.08525   0.03353
   258/999     5.23G   0.03734   0.07018  0.003362    0.1109        20       640    0.2929    0.3442    0.2155   0.05892   0.05718   0.08527   0.03352
   259/999     5.23G   0.03727   0.06877  0.003301    0.1093        30       640    0.2929    0.3448    0.2084   0.05818   0.05718   0.08528   0.03351
   260/999     5.23G   0.03744   0.06947  0.003362    0.1103        22       640    0.2927    0.3447    0.2149   0.05888   0.05718   0.08529    0.0335
   261/999     5.23G   0.03731   0.06893  0.003337    0.1096        20       640    0.2918    0.3466    0.2084   0.05825   0.05718   0.08531   0.03347
   262/999     5.23G   0.03719   0.06905   0.00339    0.1096        40       640    0.2904    0.3473    0.2085   0.05829   0.05718   0.08532   0.03345
   263/999     5.23G   0.03732   0.06968  0.003353    0.1104        14       640    0.2893    0.3478    0.2157   0.05906   0.05718   0.08534   0.03343
   264/999     5.23G   0.03741   0.06945  0.003418    0.1103        27       640    0.2889    0.3492    0.2157   0.05905   0.05718   0.08536   0.03342
   265/999     5.23G     0.037   0.06936  0.003338    0.1097        34       640    0.2891    0.3491    0.2085   0.05835   0.05718   0.08537   0.03341
   266/999     5.23G   0.03707   0.06865   0.00332     0.109        33       640     0.289    0.3487    0.2166   0.05931   0.05718   0.08538   0.03341
   267/999     5.23G   0.03713   0.06995  0.003266    0.1103        57       640    0.2895     0.349      0.21   0.05853   0.05718   0.08539    0.0334
   268/999     5.23G   0.03712    0.0692   0.00335    0.1097        56       640    0.2898    0.3487    0.2106   0.05875   0.05718   0.08541   0.03337
   269/999     5.23G   0.03712   0.06978  0.003348    0.1102        33       640    0.2861    0.3528    0.2107   0.05884   0.05718   0.08542   0.03337
   270/999     5.23G   0.03689   0.06924  0.003414    0.1095        25       640    0.2888    0.3507    0.2163   0.05934   0.05718   0.08542   0.03338
   271/999     5.23G   0.03689   0.06845  0.003315    0.1087        39       640    0.2883    0.3509     0.209   0.05864   0.05718   0.08544   0.03337
   272/999     5.23G   0.03678   0.06931  0.003315    0.1094        49       640    0.2896    0.3487    0.2162   0.05943   0.05718   0.08546   0.03336
   273/999     5.23G   0.03686   0.06873  0.003248    0.1088        22       640    0.2903    0.3478    0.2091    0.0587   0.05719   0.08547   0.03337
   274/999     5.23G   0.03658   0.06835  0.003262    0.1082        36       640    0.2911    0.3467    0.2093   0.05871   0.05719   0.08548   0.03338
   275/999     5.23G   0.03684   0.06873  0.003297    0.1089        17       640    0.2918    0.3454    0.2165   0.05942   0.05719    0.0855   0.03338
   276/999     5.23G   0.03673   0.06896  0.003244    0.1089        21       640    0.2894    0.3486    0.2168   0.05956   0.05719   0.08553   0.03338
   277/999     5.23G   0.03666   0.06835  0.003314    0.1083        17       640    0.2919     0.345    0.2095    0.0588   0.05719   0.08555   0.03335
   278/999     5.23G   0.03682   0.06825  0.003263    0.1083        33       640    0.2918    0.3446    0.2167   0.05958   0.05719   0.08557   0.03336
   279/999     5.23G   0.03631   0.06775  0.003167    0.1072        39       640    0.2928    0.3432    0.2174   0.05971   0.05719   0.08558   0.03334
   280/999     5.23G   0.03642   0.06837  0.003291    0.1081        26       640    0.2932    0.3419    0.2172   0.05966   0.05719    0.0856   0.03334
   281/999     5.23G   0.03652    0.0682  0.003219    0.1079        17       640    0.2934    0.3426    0.2115   0.05914   0.05719   0.08563   0.03333
   282/999     5.23G    0.0365   0.06872   0.00334    0.1086        45       640    0.2923     0.343     0.217   0.05966   0.05719   0.08565   0.03331
   283/999     5.23G   0.03659   0.06794  0.003267    0.1078        39       640    0.2939    0.3426    0.2099   0.05893   0.05719   0.08565   0.03328
   284/999     5.23G   0.03639   0.06787  0.003253    0.1075        24       640    0.2932    0.3431    0.2174   0.05955   0.05719   0.08567   0.03326
   285/999     5.23G    0.0363   0.06808  0.003161    0.1075        25       640    0.2926    0.3445    0.2183   0.05971   0.05719   0.08569   0.03325
   286/999     5.23G   0.03637   0.06826  0.003211    0.1078        28       640    0.2926    0.3445    0.2179   0.05965   0.05719    0.0857   0.03323
   287/999     5.23G   0.03636   0.06734   0.00327     0.107        20       640    0.2934    0.3444    0.2114     0.059    0.0572   0.08572   0.03322
   288/999     5.23G   0.03624   0.06794   0.00326    0.1074        30       640    0.2933    0.3459    0.2112   0.05898    0.0572   0.08574    0.0332
   289/999     5.23G    0.0362   0.06693  0.003195    0.1063        15       640    0.2924    0.3467    0.2178   0.05968    0.0572   0.08575   0.03321
   290/999     5.23G   0.03607   0.06746  0.003197    0.1067        13       640    0.2935    0.3454    0.2188   0.05976   0.05721   0.08577   0.03322
   291/999     5.23G   0.03595   0.06737  0.003246    0.1066        30       640     0.292    0.3475    0.2115   0.05904   0.05721   0.08579   0.03323
   292/999     5.23G    0.0361   0.06739  0.003153    0.1066        27       640    0.2903    0.3495    0.2114   0.05926   0.05722    0.0858   0.03323
   293/999     5.23G   0.03604   0.06723   0.00322    0.1065        37       640      0.29    0.3502    0.2116   0.05927   0.05722   0.08582   0.03325
   294/999     5.23G    0.0359   0.06676   0.00314    0.1058        11       640     0.289    0.3507    0.2184   0.05997   0.05722   0.08585   0.03325
   295/999     5.23G   0.03585   0.06753  0.003171    0.1066        26       640    0.2884    0.3523    0.2194   0.06014   0.05722   0.08587   0.03324
   296/999     5.23G   0.03586    0.0675  0.003246    0.1066        26       640    0.2886    0.3527    0.2193   0.06014   0.05722   0.08589   0.03324
   297/999     5.23G   0.03595    0.0675  0.003189    0.1066        28       640    0.2879     0.354    0.2187   0.06012   0.05723   0.08591   0.03324
   298/999     5.23G   0.03576   0.06725  0.003211    0.1062        13       640    0.2869    0.3545    0.2119   0.05945   0.05723   0.08592   0.03322
   299/999     5.23G   0.03597   0.06758  0.003123    0.1067        37       640    0.2862    0.3555     0.219   0.06023   0.05723   0.08594    0.0332
   300/999     5.23G   0.03589   0.06742  0.003146    0.1065        32       640    0.2851    0.3565    0.2125   0.05966   0.05724   0.08595   0.03317
   301/999     5.23G   0.03566   0.06707  0.003128    0.1059        30       640    0.2851    0.3571    0.2122   0.05962   0.05725   0.08597   0.03316
   302/999     5.23G    0.0357   0.06816  0.003093     0.107        10       640    0.2857     0.356    0.2127   0.05962   0.05725   0.08599   0.03317
   303/999     5.23G   0.03556   0.06673  0.003095    0.1054        14       640    0.2847    0.3575    0.2193   0.06034   0.05726   0.08602   0.03316
   304/999     5.23G   0.03542   0.06622  0.003239    0.1049        23       640     0.286    0.3568    0.2125    0.0597   0.05726   0.08606   0.03317
   305/999     5.23G   0.03577   0.06707  0.003047    0.1059        22       640    0.2856    0.3579    0.2126   0.05978   0.05727   0.08609   0.03317
   306/999     5.23G   0.03547    0.0665  0.003146    0.1051        12       640    0.2845    0.3592    0.2203   0.06052   0.05727   0.08611   0.03315
   307/999     5.23G   0.03553   0.06612  0.003028    0.1047        36       640    0.2871    0.3557    0.2129    0.0597   0.05727   0.08612   0.03315
   308/999     5.23G   0.03541    0.0669  0.003096    0.1054        32       640    0.2856    0.3595    0.2136   0.05987   0.05728   0.08616   0.03316
   309/999     5.23G   0.03526   0.06617  0.002983    0.1044        26       640    0.2853    0.3596    0.2136   0.05989   0.05728   0.08619   0.03317
   310/999     5.23G   0.03521   0.06543  0.003066    0.1037        25       640     0.285    0.3603    0.2202   0.06056   0.05729   0.08621   0.03318
   311/999     5.23G   0.03547   0.06735  0.003138     0.106        43       640    0.2843    0.3614    0.2135    0.0599   0.05729   0.08625   0.03317
   312/999     5.23G   0.03519   0.06624  0.003075    0.1045        56       640    0.2819    0.3655    0.2201   0.06054   0.05729   0.08628   0.03316
   313/999     5.23G   0.03522   0.06634   0.00301    0.1046        30       640    0.2812    0.3665    0.2202   0.06054   0.05729   0.08632   0.03315
   314/999     5.23G   0.03525   0.06619   0.00307    0.1045        12       640     0.281    0.3672    0.2206   0.06058   0.05729   0.08634   0.03315
   315/999     5.23G   0.03522   0.06578  0.003124    0.1041        12       640    0.2812    0.3669    0.2201   0.06056   0.05729   0.08637   0.03315
   316/999     5.23G   0.03506   0.06662  0.002994    0.1047        37       640    0.2803    0.3685    0.2207   0.06062   0.05729   0.08639   0.03314
   317/999     5.23G     0.035   0.06603  0.003087    0.1041        15       640    0.2803    0.3692    0.2198   0.06052    0.0573   0.08642   0.03316
   318/999     5.23G   0.03512   0.06537  0.003065    0.1036        27       640    0.2778    0.3719      0.22   0.06051    0.0573   0.08645   0.03317
   319/999     5.23G   0.03504   0.06616  0.003003    0.1042        34       640    0.2786    0.3722    0.2197   0.06054   0.05731   0.08648   0.03319
   320/999     5.23G   0.03507   0.06528  0.003076    0.1034        21       640    0.2764    0.3754    0.2197    0.0606   0.05731   0.08651   0.03317
   321/999     5.23G   0.03485   0.06524  0.003097    0.1032        38       640    0.2762    0.3763    0.2204   0.06072   0.05732   0.08654   0.03316
   322/999     5.23G   0.03489   0.06603  0.003072     0.104        46       640    0.2745    0.3774    0.2126    0.0599   0.05732   0.08657   0.03316
   323/999     5.23G   0.03467   0.06584  0.003047    0.1036        45       640    0.2742    0.3777    0.2196   0.06063   0.05733   0.08661   0.03318
   324/999     5.23G   0.03487   0.06533  0.003048    0.1032        20       640    0.2725    0.3809    0.2133   0.06007   0.05733   0.08665   0.03317
   325/999     5.23G   0.03467   0.06557  0.002956    0.1032        32       640     0.271    0.3821    0.2194   0.06064   0.05734   0.08668   0.03317
   326/999     5.23G   0.03451   0.06561  0.003084    0.1032        39       640    0.2703    0.3831    0.2198   0.06071   0.05734   0.08671   0.03317
   327/999     5.23G   0.03479   0.06528  0.003035    0.1031        25       640    0.2692    0.3848    0.2198   0.06068   0.05735   0.08674   0.03318
   328/999     5.23G   0.03452   0.06539  0.003017    0.1029        34       640    0.2679    0.3866    0.2126   0.06003   0.05736   0.08678   0.03319
   329/999     5.23G   0.03472   0.06559  0.002938    0.1032        31       640    0.2681    0.3865     0.213   0.06006   0.05736    0.0868   0.03319
   330/999     5.23G   0.03456   0.06548  0.002889    0.1029        48       640    0.2675    0.3874    0.2129   0.06007   0.05736   0.08682   0.03318
   331/999     5.23G   0.03432   0.06599  0.002894    0.1032        15       640    0.2669    0.3885    0.2131   0.06013   0.05736   0.08684   0.03317
   332/999     5.23G   0.03451   0.06603  0.002924    0.1035        43       640    0.2676    0.3881     0.213   0.06012   0.05737   0.08687   0.03318
   333/999     5.23G   0.03435   0.06605  0.002888    0.1033        20       640     0.266    0.3901    0.2201   0.06062   0.05738    0.0869   0.03319
   334/999     5.23G    0.0344   0.06449  0.002935    0.1018        28       640    0.2653    0.3908      0.22   0.06081   0.05738   0.08693   0.03322
   335/999     5.23G   0.03446   0.06564  0.002965    0.1031        61       640    0.2653    0.3905    0.2133   0.06004   0.05739   0.08696   0.03323
   336/999     5.23G   0.03426    0.0656  0.002978    0.1028        35       640    0.2643    0.3908    0.2128   0.05998    0.0574     0.087   0.03323
   337/999     5.23G   0.03448    0.0651  0.002883    0.1025        65       640    0.2638     0.392    0.2201   0.06077    0.0574   0.08703   0.03324
   338/999     5.23G   0.03444    0.0652  0.002997    0.1026        26       640    0.2643     0.392    0.2132    0.0599   0.05741   0.08707   0.03324
   339/999     5.23G   0.03424   0.06491  0.002935    0.1021         5       640    0.2632    0.3925    0.2198   0.06076   0.05741   0.08711   0.03322
   340/999     5.23G   0.03418   0.06524  0.002817    0.1022        31       640    0.2622    0.3923    0.2195    0.0607   0.05742   0.08715   0.03322
   341/999     5.23G   0.03406   0.06495    0.0029    0.1019        45       640    0.2606    0.3956    0.2124   0.05999   0.05743    0.0872   0.03321
   342/999     5.23G   0.03396   0.06472  0.002912    0.1016        34       640    0.2604    0.3969    0.2192   0.06059   0.05744   0.08724   0.03323
   343/999     5.23G    0.0343   0.06378  0.002995    0.1011        11       640    0.2589     0.397     0.212   0.05987   0.05744   0.08729   0.03324
   344/999     5.23G   0.03404   0.06424  0.002921    0.1012        25       640    0.2591    0.3965     0.212   0.05989   0.05745   0.08734   0.03325
   345/999     5.23G   0.03409   0.06439  0.002934    0.1014        26       640    0.2597    0.3957     0.212   0.05991   0.05746   0.08737   0.03324
   346/999     5.23G   0.03395   0.06404  0.002822    0.1008        16       640    0.2588    0.3963    0.2122   0.05999   0.05747   0.08742   0.03323
   347/999     5.23G    0.0341   0.06393  0.002927     0.101        19       640    0.2592    0.3964    0.2118   0.06001   0.05747   0.08746   0.03322
   348/999     5.23G   0.03394   0.06429  0.002853    0.1011        44       640    0.2576    0.3974    0.2188   0.06069   0.05748   0.08751   0.03322
   349/999     5.23G   0.03381   0.06425  0.002902     0.101        23       640    0.2583    0.3979    0.2189   0.06075   0.05748   0.08755   0.03323
   350/999     5.23G   0.03382   0.06396  0.002886    0.1007        22       640    0.2597    0.3954    0.2127   0.06021   0.05749   0.08759   0.03321
   351/999     5.23G    0.0337   0.06428  0.002893    0.1009        18       640    0.2578    0.3977    0.2191   0.06089   0.05749   0.08763   0.03321
   352/999     5.23G   0.03374   0.06399  0.002939    0.1007        43       640    0.2562    0.3983    0.2121   0.06016   0.05749   0.08766   0.03322
   353/999     5.23G   0.03367   0.06432  0.002858    0.1009        29       640    0.2577     0.396    0.2122   0.06019   0.05749    0.0877   0.03321
   354/999     5.23G   0.03372   0.06344  0.002935    0.1001        30       640    0.2565    0.3965    0.2125   0.06022    0.0575   0.08774    0.0332
   355/999     5.23G    0.0337    0.0641  0.002843    0.1006        48       640     0.257    0.3972    0.2199   0.06093    0.0575   0.08777   0.03317
   356/999     5.23G   0.03371   0.06372  0.003012    0.1004        22       640    0.2573    0.3971    0.2138   0.06036   0.05751   0.08781   0.03317
   357/999     5.23G   0.03355   0.06426  0.002798    0.1006        19       640    0.2576    0.3965    0.2203   0.06097   0.05751   0.08785   0.03317
   358/999     5.23G   0.03368   0.06441  0.002849    0.1009        24       640    0.2569    0.3982    0.2204   0.06102   0.05752   0.08789   0.03317
   359/999     5.23G    0.0334   0.06392  0.002907    0.1002        52       640    0.2558    0.3988    0.2203   0.06102   0.05753   0.08793   0.03318
   360/999     5.23G   0.03349   0.06354  0.002882   0.09991        17       640    0.2538    0.4013    0.2207   0.06102   0.05754   0.08796   0.03318
   361/999     5.23G   0.03336   0.06328  0.002891   0.09953        44       640    0.2531    0.4027    0.2203   0.06091   0.05755   0.08801   0.03317
   362/999     5.23G   0.03359   0.06333  0.002927   0.09985        48       640    0.2531    0.4022    0.2127   0.06014   0.05755   0.08805   0.03315
   363/999     5.23G   0.03349   0.06275  0.002828   0.09907        18       640     0.253    0.4018    0.2146   0.06043   0.05756   0.08807   0.03316
   364/999     5.23G   0.03343   0.06329  0.002738   0.09945        19       640    0.2536    0.4014    0.2137   0.06023   0.05756   0.08812   0.03317
   365/999     5.23G   0.03339   0.06315  0.002925   0.09947        15       640     0.254    0.4009    0.2144   0.06025   0.05757   0.08818   0.03317
   366/999     5.23G   0.03325   0.06315  0.002769   0.09917        27       640    0.2522    0.4019    0.2142   0.06026   0.05758   0.08822   0.03319
   367/999     5.23G   0.03345   0.06378    0.0029    0.1001        19       640    0.2514    0.4029    0.2212   0.06093   0.05759   0.08826   0.03319
   368/999     5.23G   0.03318   0.06291  0.002881   0.09897        14       640      0.38    0.2972    0.2142   0.06019    0.0576   0.08831    0.0332
   369/999     5.23G   0.03315   0.06357  0.002802   0.09952        37       640    0.3798    0.2973    0.2212   0.06098   0.05761   0.08835    0.0332
   370/999     5.23G   0.03317    0.0633  0.002733    0.0992        22       640    0.3801    0.2969    0.2158   0.06049   0.05761    0.0884   0.03319
   371/999     5.23G   0.03323   0.06323  0.002919   0.09938        15       640    0.3794    0.2989    0.2231   0.06116   0.05762   0.08845   0.03321
   372/999     5.23G   0.03315   0.06262  0.002729    0.0985        33       640    0.3776    0.3009    0.2226   0.06114   0.05763   0.08849    0.0332
   373/999     5.23G   0.03317   0.06305  0.002715   0.09893        18       640    0.3749    0.3041    0.2155   0.06044   0.05764   0.08854   0.03323
   374/999     5.23G   0.03308   0.06276  0.002708   0.09855        10       640    0.3747    0.3044    0.2145   0.06022   0.05765   0.08859   0.03326
   375/999     5.23G   0.03303   0.06284  0.002732    0.0986        15       640    0.3746     0.304    0.2214   0.06094   0.05766   0.08864   0.03327
   376/999     5.23G   0.03297   0.06203  0.002835   0.09783        21       640    0.3747    0.3035    0.2204   0.06081   0.05766   0.08868   0.03328
   377/999     5.23G   0.03284    0.0625  0.002723   0.09806        38       640    0.3738    0.3044    0.2213   0.06089   0.05767   0.08873   0.03329
   378/999     5.23G   0.03297   0.06284  0.002811   0.09862        43       640    0.3738    0.3056    0.2144   0.06015   0.05767   0.08879   0.03329
   379/999     5.23G   0.03305     0.063  0.002843    0.0989        28       640     0.374    0.3049    0.2225   0.06107   0.05768   0.08883   0.03329
   380/999     5.23G   0.03278   0.06288   0.00271   0.09837        47       640    0.3738    0.3052    0.2158   0.06028   0.05768   0.08889   0.03329
   381/999     5.23G   0.03274   0.06298  0.002723   0.09844        59       640    0.3724    0.3073    0.2141   0.05995   0.05769   0.08893   0.03329
   382/999     5.23G   0.03282   0.06273  0.002702   0.09825        16       640    0.3699    0.3109    0.2142   0.05989    0.0577   0.08897   0.03329
   383/999     5.23G   0.03263   0.06313  0.002893   0.09865        13       640    0.3711    0.3091    0.2153   0.06018    0.0577   0.08902   0.03328
   384/999     5.23G   0.03267    0.0634  0.002737   0.09881        48       640    0.3735    0.3054    0.2208   0.06064   0.05771   0.08907   0.03329
   385/999     5.23G   0.03256   0.06231  0.002666   0.09754        15       640     0.373    0.3065    0.2213   0.06075   0.05771   0.08913   0.03329
   386/999     5.23G   0.03262   0.06241  0.002753   0.09779        22       640    0.3733    0.3067    0.2213   0.06067   0.05772   0.08919   0.03329
   387/999     5.23G   0.03275   0.06256  0.002797    0.0981        38       640    0.3727    0.3074    0.2145   0.06004   0.05773   0.08925   0.03331
   388/999     5.23G   0.03274   0.06202  0.002766   0.09753        21       640    0.3842    0.2924     0.225   0.06126   0.05773    0.0893   0.03333
   389/999     5.23G    0.0325   0.06244  0.002671   0.09761        21       640    0.3839    0.2929    0.2156   0.06018   0.05774   0.08935   0.03335
   390/999     5.23G   0.03269   0.06195  0.002783   0.09742        39       640    0.3835    0.2935    0.2247   0.06117   0.05775   0.08941   0.03336
   391/999     5.23G   0.03246   0.06284  0.002705     0.098        28       640    0.3825    0.2945    0.2224    0.0608   0.05775   0.08946   0.03336
   392/999     5.23G   0.03237   0.06273  0.002643   0.09774        25       640    0.3835    0.2941    0.2154   0.06013   0.05776   0.08953   0.03336
   393/999     5.23G   0.03251   0.06165  0.002748   0.09691        15       640    0.3831    0.2933     0.222   0.06073   0.05777   0.08958   0.03338
   394/999     5.23G   0.03263   0.06163  0.002698   0.09696        23       640    0.3835    0.2927    0.2091   0.05983   0.05778   0.08964    0.0334
   395/999     5.23G   0.03233   0.06245  0.002597   0.09738        51       640    0.3834    0.2928    0.2091   0.05988   0.05779    0.0897    0.0334
   396/999     5.23G   0.03237   0.06112  0.002709   0.09619        10       640    0.3816    0.2952    0.2161    0.0612    0.0578   0.08976   0.03341
   397/999     5.23G   0.03251   0.06248  0.002726   0.09771        13       640    0.3812    0.2958    0.2159   0.06117   0.05781    0.0898   0.03344
   398/999     5.23G   0.03245   0.06159  0.002785   0.09682        27       640    0.3804    0.2962    0.2156    0.0611   0.05782   0.08984   0.03344
   399/999     5.23G   0.03228   0.06174  0.002747   0.09676        13       640    0.3681    0.3126    0.2084   0.05967   0.05783   0.08989   0.03346
   400/999     5.23G   0.03215   0.06079  0.002688   0.09563        30       640    0.3695    0.3107    0.2152   0.06103   0.05784   0.08994   0.03347
   401/999     5.23G   0.03222    0.0614  0.002662   0.09627        36       640    0.3699    0.3107    0.2082   0.05958   0.05784   0.08999   0.03348
   402/999     5.23G   0.03228   0.06191  0.002862   0.09705        13       640    0.3664    0.3135    0.2148   0.06092   0.05785   0.09004   0.03349
   403/999     5.23G   0.03251     0.062  0.002809   0.09732        46       640     0.368    0.3126    0.2148   0.06091   0.05786   0.09009   0.03351
   404/999     5.23G   0.03199   0.06183  0.002631   0.09644        14       640    0.3665    0.3129    0.2074   0.05934   0.05787   0.09015   0.03352
   405/999     5.23G   0.03205   0.06079  0.002717   0.09556        26       640    0.3659     0.314    0.2142   0.06078   0.05788   0.09021   0.03353
   406/999     5.23G   0.03202   0.06172  0.002662   0.09641        17       640    0.3642    0.3167    0.2142   0.06065   0.05789   0.09027   0.03354
   407/999     5.23G   0.03205   0.06191  0.002509   0.09647        14       640     0.364    0.3172    0.2141   0.06066    0.0579   0.09033   0.03354
   408/999     5.23G   0.03204   0.06151  0.002724   0.09628        14       640    0.3691    0.3089    0.2071   0.05924   0.05791   0.09039   0.03356
   409/999     5.23G   0.03196     0.062  0.002628   0.09659        14       640     0.372    0.3048    0.2142   0.06061   0.05792   0.09044   0.03357
   410/999     5.23G   0.03202   0.06212  0.002627   0.09676        19       640    0.3776    0.2972     0.214   0.05921   0.05792   0.09049   0.03359
   411/999     5.23G   0.03193   0.06143  0.002561   0.09591        32       640    0.3743    0.3008     0.207   0.05846   0.05793   0.09054   0.03358
   412/999     5.23G   0.03169   0.06156  0.002618   0.09586        28       640    0.3788    0.2947    0.2068   0.05844   0.05794    0.0906   0.03358
   413/999     5.23G   0.03186   0.06122  0.002641   0.09572        26       640    0.3741    0.3018    0.2136   0.05906   0.05795   0.09066   0.03358
   414/999     5.23G   0.03175   0.06111  0.002611   0.09547        20       640    0.3737    0.3018    0.2065   0.05827   0.05795   0.09071   0.03358
   415/999     5.23G   0.03168   0.06133  0.002481   0.09549        26       640    0.3825    0.2906    0.2063   0.05826   0.05796   0.09076   0.03358
   416/999     5.23G   0.03162   0.06093   0.00262   0.09517        20       640    0.3821    0.2908    0.2132   0.05903   0.05797   0.09081   0.03358
   417/999     5.23G   0.03175   0.06091  0.002708   0.09537         9       640    0.3627    0.3177    0.2063   0.05828   0.05798   0.09085   0.03356
   418/999     5.23G   0.03159   0.06083  0.002623   0.09505        33       640    0.3627    0.3181    0.2131   0.05894   0.05799    0.0909   0.03357
   419/999     5.23G   0.03164   0.06075  0.002699   0.09509        25       640    0.3762    0.2979    0.2062   0.05823     0.058   0.09097   0.03356
   420/999     5.23G   0.03178    0.0611  0.002698   0.09557        17       640    0.3764    0.2977     0.213    0.0589   0.05801     0.091   0.03355
   421/999     5.23G   0.03168   0.06096  0.002573   0.09521        27       640    0.3771     0.296    0.2057   0.05813   0.05802   0.09106   0.03356
   422/999     5.23G   0.03158   0.06174  0.002592   0.09591        39       640    0.3809    0.2919    0.2059   0.05814   0.05803    0.0911   0.03357
   423/999     5.23G   0.03141   0.06031  0.002648   0.09436         6       640    0.3685     0.309     0.206   0.05808   0.05804   0.09115   0.03359
   424/999     5.23G   0.03164   0.06033  0.002555   0.09453        29       640    0.3689    0.3089     0.213   0.05887   0.05804    0.0912   0.03359
   425/999     5.23G   0.03159   0.06049  0.002536   0.09462        19       640    0.3689    0.3088    0.2058   0.05806   0.05805   0.09124   0.03359
